Date,RS3,OSRS,Total
1606815937000,22892,64880,87772
1606816237000,22866,64955,87821
1606816537000,22901,64884,87785
1606816837000,22932,64518,87450
1606817137000,22936,64535,87471
1606817437000,22893,64607,87500
1606817737000,22979,64691,87670
1606818037000,23118,64991,88109
1606818336000,23126,64962,88088
1606818637000,22701,65123,87824
1606818937000,22182,65179,87361
1606819237000,22316,65305,87621
1606819537000,22443,65181,87624
1606819837000,22578,65498,88076
1606820137000,22564,65558,88122
1606820437000,22635,65599,88234
1606820737000,22741,65764,88505
1606821037000,22910,65801,88711
1606821355000,23034,66372,89406
1606821384000,23019,66398,89417
1606821422000,22994,66493,89487
1606821448000,23017,66503,89520
1606821569000,23083,66590,89673
1606821677000,23098,66747,89845
1606821936000,23180,66801,89981
1606822237000,23303,66861,90164
1606822266000,23319,66946,90265
1606822537000,23290,67144,90434
1606822837000,23533,67737,91270
1606823137000,23498,68378,91876
1606823437000,23833,68573,92406
1606823737000,23943,68830,92773
1606824037000,23996,69078,93074
1606824337000,24081,69517,93598
1606824636000,24243,69835,94078
1606824937000,24442,70257,94699
1606825236000,24622,70900,95522
1606825537000,24831,71400,96231
1606825837000,24979,72131,97110
1606826137000,25235,72650,97885
1606826437000,25347,73402,98749
1606826737000,25452,74028,99480
1606827037000,25595,74863,100458
1606827337000,25891,75311,101202
1606827637000,26063,75624,101687
1606827937000,26242,76416,102658
1606828237000,26419,77185,103604
1606828537000,26577,77894,104471
1606828839000,26765,78646,105411
1606829137000,27080,79920,107000
1606829437000,27247,80439,107686
1606829737000,27510,81060,108570
1606830037000,27782,82110,109892
1606830337000,28068,83177,111245
1606830637000,28449,83755,112204
1606830937000,28686,84239,112925
1606831237000,28868,84743,113611
1606831537000,29129,85698,114827
1606831837000,29434,86439,115873
1606832137000,29526,87092,116618
1606832437000,29815,88042,117857
1606832737000,30088,89553,119641
1606833037000,30327,89983,120310
1606833337000,30585,90923,121508
1606833908000,30994,92606,123600
1606833937000,30929,92660,123589
1606834237000,31282,93410,124692
1606834537000,31433,94034,125467
1606834837000,31754,94662,126416
1606835137000,32189,95852,128041
1606835437000,32591,96664,129255
1606835737000,32929,97468,130397
1606836037000,33312,98178,131490
1606836637000,33902,99058,132960
1606836745000,33986,99504,133490
1606836937000,34200,99905,134105
1606837707000,34788,98920,133708
1606837982000,35083,99104,134187
1606838137000,35171,99518,134689
1606839131000,34761,100650,135411
1606839134000,34766,100643,135409
1606839141000,34749,100663,135412
1606839361000,34840,100439,135279
1606839637000,35141,100382,135523
1606839937000,35305,100768,136073
1606840537000,35691,101129,136820
1606840706000,35853,101451,137304
1606840837000,35846,101728,137574
1606840894000,35923,101773,137696
1606841143000,36047,102085,138132
1606841437000,36256,102453,138709
1606841739000,36316,102832,139148
1606842037000,36416,103330,139746
1606842337000,36540,103493,140033
1606842637000,36703,104050,140753
1606842937000,36768,104346,141114
1606843237000,37041,105313,142354
1606843537000,37181,105745,142926
1606843837000,37299,105870,143169
1606844137000,37452,106455,143907
1606844437000,37581,107166,144747
1606844737000,37701,107797,145498
1606845037000,37917,107684,145601
1606845337000,38008,108779,146787
1606845637000,37999,109451,147450
1606845937000,38220,110059,148279
1606846237000,38445,110652,149097
1606846537000,38726,111436,150162
1606846836000,38946,112046,150992
1606847141000,39145,112237,151382
1606847544000,39355,113217,152572
1606847737000,39419,113646,153065
1606848037000,39616,114305,153921
1606848454000,38437,114932,153369
1606848637000,38450,115398,153848
1606848937000,38720,115858,154578
1606849989000,39341,117563,156904
1606849994000,39382,117497,156879
1606850381000,39503,117889,157392
1606850437000,39340,118065,157405
1606850594000,39687,118020,157707
1606850737000,39905,118068,157973
1606851037000,40967,117953,158920
1606851337000,40996,118371,159367
1606851637000,41186,118986,160172
1606851937000,41351,118644,159995
1606852237000,41473,119398,160871
1606852537000,41707,119377,161084
1606852837000,41683,119498,161181
1606853137000,41740,119615,161355
1606853436000,41706,119736,161442
1606853737000,41678,119652,161330
1606854135000,41637,120206,161843
1606854337000,41618,120146,161764
1606854637000,41621,120095,161716
1606854942000,41638,120413,162051
1606855237000,41644,120288,161932
1606855537000,41487,120030,161517
1606855838000,41488,120361,161849
1606856136000,41387,120305,161692
1606856581000,41248,119628,160876
1606856996000,41012,119441,160453
1606857191000,41053,119470,160523
1606857337000,40927,119063,159990
1606857637000,40847,119120,159967
1606857937000,41015,119433,160448
1606858236000,40917,119034,159951
1606858537000,40830,119051,159881
1606858837000,40747,118790,159537
1606859136000,40744,118453,159197
1606859437000,40582,118075,158657
1606859737000,40501,117505,158006
1606860037000,40274,117006,157280
1606860337000,40216,116279,156495
1606860637000,40031,115965,155996
1606860937000,39932,115946,155878
1606861237000,39770,115751,155521
1606861537000,39666,115108,154774
1606861837000,39493,114636,154129
1606862137000,39533,114176,153709
1606862436000,39484,113566,153050
1606862737000,39420,113332,152752
1606863037000,39311,112751,152062
1606863336000,39110,112574,151684
1606863637000,38868,111761,150629
1606863937000,38689,111334,150023
1606864237000,38433,111019,149452
1606864537000,38493,110104,148597
1606864837000,38420,109927,148347
1606865137000,38380,109700,148080
1606865436000,38345,109529,147874
1606865737000,38214,109265,147479
1606866037000,38202,109539,147741
1606866337000,38216,109446,147662
1606866636000,38272,109027,147299
1606866937000,38197,108824,147021
1606867237000,38158,108658,146816
1606867537000,38778,108251,147029
1606867837000,38779,108062,146841
1606868137000,38776,107971,146747
1606868437000,38848,108450,147298
1606868737000,38781,108217,146998
1606869036000,38651,108150,146801
1606869337000,38591,108294,146885
1606869636000,38456,108624,147080
1606869937000,38370,108775,147145
1606870237000,38271,108917,147188
1606870537000,38294,108829,147123
1606870837000,38256,108956,147212
1606871137000,38215,109121,147336
1606871437000,38200,108694,146894
1606871737000,38122,109436,147558
1606872037000,38174,109710,147884
1606872337000,38210,109956,148166
1606872637000,38127,110041,148168
1606872937000,38118,110463,148581
1606873237000,37965,110765,148730
1606873537000,37823,110971,148794
1606873836000,37793,111349,149142
1606874137000,37620,111243,148863
1606874437000,37545,111114,148659
1606874737000,37392,110632,148024
1606875037000,37312,111229,148541
1606875337000,37111,111397,148508
1606875637000,36981,111580,148561
1606875936000,36799,111336,148135
1606876237000,36646,111114,147760
1606876537000,36465,111145,147610
1606876837000,36312,110937,147249
1606877137000,36103,110773,146876
1606877437000,35904,110732,146636
1606877737000,35856,110165,146021
1606878037000,35645,109701,145346
1606878337000,35446,109306,144752
1606878637000,35142,108967,144109
1606878937000,34927,108600,143527
1606879237000,34690,108359,143049
1606879537000,34475,107848,142323
1606879837000,34210,107434,141644
1606880137000,33974,106861,140835
1606880437000,33744,106448,140192
1606880738000,33466,105994,139460
1606881037000,33211,105309,138520
1606881337000,32883,104573,137456
1606881637000,32658,103577,136235
1606881937000,32345,102472,134817
1606882236000,32059,101929,133988
1606882536000,31758,101199,132957
1606882837000,31382,100676,132058
1606883137000,30975,99775,130750
1606883437000,30581,98839,129420
1606883739000,30343,97628,127971
1606884037000,30076,96900,126976
1606884337000,29872,96171,126043
1606884637000,29673,95354,125027
1606884936000,29337,94397,123734
1606885236000,29002,93575,122577
1606885537000,28611,92566,121177
1606885836000,28067,91461,119528
1606886137000,27453,90575,118028
1606886437000,27145,89718,116863
1606886737000,26866,88683,115549
1606887036000,26570,87682,114252
1606887337000,26251,86326,112577
1606887637000,26027,85704,111731
1606887937000,25768,84594,110362
1606888237000,25481,83798,109279
1606888537000,25252,82582,107834
1606888837000,24835,81434,106269
1606889137000,24511,80249,104760
1606889437000,24241,78827,103068
1606889737000,24058,77802,101860
1606890037000,23889,76463,100352
1606890337000,23754,75620,99374
1606890637000,23552,74902,98454
1606890937000,22163,73982,96145
1606891237000,21882,73175,95057
1606891537000,22645,72321,94966
1606891836000,21513,71551,93064
1606892137000,21824,70558,92382
1606892437000,21874,70542,92416
1606892737000,21931,69899,91830
1606893037000,21771,68910,90681
1606893337000,22054,68959,91013
1606893636000,23165,68539,91704
1606893937000,23240,68102,91342
1606894245000,23083,67743,90826
1606894537000,22944,67425,90369
1606894837000,22592,67262,89854
1606895140000,22404,66948,89352
1606895436000,22391,66380,88771
1606895737000,22287,65642,87929
1606896037000,22249,65237,87486
1606896337000,22167,64955,87122
1606896637000,22137,64155,86292
1606896937000,22185,63979,86164
1606897237000,22284,64052,86336
1606897537000,22299,64051,86350
1606897836000,22276,63965,86241
1606898137000,22350,63950,86300
1606898437000,22349,63928,86277
1606898743000,22383,63579,85962
1606899037000,22297,62248,84545
1606899337000,22265,62117,84382
1606899637000,22246,61959,84205
1606899937000,22201,61957,84158
1606900236000,22238,61920,84158
1606900539000,22222,61498,83720
1606900837000,22308,61172,83480
1606901137000,22388,61067,83455
1606901437000,22439,61195,83634
1606901737000,22511,61365,83876
1606902037000,22608,61451,84059
1606902337000,22691,61298,83989
1606902637000,22653,61134,83787
1606902937000,22614,61133,83747
1606903237000,22703,60860,83563
1606903537000,22709,60751,83460
1606903837000,22775,60887,83662
1606904137000,22805,60992,83797
1606904437000,22890,61204,84094
1606904737000,22853,61248,84101
1606905037000,22954,61389,84343
1606905337000,23066,61710,84776
1606905637000,23238,61822,85060
1606905937000,23315,61746,85061
1606906237000,23366,62005,85371
1606906536000,23457,61985,85442
1606906837000,23494,61881,85375
1606907137000,23569,60531,84100
1606907437000,23736,60235,83971
1606907737000,23761,59368,83129
1606908037000,23901,58257,82158
1606908337000,24067,54813,78880
1606908637000,23671,13712,37383
1606908943000,24320,23201,47521
1606909236000,24448,31811,56259
1606909537000,24481,37342,61823
1606909840000,24625,41123,65748
1606910137000,24785,43806,68591
1606910437000,24908,46344,71252
1606910737000,25013,48645,73658
1606911037000,25158,50966,76124
1606911337000,25457,53216,78673
1606911636000,25638,55211,80849
1606911937000,24799,56781,81580
1606912237000,25020,58319,83339
1606912537000,25208,60089,85297
1606912837000,25510,61638,87148
1606913137000,25750,62883,88633
1606913437000,25896,64065,89961
1606913737000,26146,64940,91086
1606914037000,26252,65501,91753
1606914337000,26401,66481,92882
1606914636000,26593,67545,94138
1606914937000,26797,68534,95331
1606915237000,26934,69652,96586
1606915537000,27181,70744,97925
1606915837000,27435,71916,99351
1606916137000,27700,72837,100537
1606916437000,27910,73664,101574
1606916737000,28147,74875,103022
1606917037000,28295,75578,103873
1606917337000,28609,76267,104876
1606917637000,28737,76731,105468
1606917937000,29001,77891,106892
1606918237000,29416,78985,108401
1606918537000,29729,79687,109416
1606918837000,30010,80832,110842
1606919137000,30330,81750,112080
1606919437000,30121,81590,111711
1606919737000,30722,82868,113590
1606920037000,31176,83991,115167
1606920337000,31501,84980,116481
1606920637000,31826,85980,117806
1606920938000,32133,86795,118928
1606921237000,32343,86892,119235
1606921538000,32705,87935,120640
1606921837000,32063,88869,120932
1606922137000,32414,90121,122535
1606922441000,32615,90778,123393
1606922737000,32746,91290,124036
1606923037000,32963,91452,124415
1606923337000,33168,92446,125614
1606923637000,33289,93209,126498
1606923937000,33492,94698,128190
1606924237000,33712,94549,128261
1606924537000,33860,95331,129191
1606924837000,33921,94750,128671
1606925137000,34048,95595,129643
1606925437000,34101,96004,130105
1606925740000,34357,96480,130837
1606926037000,34651,97243,131894
1606926476000,34651,97489,132140
1606926637000,34825,97599,132424
1606926937000,34958,98157,133115
1606927344000,35203,98584,133787
1606927537000,35373,98956,134329
1606927837000,35534,99295,134829
1606928137000,35682,99276,134958
1606928738000,36017,99063,135080
1606929312000,36292,100437,136729
1606929337000,36304,100420,136724
1606929639000,36394,100825,137219
1606929937000,36382,102353,138735
1606930237000,36693,102945,139638
1606930537000,36881,103637,140518
1606930837000,37048,104242,141290
1606931137000,37185,104525,141710
1606931437000,37253,104870,142123
1606931737000,37490,105413,142903
1606932037000,37601,105669,143270
1606932337000,37695,106295,143990
1606932637000,37802,106403,144205
1606933164000,38141,107931,146072
1606933487000,38336,108475,146811
1606933540000,38329,108721,147050
1606933837000,38413,108968,147381
1606934137000,37164,109580,146744
1606934441000,37990,109933,147923
1606934842000,37847,110043,147890
1606935037000,37900,110717,148617
1606935337000,38177,110187,148364
1606935637000,39318,110467,149785
1606935937000,39437,111002,150439
1606936236000,39696,111670,151366
1606936537000,39773,112166,151939
1606936837000,39827,112746,152573
1606937137000,39880,113164,153044
1606937437000,40012,113686,153698
1606937737000,40028,114243,154271
1606938037000,40087,114435,154522
1606938337000,40160,115033,155193
1606938637000,40293,114889,155182
1606938937000,40272,115351,155623
1606939237000,40233,115058,155291
1606939537000,40228,114836,155064
1606939837000,40142,116072,156214
1606940137000,40203,116300,156503
1606940437000,40301,116430,156731
1606940737000,40263,116973,157236
1606941036000,40305,116415,156720
1606941337000,40243,116475,156718
1606941637000,40257,116377,156634
1606941937000,40339,116497,156836
1606942237000,40313,116976,157289
1606942659000,40159,116359,156518
1606942837000,40145,116083,156228
1606943363000,39912,115917,155829
1606943437000,39928,116302,156230
1606943737000,39782,115464,155246
1606944037000,39730,115806,155536
1606944337000,39639,115949,155588
1606944637000,39545,115247,154792
1606944937000,39628,115674,155302
1606945237000,39605,115764,155369
1606945537000,39562,115135,154697
1606945837000,39375,115340,154715
1606946137000,39297,114725,154022
1606946437000,39175,113691,152866
1606946737000,39084,113862,152946
1606947037000,38896,113186,152082
1606947338000,38796,112529,151325
1606947637000,38756,111838,150594
1606947937000,38577,111554,150131
1606948237000,38442,110891,149333
1606948538000,38426,110883,149309
1606948836000,38377,110540,148917
1606949138000,38272,109864,148136
1606949437000,38183,109291,147474
1606949737000,37985,108668,146653
1606950037000,37959,107800,145759
1606950338000,37747,107277,145024
1606950637000,37561,107108,144669
1606950938000,37373,106245,143618
1606951237000,37271,106722,143993
1606951538000,37252,106685,143937
1606951837000,37117,105609,142726
1606952138000,37081,106507,143588
1606952437000,37111,106953,144064
1606952740000,37006,106127,143133
1606953038000,37120,105736,142856
1606953338000,37238,105805,143043
1606953637000,37323,105025,142348
1606953938000,37967,105338,143305
1606954237000,38132,105415,143547
1606954538000,38132,104686,142818
1606954837000,38084,104692,142776
1606955138000,38123,104860,142983
1606955437000,37983,104744,142727
1606955738000,38012,105294,143306
1606956036000,38076,105701,143777
1606956338000,38075,106122,144197
1606956637000,37993,106277,144270
1606956938000,37999,106233,144232
1606957237000,37770,106010,143780
1606957538000,37756,105931,143687
1606957837000,37689,106012,143701
1606958138000,37562,106319,143881
1606958437000,37540,106930,144470
1606958738000,37547,106672,144219
1606959037000,37591,106641,144232
1606959338000,37407,106976,144383
1606959637000,37311,107145,144456
1606959938000,37284,107038,144322
1606960237000,37128,107389,144517
1606960538000,37057,107277,144334
1606960837000,36941,107314,144255
1606961138000,36804,107745,144549
1606961437000,36794,107566,144360
1606961738000,36602,107699,144301
1606962037000,36378,107656,144034
1606962338000,36210,107452,143662
1606962637000,36070,107135,143205
1606962938000,36013,107275,143288
1606963237000,35795,106941,142736
1606963538000,35702,107185,142887
1606963837000,35598,107075,142673
1606964138000,35413,106836,142249
1606964437000,35183,106191,141374
1606964741000,34941,106176,141117
1606965036000,34821,105967,140788
1606965338000,34600,105034,139634
1606965637000,34414,104915,139329
1606965938000,34136,104511,138647
1606966237000,33918,103464,137382
1606966538000,33662,103612,137274
1606966837000,33369,103109,136478
1606967138000,33157,102673,135830
1606967437000,33001,101888,134889
1606967739000,32786,101024,133810
1606968037000,32449,99922,132371
1606968338000,32134,99056,131190
1606968637000,31841,98275,130116
1606968938000,31571,97412,128983
1606969237000,31347,96841,128188
1606969538000,31061,96078,127139
1606969837000,30786,95119,125905
1606970138000,30444,93705,124149
1606970437000,30215,93397,123612
1606970738000,29892,92406,122298
1606971037000,29600,91501,121101
1606971338000,29352,90602,119954
1606971637000,29003,89556,118559
1606971938000,28631,88884,117515
1606972237000,28247,88118,116365
1606972538000,27934,86890,114824
1606972837000,27601,86205,113806
1606973137000,27426,85222,112648
1606973437000,27220,84390,111610
1606973739000,27016,83502,110518
1606974037000,26806,82669,109475
1606974337000,26590,81771,108361
1606974637000,26263,80784,107047
1606974939000,25402,79393,104795
1606975237000,25073,78270,103343
1606975537000,24747,77423,102170
1606975837000,24624,76253,100877
1606976137000,24322,75504,99826
1606976436000,24128,74609,98737
1606976737000,23899,73938,97837
1606977037000,23614,73163,96777
1606977337000,23449,72457,95906
1606977637000,23233,71826,95059
1606977939000,23046,71331,94377
1606978237000,21749,70432,92181
1606978537000,21513,69773,91286
1606978837000,21261,68817,90078
1606979139000,22098,68371,90469
1606979438000,21296,67974,89270
1606979737000,21003,66880,87883
1606980036000,21015,66280,87295
1606980336000,21268,66132,87400
1606980637000,21006,65678,86684
1606980937000,21096,65122,86218
1606981237000,20897,65014,85911
1606981537000,20550,64833,85383
1606981837000,21991,64764,86755
1606982137000,22003,64448,86451
1606982437000,21946,63658,85604
1606982737000,21855,63191,85046
1606983037000,21893,63074,84967
1606983337000,21804,63159,84963
1606983637000,21851,63173,85024
1606983937000,21846,63180,85026
1606984237000,21833,63192,85025
1606984537000,21794,62977,84771
1606984837000,21731,63237,84968
1606985137000,21819,63342,85161
1606985437000,21800,63170,84970
1606985737000,21837,63112,84949
1606986037000,21832,62970,84802
1606986337000,21773,62420,84193
1606986637000,21856,62387,84243
1606986937000,21968,62155,84123
1606987237000,22004,62101,84105
1606987537000,22003,62153,84156
1606987837000,21990,62119,84109
1606988137000,22022,62016,84038
1606988437000,22037,62172,84209
1606988737000,22122,61965,84087
1606989037000,22256,62158,84414
1606989337000,22286,62109,84395
1606989637000,22335,61583,83918
1606989937000,22346,62411,84757
1606990237000,22432,62767,85199
1606990536000,22507,62740,85247
1606990837000,22552,62749,85301
1606991137000,22586,62817,85403
1606991436000,22584,63288,85872
1606991737000,22633,63370,86003
1606992037000,22674,63636,86310
1606992337000,22903,63460,86363
1606992637000,22375,62760,85135
1606992936000,22480,62674,85154
1606993237000,22579,62771,85350
1606993537000,22831,63066,85897
1606993837000,22940,63315,86255
1606994137000,23228,63657,86885
1606994437000,23403,64165,87568
1606994737000,23536,64362,87898
1606995037000,23599,64662,88261
1606995337000,23806,65280,89086
1606995637000,23927,65623,89550
1606995937000,24054,66184,90238
1606996237000,23455,66684,90139
1606996536000,23582,66994,90576
1606996836000,23739,67041,90780
1606997140000,23924,67262,91186
1606997437000,24145,67565,91710
1606997737000,24347,68111,92458
1606998037000,24611,68446,93057
1606998337000,24752,68857,93609
1606998637000,25046,69640,94686
1606998937000,25243,70252,95495
1606999237000,25547,70727,96274
1606999537000,25775,71554,97329
1606999837000,26041,72044,98085
1607000137000,26217,72556,98773
1607000436000,26424,73026,99450
1607000737000,26760,73560,100320
1607001037000,27015,74353,101368
1607001337000,27266,75124,102390
1607001637000,27589,76111,103700
1607001937000,27825,76774,104599
1607002237000,27310,77398,104708
1607002537000,27579,78134,105713
1607002837000,27858,79573,107431
1607003137000,28075,80491,108566
1607003437000,28197,81364,109561
1607003737000,28467,81993,110460
1607004037000,28772,82234,111006
1607004337000,29036,83034,112070
1607004637000,29360,84324,113684
1607004937000,29669,84939,114608
1607005237000,29904,85798,115702
1607005538000,30229,86351,116580
1607005837000,30418,87067,117485
1607006137000,30644,87498,118142
1607006437000,30803,85991,116794
1607006466000,30795,86088,116883
1607006737000,30961,86771,117732
1607007037000,31188,87401,118589
1607007337000,31233,87301,118534
1607007637000,31390,88015,119405
1607007937000,31637,88918,120555
1607008237000,31877,90419,122296
1607008537000,32087,91455,123542
1607008837000,32275,92877,125152
1607009137000,32435,93516,125951
1607009437000,32628,94215,126843
1607009737000,33010,95999,129009
1607010037000,33262,96801,130063
1607010338000,33377,97670,131047
1607010637000,33473,98035,131508
1607010942000,33640,95378,129018
1607011733000,34132,97691,131823
1607011837000,34133,97707,131840
1607011880000,34160,97752,131912
1607012137000,34426,98483,132909
1607012437000,34740,99251,133991
1607012737000,35034,99727,134761
1607013037000,35337,99861,135198
1607013337000,35593,100677,136270
1607013779000,35890,100749,136639
1607013937000,36102,101100,137202
1607014237000,36368,101454,137822
1607014537000,36623,101454,138077
1607014837000,36871,101707,138578
1607015137000,36985,102123,139108
1607015437000,37320,102403,139723
1607015737000,37488,102944,140432
1607016037000,37733,103225,140958
1607016337000,36482,103460,139942
1607016637000,36603,103650,140253
1607016937000,36666,104459,141125
1607017237000,36856,105187,142043
1607017537000,36990,105538,142528
1607017837000,37152,106286,143438
1607018137000,37357,106943,144300
1607018437000,37657,106832,144489
1607018737000,37983,106918,144901
1607019037000,38227,107609,145836
1607019337000,38551,107491,146042
1607019637000,38424,108894,147318
1607019946000,39017,109277,148294
1607020537000,38211,110603,148814
1607020601000,38355,110643,148998
1607020887000,38388,111387,149775
1607021137000,38593,112021,150614
1607021437000,39737,112443,152180
1607021844000,39613,112766,152379
1607022186000,39356,112738,152094
1607022352000,39787,113289,153076
1607022637000,40897,113697,154594
1607022937000,41339,114163,155502
1607023237000,41410,114375,155785
1607023537000,39716,115108,154824
1607023969000,39906,115811,155717
1607024137000,40049,115158,155207
1607024437000,40123,116271,156394
1607024737000,40344,116342,156686
1607025638000,40507,116548,157055
1607025687000,40479,116506,156985
1607026067000,40552,116620,157172
1607026070000,40556,116644,157200
1607026499000,40479,116929,157408
1607026632000,40536,117079,157615
1607026838000,40594,116978,157572
1607027137000,40558,117442,158000
1607027437000,40608,117802,158410
1607027737000,40562,117718,158280
1607028036000,40560,117704,158264
1607028337000,40519,117525,158044
1607028637000,40556,117590,158146
1607028937000,40476,117441,157917
1607029237000,40376,116559,156935
1607029537000,40377,116184,156561
1607029836000,40349,116610,156959
1607030137000,40319,116536,156855
1607030437000,40249,115797,156046
1607030737000,40082,115630,155712
1607031037000,40015,115261,155276
1607031337000,39897,115175,155072
1607031637000,39824,114822,154646
1607031937000,39691,114509,154200
1607032237000,39636,114001,153637
1607032537000,39469,113506,152975
1607032837000,39298,113155,152453
1607033137000,39104,112921,152025
1607033437000,38976,112495,151471
1607033737000,38800,111781,150581
1607034037000,38657,110996,149653
1607034337000,38650,111148,149798
1607034637000,38486,110218,148704
1607034937000,38370,110404,148774
1607035237000,38379,109988,148367
1607035536000,38263,109430,147693
1607035837000,38190,109096,147286
1607036137000,38186,108434,146620
1607036437000,38106,107973,146079
1607036737000,37958,107618,145576
1607037037000,37767,107325,145092
1607037337000,37838,106901,144739
1607037637000,37850,106647,144497
1607037937000,37697,106404,144101
1607037966000,37674,106350,144024
1607038004000,37643,106309,143952
1607038237000,37568,106468,144036
1607038536000,37489,106362,143851
1607038837000,37383,105791,143174
1607039137000,37322,106427,143749
1607039436000,37331,106255,143586
1607039737000,37433,106232,143665
1607040037000,37500,105842,143342
1607040337000,38072,105949,144021
1607040637000,38184,106112,144296
1607040937000,38203,105594,143797
1607041237000,38093,105680,143773
1607041537000,38041,105329,143370
1607041837000,38011,105289,143300
1607042137000,37927,105485,143412
1607042437000,37954,105686,143640
1607042737000,37817,105833,143650
1607043037000,37814,106142,143956
1607043337000,37779,106134,143913
1607043637000,37589,105343,142932
1607043937000,37500,106204,143704
1607044237000,37483,106336,143819
1607044537000,37374,106407,143781
1607044839000,37276,106471,143747
1607045137000,37238,106783,144021
1607045437000,37070,106516,143586
1607045737000,37011,106979,143990
1607046037000,36964,107231,144195
1607046337000,36915,107353,144268
1607046637000,36826,107457,144283
1607046937000,36654,107374,144028
1607047237000,36541,107092,143633
1607047537000,36530,107149,143679
1607047837000,36406,107061,143467
1607048137000,36282,106827,143109
1607048437000,36268,106968,143236
1607048737000,36048,106924,142972
1607049036000,35933,106717,142650
1607049337000,35888,106843,142731
1607049637000,35826,106779,142605
1607049937000,35690,106561,142251
1607050237000,35495,106480,141975
1607050537000,35430,106052,141482
1607050837000,35217,105577,140794
1607051137000,34961,105200,140161
1607051437000,34685,104713,139398
1607051736000,34459,104583,139042
1607052040000,34268,104071,138339
1607052337000,33985,103447,137432
1607052637000,33776,102789,136565
1607052937000,33673,102261,135934
1607053237000,33455,101812,135267
1607053537000,33302,101381,134683
1607053837000,32972,101096,134068
1607054137000,32808,100403,133211
1607054437000,32463,99659,132122
1607054737000,32145,98630,130775
1607055037000,31863,98112,129975
1607055337000,31570,97413,128983
1607055637000,31209,96838,128047
1607055937000,30979,96271,127250
1607056237000,30620,95545,126165
1607056537000,30261,94686,124947
1607056837000,29943,94021,123964
1607057136000,29581,93138,122719
1607057437000,29288,92219,121507
1607057737000,28996,91218,120214
1607058037000,28689,90408,119097
1607058337000,28368,88673,117041
1607058637000,28036,88228,116264
1607058937000,27723,87702,115425
1607059237000,27520,87015,114535
1607059536000,27274,85856,113130
1607059837000,27000,84663,111663
1607060137000,26812,83906,110718
1607060437000,26622,83082,109704
1607060737000,26406,82144,108550
1607061037000,26118,81178,107296
1607061337000,25897,80412,106309
1607061637000,25547,79075,104622
1607061937000,25205,78256,103461
1607062236000,24998,77376,102374
1607062537000,24434,76413,100847
1607062837000,24238,76042,100280
1607063137000,22741,74380,97121
1607063437000,22480,73961,96441
1607063737000,22330,73219,95549
1607064037000,21994,72310,94304
1607064341000,22250,71638,93888
1607064637000,22453,70944,93397
1607064937000,22185,70201,92386
1607065237000,21853,69236,91089
1607065554000,22015,68502,90517
1607065837000,21872,68213,90085
1607066137000,21765,67559,89324
1607066438000,23081,66777,89858
1607066736000,22884,66539,89423
1607067037000,22811,65814,88625
1607067337000,22545,65610,88155
1607067637000,22514,65400,87914
1607067937000,22129,64393,86522
1607068237000,22148,64646,86794
1607068537000,22039,64235,86274
1607068837000,22097,63657,85754
1607069137000,22035,63338,85373
1607069437000,22025,63072,85097
1607069737000,22019,63205,85224
1607070037000,21952,63278,85230
1607070337000,21996,63100,85096
1607070637000,22082,63098,85180
1607070937000,22069,63202,85271
1607071237000,22120,63248,85368
1607071537000,22214,63264,85478
1607071837000,22186,63100,85286
1607072137000,22349,62953,85302
1607072437000,22494,63068,85562
1607072737000,22533,62921,85454
1607073037000,22640,63161,85801
1607073337000,22767,63219,85986
1607073744000,22076,63358,85434
1607073937000,22126,63452,85578
1607074237000,22128,62812,84940
1607074537000,22164,62975,85139
1607074837000,22305,62643,84948
1607075137000,22346,62693,85039
1607075437000,22385,62669,85054
1607075737000,22489,62890,85379
1607076037000,22432,62731,85163
1607076337000,22403,62846,85249
1607076637000,22259,63082,85341
1607076937000,22504,63001,85505
1607077236000,22553,63491,86044
1607077537000,22645,63697,86342
1607077837000,22717,63426,86143
1607078137000,22786,63945,86731
1607078436000,22870,64200,87070
1607078737000,23056,64511,87567
1607079037000,23209,64693,87902
1607079337000,23424,64836,88260
1607079637000,23664,65086,88750
1607079937000,23843,65198,89041
1607080237000,23958,65601,89559
1607080537000,23714,65955,89669
1607080837000,23867,66469,90336
1607081137000,23996,66858,90854
1607081437000,24077,67061,91138
1607081737000,24176,67315,91491
1607082037000,24302,67825,92127
1607082337000,24488,67989,92477
1607082637000,24655,67955,92610
1607082936000,24793,68617,93410
1607083237000,24036,68824,92860
1607083537000,24072,69184,93256
1607083837000,24257,69839,94096
1607084137000,24481,70084,94565
1607084437000,24678,70771,95449
1607084737000,24828,71373,96201
1607085037000,25102,71586,96688
1607085337000,25391,72255,97646
1607085637000,25623,72715,98338
1607085937000,25751,73510,99261
1607086237000,25986,74192,100178
1607086537000,26152,74868,101020
1607086837000,26290,75230,101520
1607087137000,26502,75731,102233
1607087437000,26622,75836,102458
1607087737000,27055,77121,104176
1607088037000,27468,78057,105525
1607088337000,27859,78996,106855
1607088637000,28112,79443,107555
1607088937000,28485,80148,108633
1607089237000,28831,81390,110221
1607089537000,27980,81767,109747
1607089837000,28225,82697,110922
1607090137000,28429,83400,111829
1607090437000,28564,83925,112489
1607090737000,28858,84967,113825
1607091037000,29093,85767,114860
1607091337000,29308,86519,115827
1607091638000,29641,87486,117127
1607091937000,29929,88254,118183
1607092236000,30290,88908,119198
1607092537000,30673,89545,120218
1607092837000,30889,90393,121282
1607093137000,31205,91176,122381
1607093437000,31504,92091,123595
1607093737000,31668,92734,124402
1607094037000,31955,92979,124934
1607094337000,32310,93651,125961
1607094637000,32566,94351,126917
1607094937000,32740,94217,126957
1607095237000,33138,95370,128508
1607095537000,33405,95894,129299
1607095837000,32578,96113,128691
1607096153000,32845,96746,129591
1607096437000,33021,97350,130371
1607096466000,33080,97370,130450
1607096737000,33154,97772,130926
1607097049000,33340,98708,132048
1607097337000,33393,98177,131570
1607097637000,33470,98747,132217
1607097937000,33505,99343,132848
1607098237000,33721,99862,133583
1607098537000,33895,99945,133840
1607098837000,34123,101177,135300
1607099137000,34286,101468,135754
1607099437000,34139,101139,135278
1607099737000,34333,101774,136107
1607100037000,34784,101768,136552
1607100337000,35137,101819,136956
1607100637000,35248,102235,137483
1607100936000,35562,99287,134849
1607101237000,35808,100478,136286
1607101537000,36039,101250,137289
1607101837000,36149,101734,137883
1607102137000,36325,101124,137449
1607102436000,36507,102419,138926
1607102737000,36601,102598,139199
1607103037000,36916,102779,139695
1607103337000,35916,103378,139294
1607103636000,36054,103786,139840
1607103937000,36166,103423,139589
1607104237000,36196,100157,136353
1607104537000,36383,101461,137844
1607104837000,36434,102041,138475
1607105137000,36433,103164,139597
1607105437000,36578,104084,140662
1607105737000,36747,104958,141705
1607106037000,36845,105487,142332
1607106337000,36931,106063,142994
1607106637000,36634,101291,137925
1607106937000,36875,103259,140134
1607107237000,35748,104466,140214
1607107537000,35623,104966,140589
1607107837000,37040,106244,143284
1607108137000,36493,106884,143377
1607108437000,36510,106937,143447
1607108737000,36690,107945,144635
1607109037000,37946,108665,146611
1607109337000,38000,108841,146841
1607109637000,38363,109613,147976
1607109937000,38710,109765,148475
1607110237000,38967,110084,149051
1607110537000,39154,110792,149946
1607110837000,39329,110239,149568
1607111137000,39535,111150,150685
1607111437000,39778,111911,151689
1607111737000,40005,112332,152337
1607112037000,40158,112239,152397
1607112337000,40328,112280,152608
1607112637000,40501,112528,153029
1607112937000,40657,112628,153285
1607113237000,39416,112794,152210
1607113537000,39355,113066,152421
1607113838000,39452,112822,152274
1607114137000,39444,113174,152618
1607114440000,39575,113308,152883
1607114737000,39539,113187,152726
1607115037000,39669,113836,153505
1607115337000,39700,113677,153377
1607115637000,39637,113611,153248
1607115937000,39600,112681,152281
1607116237000,39590,113814,153404
1607116537000,39599,113450,153049
1607116837000,39795,114138,153933
1607117136000,39820,114150,153970
1607117437000,39893,113551,153444
1607117737000,39937,113899,153836
1607118037000,39912,113797,153709
1607118336000,39948,113508,153456
1607118637000,39880,113796,153676
1607118937000,39736,113496,153232
1607119237000,39650,112874,152524
1607119537000,39642,112811,152453
1607119836000,39428,112899,152327
1607120137000,39241,112279,151520
1607120437000,39032,112378,151410
1607120737000,38955,111016,149971
1607121037000,38759,111476,150235
1607121337000,38732,110935,149667
1607121637000,38732,110509,149241
1607121937000,38645,110152,148797
1607122237000,38633,109795,148428
1607122537000,38558,109622,148180
1607122836000,38557,108916,147473
1607123138000,38570,108517,147087
1607123437000,38382,108208,146590
1607123738000,38347,107964,146311
1607124037000,38290,107720,146010
1607124337000,38217,107634,145851
1607124636000,38198,107399,145597
1607124937000,38212,106763,144975
1607125236000,38114,106951,145065
1607125537000,38200,107032,145232
1607125837000,38107,107192,145299
1607126137000,38139,106571,144710
1607126437000,38187,105997,144184
1607126737000,38567,105665,144232
1607127037000,38570,105584,144154
1607127337000,38473,105804,144277
1607127637000,38437,105777,144214
1607127937000,38352,105836,144188
1607128236000,38268,105554,143822
1607128537000,38222,105556,143778
1607128837000,38203,105531,143734
1607129137000,38142,105597,143739
1607129436000,38036,105677,143713
1607129737000,37928,105281,143209
1607130038000,37722,104928,142650
1607130337000,37731,105035,142766
1607130637000,37629,104728,142357
1607130937000,37565,104981,142546
1607131237000,37497,105264,142761
1607131537000,37276,105108,142384
1607131837000,37120,104875,141995
1607132137000,37074,105286,142360
1607132437000,36999,105320,142319
1607132737000,36913,105149,142062
1607133037000,36791,105522,142313
1607133337000,36728,105778,142506
1607133636000,36712,105584,142296
1607133937000,36576,104151,140727
1607134237000,36431,105318,141749
1607134537000,36330,105362,141692
1607134836000,36215,105244,141459
1607135137000,36143,105197,141340
1607135437000,36087,104807,140894
1607135737000,36091,104839,140930
1607136037000,35889,104817,140706
1607136336000,35791,104394,140185
1607136637000,35689,104482,140171
1607136937000,35460,104311,139771
1607137237000,35273,103901,139174
1607137536000,35181,103909,139090
1607137837000,35023,103748,138771
1607138137000,35002,103448,138450
1607138437000,34767,103257,138024
1607138737000,34586,102920,137506
1607139037000,34431,102450,136881
1607139337000,34321,102093,136414
1607139637000,34099,101770,135869
1607139937000,33965,101617,135582
1607140237000,33784,101285,135069
1607140537000,33613,101048,134661
1607140838000,33439,100258,133697
1607141137000,33196,99529,132725
1607141437000,32995,99108,132103
1607141737000,32585,98407,130992
1607142037000,32528,98129,130657
1607142337000,32418,97590,130008
1607142637000,32166,96699,128865
1607142937000,32093,96353,128446
1607143237000,31867,96060,127927
1607143537000,31648,95222,126870
1607143837000,31384,94610,125994
1607144137000,31138,93891,125029
1607144437000,30887,93066,123953
1607144737000,30688,92502,123190
1607145037000,30424,91624,122048
1607145337000,30130,90923,121053
1607145637000,29892,90206,120098
1607145937000,29721,89467,119188
1607146237000,29531,88858,118389
1607146537000,28838,88145,116983
1607146837000,28606,87651,116257
1607147137000,28327,86450,114777
1607147436000,28099,85834,113933
1607147737000,27863,84951,112814
1607148037000,27544,83362,110906
1607148337000,27085,82605,109690
1607148637000,26770,80932,107702
1607148937000,26532,80482,107014
1607149237000,26307,79752,106059
1607149537000,24720,78805,103525
1607149837000,24236,77579,101815
1607150137000,24201,77152,101353
1607150437000,24241,76323,100564
1607150737000,23861,75380,99241
1607151037000,24303,74647,98950
1607151337000,24173,73831,98004
1607151636000,23768,72935,96703
1607151937000,24348,72240,96588
1607152237000,24560,71731,96291
1607152537000,24411,71209,95620
1607152837000,24272,70571,94843
1607153137000,24053,70026,94079
1607153437000,23858,68184,92042
1607153737000,23724,68842,92566
1607154037000,23584,68673,92257
1607154337000,23190,67984,91174
1607154637000,23009,67886,90895
1607154937000,22959,67070,90029
1607155237000,22747,66234,88981
1607155537000,22440,65659,88099
1607155837000,22299,65773,88072
1607156137000,22242,65707,87949
1607156437000,22298,65596,87894
1607156737000,22178,65660,87838
1607157037000,22095,65379,87474
1607157337000,22073,65700,87773
1607157637000,22109,65661,87770
1607157937000,22206,65472,87678
1607158237000,22232,65310,87542
1607158537000,22235,65211,87446
1607158837000,22238,64944,87182
1607159137000,22227,65262,87489
1607159437000,21575,65122,86697
1607159737000,21458,64892,86350
1607160037000,21542,65022,86564
1607160337000,21690,64851,86541
1607160637000,21777,64606,86383
1607160937000,21948,64516,86464
1607161237000,22036,64626,86662
1607161537000,22119,64522,86641
1607161837000,22242,64632,86874
1607162137000,22323,64692,87015
1607162437000,22322,64598,86920
1607162737000,22401,64732,87133
1607163037000,22430,64822,87252
1607163337000,22464,64933,87397
1607163637000,22658,65319,87977
1607163937000,22872,65947,88819
1607164237000,22872,65812,88684
1607164537000,22973,66389,89362
1607164837000,23039,66716,89755
1607165137000,23196,66808,90004
1607165437000,23344,66949,90293
1607165737000,23519,67238,90757
1607166037000,23609,67360,90969
1607166337000,23693,67540,91233
1607166637000,23796,68161,91957
1607166937000,23896,68343,92239
1607167237000,24021,68783,92804
1607167537000,24044,69070,93114
1607167837000,24201,69458,93659
1607168142000,24319,69445,93764
1607168437000,24554,69730,94284
1607168737000,24732,70230,94962
1607169037000,24862,70800,95662
1607169337000,25081,71168,96249
1607169637000,25174,71263,96437
1607169936000,25402,71369,96771
1607170237000,25594,71474,97068
1607170536000,25790,72022,97812
1607170837000,25956,72636,98592
1607171136000,26131,73190,99321
1607171437000,26219,73595,99814
1607171737000,26390,73982,100372
1607172037000,26557,74860,101417
1607172337000,26722,75090,101812
1607172637000,26870,75665,102535
1607172936000,26915,75618,102533
1607173236000,27090,77037,104127
1607173537000,27295,77314,104609
1607173837000,27632,78105,105737
1607174137000,27829,78352,106181
1607174437000,27999,79368,107367
1607174737000,28237,80138,108375
1607175037000,28300,80529,108829
1607175337000,28523,81517,110040
1607175637000,28741,82272,111013
1607175937000,28944,82605,111549
1607176237000,29265,83325,112590
1607176537000,29540,83932,113472
1607176837000,29771,84506,114277
1607177137000,30115,85227,115342
1607177437000,30298,85650,115948
1607177737000,30539,85370,115909
1607178037000,30864,86183,117047
1607178337000,31152,86735,117887
1607178637000,31344,86887,118231
1607178937000,31562,87231,118793
1607179236000,31787,88154,119941
1607179538000,31992,88394,120386
1607179836000,32180,89317,121497
1607180137000,32344,89970,122314
1607180437000,32587,90174,122761
1607180737000,32781,90942,123723
1607181037000,32896,91398,124294
1607181337000,33128,91797,124925
1607181637000,33505,93145,126650
1607181937000,33706,94205,127911
1607182237000,33944,94626,128570
1607182537000,34134,95452,129586
1607182836000,34438,96047,130485
1607183137000,34513,96609,131122
1607183437000,34752,97520,132272
1607183736000,35088,98193,133281
1607184037000,35265,98386,133651
1607184337000,35461,98928,134389
1607184637000,35666,99422,135088
1607184937000,35796,99781,135577
1607185236000,35975,100342,136317
1607185537000,36145,100765,136910
1607185837000,36288,101125,137413
1607186137000,36529,101551,138080
1607186437000,36673,102009,138682
1607186737000,36757,102380,139137
1607187037000,36967,102732,139699
1607187337000,37165,102769,139934
1607187637000,37331,102672,140003
1607187937000,37431,103085,140516
1607188237000,37477,103272,140749
1607188537000,37577,103480,141057
1607188837000,37813,103910,141723
1607189137000,37883,104581,142464
1607189436000,38076,104616,142692
1607189737000,38208,104888,143096
1607190037000,38320,105253,143573
1607190337000,38503,105754,144257
1607190636000,38672,106088,144760
1607190937000,38685,106696,145381
1607191237000,38714,106600,145314
1607191537000,38770,107242,146012
1607191837000,38984,107641,146625
1607192137000,39098,107447,146545
1607192437000,39263,108746,148009
1607192737000,39374,105689,145063
1607193036000,39488,106950,146438
1607193336000,39545,108086,147631
1607193637000,39585,108988,148573
1607193937000,38452,109923,148375
1607194237000,38598,110711,149309
1607194537000,38958,111474,150432
1607194837000,38758,111896,150654
1607195137000,39253,112105,151358
1607195437000,39280,112622,151902
1607195737000,39020,113152,152172
1607196037000,40576,113984,154560
1607196337000,40672,114266,154938
1607196637000,40676,114646,155322
1607196937000,40984,115442,156426
1607197237000,41011,115840,156851
1607197537000,41160,116307,157467
1607197837000,41259,116513,157772
1607198137000,41428,116856,158284
1607198437000,41436,117172,158608
1607198737000,41496,117510,159006
1607199037000,41546,117736,159282
1607199337000,41682,118045,159727
1607199637000,41714,118293,160007
1607199937000,41883,117144,159027
1607200237000,41925,118345,160270
1607200537000,42073,118383,160456
1607200837000,42240,118420,160660
1607201137000,42335,118821,161156
1607201437000,42326,118936,161262
1607201737000,42336,119227,161563
1607202036000,42365,119129,161494
1607202337000,42462,119266,161728
1607202637000,42452,119528,161980
1607202936000,42576,119560,162136
1607203237000,42585,119579,162164
1607203537000,42657,119587,162244
1607203837000,42588,119283,161871
1607204137000,42625,119280,161905
1607204437000,42528,119292,161820
1607204737000,42493,119406,161899
1607205036000,42403,119330,161733
1607205337000,42399,118699,161098
1607205637000,42397,118362,160759
1607205937000,42242,118054,160296
1607206237000,42220,118094,160314
1607206537000,42125,118026,160151
1607206837000,41985,117509,159494
1607207137000,41926,117322,159248
1607207437000,41779,117245,159024
1607207737000,41658,116890,158548
1607208037000,41744,116291,158035
1607208337000,41629,115982,157611
1607208637000,41664,115710,157374
1607208937000,41589,115332,156921
1607209236000,41282,112836,154118
1607209537000,41220,112875,154095
1607209837000,41207,113305,154512
1607210137000,41218,113398,154616
1607210437000,41181,113225,154406
1607210737000,41091,112976,154067
1607211037000,41007,112471,153478
1607211336000,40890,112402,153292
1607211637000,40838,112289,153127
1607211937000,40886,112230,153116
1607212237000,40858,111877,152735
1607212537000,40782,111687,152469
1607212837000,40791,111338,152129
1607213137000,41142,110875,152017
1607213436000,41154,110968,152122
1607213737000,40945,110982,151927
1607214037000,40861,109371,150232
1607214337000,40691,110097,150788
1607214636000,40488,110191,150679
1607214937000,40447,110272,150719
1607215237000,40361,110402,150763
1607215537000,40260,109900,150160
1607215837000,40161,109275,149436
1607216137000,39960,110008,149968
1607216439000,39851,109538,149389
1607216737000,39617,109262,148879
1607217037000,39476,108047,147523
1607217337000,39369,109407,148776
1607217637000,39304,109421,148725
1607217937000,39257,109403,148660
1607218237000,39094,109045,148139
1607218537000,39031,109113,148144
1607218837000,38929,109483,148412
1607219137000,38726,108763,147489
1607219436000,38753,109279,148032
1607219737000,38530,109209,147739
1607220037000,38408,108575,146983
1607220337000,38258,108633,146891
1607220637000,38091,108543,146634
1607220937000,38033,108285,146318
1607221237000,37989,108457,146446
1607221537000,37847,108081,145928
1607221837000,37602,107951,145553
1607222137000,37512,107878,145390
1607222437000,37361,107262,144623
1607222737000,37225,107522,144747
1607223037000,37103,107645,144748
1607223337000,36950,107068,144018
1607223637000,36823,107170,143993
1607223937000,36765,106761,143526
1607224238000,36523,106801,143324
1607224537000,36509,106054,142563
1607224837000,36412,106174,142586
1607225137000,36210,106017,142227
1607225444000,36059,105728,141787
1607225737000,35963,105555,141518
1607226037000,35788,105316,141104
1607226337000,35562,104656,140218
1607226637000,35392,104320,139712
1607226937000,35227,103794,139021
1607227237000,35027,103089,138116
1607227537000,34816,102804,137620
1607227837000,34594,102381,136975
1607228137000,34354,100855,135209
1607228437000,34169,101653,135822
1607228737000,33879,101269,135148
1607229037000,33578,100448,134026
1607229337000,33424,99948,133372
1607229637000,33199,99429,132628
1607229937000,32887,98661,131548
1607230237000,32725,98204,130929
1607230536000,32604,97744,130348
1607230837000,32311,97033,129344
1607231136000,32007,96079,128086
1607231437000,31785,95646,127431
1607231737000,31489,94746,126235
1607232037000,31211,94229,125440
1607232337000,30866,93540,124406
1607232637000,30603,92540,123143
1607232937000,30359,90985,121344
1607233237000,29629,91581,121210
1607233537000,29362,90640,120002
1607233837000,29202,89987,119189
1607234137000,29000,89330,118330
1607234437000,28694,88155,116849
1607234737000,28337,87146,115483
1607235037000,28105,86142,114247
1607235337000,27864,85067,112931
1607235637000,27512,84211,111723
1607235937000,26016,83166,109182
1607236237000,25791,82182,107973
1607236536000,25492,81124,106616
1607236838000,25702,79918,105620
1607237137000,25726,78785,104511
1607237437000,25516,77866,103382
1607237740000,25378,76871,102249
1607238037000,25167,75780,100947
1607238336000,24667,74970,99637
1607238636000,25851,74401,100252
1607238937000,25671,73873,99544
1607239237000,25449,73294,98743
1607239537000,25024,72630,97654
1607239837000,24851,71880,96731
1607240137000,24732,71583,96315
1607240437000,24555,71288,95843
1607240737000,24324,70872,95196
1607241037000,24113,70292,94405
1607241337000,23917,69633,93550
1607241637000,23454,68952,92406
1607241936000,23573,68769,92342
1607242237000,23482,68887,92369
1607242537000,23399,68753,92152
1607242837000,23401,68596,91997
1607243139000,23376,68704,92080
1607243437000,23320,68382,91702
1607243737000,23327,67556,90883
1607244037000,23389,67305,90694
1607244337000,23293,67309,90602
1607244637000,23317,67352,90669
1607244937000,23311,67293,90604
1607245237000,23257,67162,90419
1607245537000,23226,66926,90152
1607245837000,22832,66918,89750
1607246137000,22455,66163,88618
1607246437000,22601,66517,89118
1607246737000,22584,66609,89193
1607247037000,22668,66268,88936
1607247337000,22815,66487,89302
1607247637000,22833,65539,88372
1607247937000,22906,65164,88070
1607248237000,23016,65230,88246
1607248536000,22984,65167,88151
1607248837000,23086,64913,87999
1607249136000,23244,64888,88132
1607249437000,23321,64946,88267
1607249737000,23436,64847,88283
1607250037000,23618,65600,89218
1607250336000,23769,65611,89380
1607250637000,23873,65581,89454
1607250937000,23899,65718,89617
1607251236000,23934,66059,89993
1607251537000,23979,66210,90189
1607251837000,24157,66466,90623
1607252137000,24135,66676,90811
1607252437000,24168,66538,90706
1607252737000,24336,66902,91238
1607253036000,24447,67371,91818
1607253344000,24560,67048,91608
1607253637000,24814,67484,92298
1607253937000,24880,67992,92872
1607254237000,25006,68154,93160
1607254562000,25192,68709,93901
1607254837000,25298,69109,94407
1607255137000,25469,69374,94843
1607255437000,25684,69960,95644
1607255737000,25900,70233,96133
1607256037000,26065,70476,96541
1607256337000,26224,70796,97020
1607256397000,26213,70893,97106
1607256697000,26412,71093,97505
1607256997000,26542,71692,98234
1607257296000,26679,72318,98997
1607257596000,26791,72651,99442
1607257897000,26958,73066,100024
1607258196000,27087,73328,100415
1607258497000,27284,73819,101103
1607258797000,27484,74628,102112
1607259097000,27666,75264,102930
1607259397000,27907,75640,103547
1607259697000,28076,76355,104431
1607259997000,28248,77076,105324
1607260297000,28431,77621,106052
1607260597000,28627,78196,106823
1607260897000,28769,79048,107817
1607261197000,28956,79689,108645
1607261497000,29192,80429,109621
1607261797000,29418,81075,110493
1607262108000,29724,81865,111589
1607262396000,29862,82404,112266
1607262697000,30252,82934,113186
1607262997000,30374,83731,114105
1607263297000,30561,83901,114462
1607263597000,30787,84820,115607
1607263897000,30977,85765,116742
1607264196000,31291,86687,117978
1607264497000,31602,87393,118995
1607264796000,31791,88850,120641
1607265097000,32030,89729,121759
1607265397000,32343,90455,122798
1607265697000,32503,91226,123729
1607265997000,32812,92083,124895
1607266297000,33083,92683,125766
1607266597000,33365,93610,126975
1607266897000,33655,94269,127924
1607267197000,33904,95031,128935
1607267496000,34114,96112,130226
1607267797000,34484,96577,131061
1607268097000,34745,97595,132340
1607268397000,34978,97251,132229
1607268697000,35205,99357,134562
1607268997000,35424,100154,135578
1607269297000,35648,100718,136366
1607269597000,35954,101321,137275
1607269897000,36218,101954,138172
1607270197000,36467,102334,138801
1607270497000,36698,102963,139661
1607270797000,36934,104678,141612
1607271097000,37125,104180,141305
1607271397000,37322,104939,142261
1607271696000,37584,105620,143204
1607271997000,37744,105978,143722
1607272297000,37884,106353,144237
1607272597000,38064,106708,144772
1607272897000,38174,106988,145162
1607273197000,38431,107360,145791
1607273496000,38482,107738,146220
1607273797000,38609,107911,146520
1607274097000,38763,108063,146826
1607274397000,38975,108319,147294
1607274697000,39113,108675,147788
1607274997000,39256,108937,148193
1607275297000,39500,109742,149242
1607275596000,39586,110075,149661
1607275897000,39886,110076,149962
1607276196000,39918,110637,150555
1607276496000,40229,111178,151407
1607276797000,40368,111711,152079
1607277097000,40499,112390,152889
1607277397000,40653,112832,153485
1607277697000,40793,112838,153631
1607277996000,40916,113197,154113
1607278297000,40984,113542,154526
1607278596000,41132,114561,155693
1607278897000,41207,114444,155651
1607279196000,41437,115489,156926
1607279497000,41593,115675,157268
1607279797000,41706,116579,158285
1607280097000,41888,117121,159009
1607280396000,40809,117603,158412
1607280697000,41082,118220,159302
1607280997000,40918,118949,159867
1607281297000,41397,119433,160830
1607281597000,41666,119282,160948
1607281897000,42853,120334,163187
1607282197000,43023,121187,164210
1607282496000,43280,121377,164657
1607282797000,43458,122061,165519
1607283097000,43684,122286,165970
1607283396000,43798,122396,166194
1607283697000,43884,122842,166726
1607283996000,43892,123335,167227
1607284297000,44034,123752,167786
1607284597000,44260,123891,168151
1607284897000,44116,123849,167965
1607285197000,44224,124393,168617
1607285497000,44336,124624,168960
1607285797000,44318,124667,168985
1607286097000,44250,124895,169145
1607286396000,44312,124177,168489
1607286697000,44267,125090,169357
1607286996000,44230,125095,169325
1607287297000,44165,124943,169108
1607287597000,44049,124731,168780
1607287897000,44082,125224,169306
1607288196000,44038,124955,168993
1607288497000,43908,124676,168584
1607288796000,43830,124373,168203
1607289096000,43738,124267,168005
1607289397000,43603,124039,167642
1607289697000,43385,123876,167261
1607289997000,43229,123355,166584
1607290297000,43112,123155,166267
1607290596000,42937,122509,165446
1607290897000,42898,122653,165551
1607291196000,42824,121441,164265
1607291496000,42745,121942,164687
1607291797000,42509,121785,164294
1607292097000,42392,121251,163643
1607292396000,42254,120558,162812
1607292697000,42149,119837,161986
1607292997000,41960,119603,161563
1607293297000,41856,119410,161266
1607293597000,41536,119188,160724
1607293896000,41370,118739,160109
1607294197000,41259,118371,159630
1607294497000,41219,117732,158951
1607294797000,41060,117130,158190
1607295097000,40939,116300,157239
1607295397000,40841,116113,156954
1607295696000,40655,115686,156341
1607295997000,40384,114620,155004
1607296297000,40223,114022,154245
1607296597000,40043,113840,153883
1607296897000,40089,113286,153375
1607297197000,39999,113203,153202
1607297497000,39968,112093,152061
1607297797000,39883,112335,152218
1607298097000,39697,112198,151895
1607298397000,39637,112231,151868
1607298696000,39480,111746,151226
1607298997000,39471,111293,150764
1607299297000,39688,110978,150666
1607299597000,39924,110735,150659
1607299897000,40029,110673,150702
1607300197000,40004,110284,150288
1607300497000,39982,110057,150039
1607300797000,39875,109689,149564
1607301097000,40015,109494,149509
1607301397000,39796,109663,149459
1607301697000,39749,109927,149676
1607301997000,39567,109952,149519
1607302297000,39515,110199,149714
1607302597000,39359,110244,149603
1607302897000,39241,110167,149408
1607303197000,39240,110327,149567
1607303497000,39064,110275,149339
1607303797000,38995,110230,149225
1607304097000,38971,110066,149037
1607304397000,38919,110280,149199
1607304697000,38731,110282,149013
1607304997000,38603,110384,148987
1607305296000,38563,110237,148800
1607305597000,38366,109959,148325
1607305897000,38166,109920,148086
1607306197000,37993,110384,148377
1607306497000,37851,109989,147840
1607306797000,37728,109796,147524
1607307097000,37514,109305,146819
1607307397000,37292,109293,146585
1607307697000,37076,109255,146331
1607307996000,36938,109050,145988
1607308297000,36699,108733,145432
1607308597000,36463,108308,144771
1607308897000,36255,108183,144438
1607309197000,36055,107605,143660
1607309496000,35868,106120,141988
1607309797000,35657,105056,140713
1607310097000,35439,103973,139412
1607310397000,35297,103270,138567
1607310697000,35016,102466,137482
1607310996000,34835,103106,137941
1607311297000,34563,102686,137249
1607311596000,34342,102461,136803
1607311897000,34065,102095,136160
1607312197000,33843,101663,135506
1607312497000,33571,101388,134959
1607312796000,33281,100795,134076
1607313097000,32909,100008,132917
1607313397000,32674,99652,132326
1607313697000,32480,98981,131461
1607313997000,32081,97943,130024
1607314296000,31823,97490,129313
1607314597000,31319,96414,127733
1607314897000,31042,95551,126593
1607315197000,30852,94653,125505
1607315497000,30481,93667,124148
1607315797000,30275,93089,123364
1607316097000,29872,91997,121869
1607316397000,29485,91333,120818
1607316697000,29248,90437,119685
1607316997000,28962,89506,118468
1607317297000,28629,88970,117599
1607317597000,28271,88047,116318
1607317896000,28011,87379,115390
1607318208000,27656,86674,114330
1607318497000,27349,85726,113075
1607318797000,27160,84748,111908
1607319097000,26843,83931,110774
1607319397000,26327,83366,109693
1607319697000,26087,82719,108806
1607319997000,25675,81871,107546
1607320296000,25501,81071,106572
1607320597000,25220,80159,105379
1607320897000,24873,79384,104257
1607321197000,24788,78159,102947
1607321497000,24693,77507,102200
1607321796000,23868,76297,100165
1607322097000,23709,75329,99038
1607322396000,23580,74464,98044
1607322697000,23449,73536,96985
1607322996000,23325,72768,96093
1607323296000,23152,71699,94851
1607323596000,22977,70754,93731
1607323896000,21523,69531,91054
1607324197000,21268,68869,90137
1607324496000,20820,67944,88764
1607324797000,20738,67392,88130
1607325097000,20566,66973,87539
1607325396000,20466,66516,86982
1607325697000,18942,62665,81607
1607325997000,19381,64391,83772
1607326297000,19130,64165,83295
1607326597000,19337,64039,83376
1607326897000,19494,64090,83584
1607327196000,19407,63704,83111
1607327497000,19317,63711,83028
1607327797000,19317,63454,82771
1607328096000,19228,62906,82134
1607328397000,19187,62458,81645
1607328697000,19234,62446,81680
1607328997000,19178,62433,81611
1607329297000,19221,62478,81699
1607329597000,19152,61386,80538
1607329897000,19057,61415,80472
1607330196000,19102,61434,80536
1607330497000,19115,61650,80765
1607330797000,19040,61913,80953
1607331097000,19088,62153,81241
1607331397000,19093,61886,80979
1607331697000,19173,62257,81430
1607331997000,19098,62075,81173
1607332297000,19244,62278,81522
1607332597000,19367,61562,80929
1607332897000,19437,61328,80765
1607333197000,19463,60842,80305
1607333497000,19550,61041,80591
1607333797000,19692,60817,80509
1607334097000,19813,60996,80809
1607334396000,19897,60767,80664
1607334697000,20053,61072,81125
1607334997000,20185,60819,81004
1607335297000,20263,60297,80560
1607335597000,20445,60482,80927
1607335897000,20620,60960,81580
1607336197000,20751,61151,81902
1607336497000,20868,61269,82137
1607336797000,20934,61309,82243
1607337097000,20886,61507,82393
1607337397000,20762,61264,82026
1607337697000,20712,61816,82528
1607337997000,20574,61966,82540
1607338296000,20248,62242,82490
1607338597000,19388,62289,81677
1607338897000,1287,62440,63727
1607339197000,9767,62560,72327
1607339497000,12631,62904,75535
1607339797000,14276,63013,77289
1607340096000,15461,63132,78593
1607340396000,16404,63598,80002
1607340697000,17154,63838,80992
1607340997000,17870,64114,81984
1607341297000,18529,64391,82920
1607341596000,19210,64604,83814
1607341897000,19781,64950,84731
1607342197000,20320,65335,85655
1607342497000,20744,65443,86187
1607342796000,21282,65683,86965
1607343097000,21594,66232,87826
1607343396000,21937,66455,88392
1607343697000,22321,67185,89506
1607343997000,22572,67642,90214
1607344297000,22824,68065,90889
1607344597000,23230,68680,91910
1607344897000,23507,69739,93246
1607345197000,23791,69974,93765
1607345497000,24017,70835,94852
1607345796000,24256,71371,95627
1607346097000,24626,71867,96493
1607346397000,24953,72363,97316
1607346697000,25230,73334,98564
1607346996000,25445,74226,99671
1607347296000,25787,75064,100851
1607347597000,26195,75557,101752
1607347897000,26387,76261,102648
1607348197000,26699,76941,103640
1607348497000,26132,77770,103902
1607348797000,26440,78575,105015
1607349097000,26862,79369,106231
1607349397000,27151,79722,106873
1607349697000,27458,80172,107630
1607349997000,27712,81034,108746
1607350297000,27928,82188,110116
1607350597000,28219,82974,111193
1607350897000,28505,83956,112461
1607351197000,28774,84728,113502
1607351497000,28908,85290,114198
1607351797000,28860,86004,114864
1607352097000,29273,87092,116365
1607352397000,29416,87836,117252
1607352697000,29564,88647,118211
1607352997000,29803,89281,119084
1607353297000,30002,90402,120404
1607353597000,30279,91433,121712
1607353897000,30659,92246,122905
1607354196000,31349,92732,124081
1607354497000,31544,91311,122855
1607354797000,31997,93052,125049
1607355097000,32264,94105,126369
1607355397000,32661,94936,127597
1607355697000,32934,96013,128947
1607355997000,33379,96624,130003
1607356297000,34861,97713,132574
1607356597000,35164,98014,133178
1607356897000,35377,98376,133753
1607357197000,35619,98599,134218
1607357497000,35826,99479,135305
1607357797000,36078,100154,136232
1607358097000,36414,100238,136652
1607358397000,36604,101230,137834
1607358697000,36765,101600,138365
1607358997000,37021,101846,138867
1607359297000,37269,102309,139578
1607359597000,37491,102440,139931
1607359897000,37695,102397,140092
1607360197000,37993,102128,140121
1607360497000,38099,102028,140127
1607360797000,38383,102327,140710
1607361097000,38491,102682,141173
1607361397000,38703,102975,141678
1607361697000,38854,103350,142204
1607361997000,37100,103826,140926
1607362297000,37308,103804,141112
1607362597000,37705,104172,141877
1607362897000,37992,103870,141862
1607363197000,38329,105414,143743
1607363497000,38626,106101,144727
1607363797000,38836,106552,145388
1607364097000,39112,107030,146142
1607364397000,39365,107360,146725
1607364697000,39648,107432,147080
1607364997000,39967,107720,147687
1607365297000,40214,108484,148698
1607365597000,40505,108921,149426
1607365897000,39108,107069,146177
1607366197000,39318,107966,147284
1607366497000,39437,109238,148675
1607366797000,39672,110090,149762
1607367097000,39807,110844,150651
1607367397000,39891,111578,151469
1607367697000,39898,111851,151749
1607367997000,40049,112288,152337
1607368297000,40149,112924,153073
1607368597000,40266,113586,153852
1607368897000,40468,115065,155533
1607369197000,40540,115458,155998
1607369497000,40655,115695,156350
1607369797000,40729,116025,156754
1607370097000,40759,116440,157199
1607370397000,40809,116616,157425
1607370697000,40842,116755,157597
1607370997000,40842,116985,157827
1607371297000,40850,117161,158011
1607371597000,40940,117144,158084
1607371897000,41002,118418,159420
1607372196000,41043,118804,159847
1607372497000,40977,118459,159436
1607372797000,40978,118813,159791
1607373097000,40939,117994,158933
1607373396000,40994,117830,158824
1607373697000,41017,118448,159465
1607373996000,40986,118638,159624
1607374297000,41022,118715,159737
1607374597000,41007,118719,159726
1607374897000,40928,117524,158452
1607375197000,40909,117042,157951
1607375497000,40831,117516,158347
1607375797000,40779,117907,158686
1607376097000,40748,117611,158359
1607376397000,40699,117726,158425
1607376696000,40593,117719,158312
1607376997000,40551,117036,157587
1607377297000,40516,116704,157220
1607377597000,40377,116502,156879
1607377897000,40179,117368,157547
1607378197000,40140,117032,157172
1607378496000,40010,116481,156491
1607378797000,39841,115321,155162
1607379096000,39671,115170,154841
1607379397000,39455,114004,153459
1607379697000,39351,113717,153068
1607379997000,39481,112999,152480
1607380297000,39483,112815,152298
1607380597000,39316,112361,151677
1607380897000,39220,112161,151381
1607381197000,39244,112056,151300
1607381501000,39150,111656,150806
1607381797000,39046,110557,149603
1607382097000,38816,109994,148810
1607382397000,38828,108829,147657
1607382697000,38722,109202,147924
1607382997000,38548,108994,147542
1607383297000,38493,108796,147289
1607383597000,38364,108827,147191
1607383896000,38360,108535,146895
1607384197000,38277,107787,146064
1607384497000,38213,107750,145963
1607384797000,38145,107824,145969
1607385097000,38123,107814,145937
1607385397000,38074,107505,145579
1607385697000,38431,107468,145899
1607385997000,38851,107139,145990
1607386297000,38927,107427,146354
1607386597000,39042,107509,146551
1607386897000,38945,107633,146578
1607387197000,38823,106877,145700
1607387497000,38714,107941,146655
1607387796000,38764,108000,146764
1607388097000,38742,107993,146735
1607388397000,38858,108190,147048
1607388697000,38834,108365,147199
1607388997000,38610,108180,146790
1607389297000,38483,108271,146754
1607389597000,38457,107555,146012
1607389897000,38411,108401,146812
1607390197000,38358,107378,145736
1607390497000,38058,107746,145804
1607390797000,38006,104052,142058
1607391097000,37815,103754,141569
1607391397000,37663,104029,141692
1607391697000,37602,104276,141878
1607391997000,37521,103514,141035
1607392297000,37408,104729,142137
1607392596000,37366,104773,142139
1607392897000,37146,104962,142108
1607393197000,37048,104791,141839
1607393497000,36933,104144,141077
1607393797000,36761,104590,141351
1607394097000,36625,104093,140718
1607394396000,36433,104153,140586
1607394697000,36299,103992,140291
1607394996000,36195,103877,140072
1607395297000,36084,103905,139989
1607395597000,35822,103577,139399
1607395897000,35636,103717,139353
1607396197000,35492,103298,138790
1607396497000,35272,102924,138196
1607396797000,34977,102575,137552
1607397097000,34710,102146,136856
1607397397000,34438,101730,136168
1607397697000,34277,101185,135462
1607397996000,33933,100867,134800
1607398306000,33685,99594,133279
1607398597000,33466,100023,133489
1607398897000,33103,99386,132489
1607399197000,32720,98790,131510
1607399497000,32468,98155,130623
1607399797000,32209,97500,129709
1607400096000,31997,96854,128851
1607400397000,31653,96001,127654
1607400697000,31372,95011,126383
1607400997000,31064,94239,125303
1607401297000,30699,93602,124301
1607401597000,30453,92751,123204
1607401898000,30099,91634,121733
1607402196000,29734,90667,120401
1607402497000,29355,89962,119317
1607402797000,29163,89206,118369
1607403097000,28846,88350,117196
1607403397000,28509,87488,115997
1607403697000,28185,86606,114791
1607404000000,27794,85549,113343
1607404296000,27404,84578,111982
1607404596000,27137,83756,110893
1607404897000,26826,83008,109834
1607405197000,26660,81922,108582
1607405497000,26396,81093,107489
1607405797000,26180,80252,106432
1607406097000,25953,79771,105724
1607406396000,25661,79123,104784
1607406697000,25376,78209,103585
1607406997000,25151,77401,102552
1607407296000,24870,76345,101215
1607407597000,24731,75137,99868
1607407897000,24391,74489,98880
1607408197000,22776,73525,96301
1607408497000,22605,72912,95517
1607408797000,22122,71917,94039
1607409097000,21832,70891,92723
1607409397000,22204,70242,92446
1607409697000,22044,69667,91711
1607409997000,21695,69055,90750
1607410297000,21911,67801,89712
1607410597000,21827,66475,88302
1607410897000,21561,65482,87043
1607411200000,22404,65000,87404
1607411497000,22250,64592,86842
1607411797000,22754,64213,86967
1607412097000,22605,63648,86253
1607412397000,22456,63036,85492
1607412697000,22387,62604,84991
1607412996000,22412,61751,84163
1607413297000,22366,61846,84212
1607413596000,21944,61390,83334
1607413897000,22031,61098,83129
1607414204000,21871,60614,82485
1607414497000,21838,60268,82106
1607414797000,21922,59821,81743
1607415097000,21706,59671,81377
1607415397000,21683,59640,81323
1607415697000,21639,59698,81337
1607415997000,21669,58798,80467
1607416297000,21624,57806,79430
1607416597000,21656,57964,79620
1607416897000,21704,57862,79566
1607417197000,21684,57706,79390
1607417497000,21762,57578,79340
1607417797000,21714,57094,78808
1607418097000,21655,57238,78893
1607418397000,21760,57631,79391
1607418697000,21841,57724,79565
1607418997000,21850,57803,79653
1607419297000,21800,57350,79150
1607419596000,21903,57032,78935
1607419897000,21883,57031,78914
1607420197000,22052,56877,78929
1607420497000,22171,56801,78972
1607420796000,22181,56723,78904
1607421097000,22227,56550,78777
1607421396000,22213,56496,78709
1607421697000,22049,56576,78625
1607421996000,22118,56843,78961
1607422297000,22279,56955,79234
1607422609000,22393,57120,79513
1607422897000,22434,57284,79718
1607423196000,22580,57517,80097
1607423497000,22659,57378,80037
1607423947000,22595,56815,79410
1607424097000,22792,58211,81003
1607424397000,22741,58416,81157
1607424697000,22748,58500,81248
1607424997000,22621,58831,81452
1607425297000,22642,58964,81606
1607425597000,22333,59033,81366
1607425898000,22284,59482,81766
1607426197000,22436,59845,82281
1607426498000,22549,60081,82630
1607426796000,22644,60444,83088
1607427097000,22796,60849,83645
1607427397000,23047,61112,84159
1607427697000,23179,61537,84716
1607427997000,23242,61647,84889
1607428297000,23453,62023,85476
1607428596000,23554,62356,85910
1607428897000,23639,62368,86007
1607429197000,23805,62426,86231
1607429497000,23945,63118,87063
1607429798000,23994,63445,87439
1607430097000,24164,63908,88072
1607430397000,24359,64422,88781
1607430697000,24461,65000,89461
1607430997000,24615,65640,90255
1607431297000,24804,66229,91033
1607431597000,24951,67024,91975
1607431897000,25251,67754,93005
1607432197000,25510,68206,93716
1607432497000,25696,68541,94237
1607432797000,25849,69270,95119
1607433097000,26077,70019,96096
1607433397000,26251,69260,95511
1607433697000,26562,70969,97531
1607433997000,26974,72046,99020
1607434297000,27198,73012,100210
1607434597000,27473,74093,101566
1607434896000,27883,75010,102893
1607435197000,28116,75811,103927
1607435497000,28481,76455,104936
1607435797000,28768,76838,105606
1607436097000,29174,77474,106648
1607436397000,29478,77959,107437
1607436697000,29766,78710,108476
1607436997000,30060,79690,109750
1607437026000,30108,79717,109825
1607437065000,29322,79890,109212
1607437084000,29326,80006,109332
1607437359000,29598,80860,110458
1607437597000,29880,81524,111404
1607437897000,30160,82043,112203
1607438198000,30293,82726,113019
1607438497000,30570,83413,113983
1607438797000,30760,84302,115062
1607439097000,31038,85133,116171
1607439397000,31267,85744,117011
1607439697000,31395,86515,117910
1607439997000,31700,87105,118805
1607440297000,31867,87968,119835
1607440597000,32142,88957,121099
1607440897000,32305,89875,122180
1607441197000,32602,90534,123136
1607441497000,32771,90774,123545
1607441797000,33031,91313,124344
1607442097000,33338,92060,125398
1607442397000,33513,92757,126270
1607442697000,33760,93491,127251
1607442996000,33961,93780,127741
1607443297000,34070,94156,128226
1607443597000,34203,94343,128546
1607443897000,34360,94981,129341
1607444197000,34671,95284,129955
1607444497000,34779,95865,130644
1607444797000,34865,96305,131170
1607445097000,35112,96625,131737
1607445399000,35248,97251,132499
1607445697000,35327,97590,132917
1607445997000,35534,97617,133151
1607446297000,35927,98085,134012
1607446597000,36196,98025,134221
1607446897000,36445,97896,134341
1607447197000,36700,98102,134802
1607447497000,36806,98514,135320
1607447797000,37065,99031,136096
1607448096000,37398,99223,136621
1607448397000,37706,99698,137404
1607448697000,38022,99137,137159
1607448997000,38273,99537,137810
1607449297000,38718,99983,138701
1607449597000,38998,100733,139731
1607449896000,39308,101176,140484
1607450197000,39482,101636,141118
1607450497000,39677,102035,141712
1607450797000,39947,102476,142423
1607451097000,40308,103118,143426
1607451396000,40512,103659,144171
1607451697000,40786,104199,144985
1607451997000,40912,104753,145665
1607452297000,41064,105340,146404
1607452597000,41223,105965,147188
1607452897000,41430,106799,148229
1607453197000,39539,107299,146838
1607453497000,38389,107036,145425
1607453797000,38293,108027,146320
1607454097000,38269,108426,146695
1607454397000,38745,108730,147475
1607454697000,38817,109274,148091
1607454997000,38851,109447,148298
1607455300000,40148,109984,150132
1607455597000,40290,110088,150378
1607455897000,40307,110078,150385
1607456197000,40495,110875,151370
1607456497000,40495,109731,150226
1607456796000,40660,109806,150466
1607457097000,40806,110172,150978
1607457397000,40862,111187,152049
1607457697000,40934,110962,151896
1607457997000,40970,110953,151923
1607458297000,40878,111489,152367
1607458597000,40940,111637,152577
1607458897000,40942,111850,152792
1607459196000,40908,111386,152294
1607459497000,40869,110186,151055
1607459797000,40863,111555,152418
1607460097000,40889,111817,152706
1607460397000,40962,112399,153361
1607460697000,40912,112736,153648
1607460997000,40778,113052,153830
1607461297000,40713,113105,153818
1607461597000,40698,112923,153621
1607461897000,40608,112440,153048
1607462197000,40613,111849,152462
1607462497000,40550,111681,152231
1607462797000,40447,111235,151682
1607463097000,40353,111102,151455
1607463397000,40195,110844,151039
1607463697000,40142,110343,150485
1607463997000,40054,110156,150210
1607464297000,39956,108596,148552
1607464597000,39944,109357,149301
1607464897000,39612,108530,148142
1607465197000,39489,107889,147378
1607465497000,39300,107611,146911
1607465797000,39148,107285,146433
1607466097000,39141,106200,145341
1607466397000,38985,106363,145348
1607466697000,38890,105919,144809
1607466997000,38854,105294,144148
1607467297000,38794,104886,143680
1607467597000,38739,104676,143415
1607467897000,38750,104450,143200
1607468197000,38531,103463,141994
1607468497000,38442,102682,141124
1607468797000,38289,102079,140368
1607469097000,38058,101676,139734
1607469397000,38002,101446,139448
1607469697000,37968,101692,139660
1607469997000,37951,101506,139457
1607470297000,37899,101380,139279
1607470597000,37574,100832,138406
1607470897000,37635,100791,138426
1607471197000,37660,100994,138654
1607471497000,37673,101074,138747
1607471797000,37783,100803,138586
1607472097000,38127,100447,138574
1607472397000,38610,99413,138023
1607472697000,38599,100731,139330
1607472997000,38649,100751,139400
1607473297000,38560,101032,139592
1607473597000,38526,100647,139173
1607473918000,38536,101097,139633
1607474197000,38541,101272,139813
1607474497000,38538,101099,139637
1607474797000,38445,101336,139781
1607475097000,38221,101205,139426
1607475399000,38263,100985,139248
1607475697000,38129,100916,139045
1607475997000,38007,100936,138943
1607476297000,37980,100985,138965
1607476597000,37932,101211,139143
1607476897000,37875,101545,139420
1607477196000,37736,100957,138693
1607477497000,37690,101815,139505
1607477797000,37664,102204,139868
1607478097000,37648,102141,139789
1607478397000,37496,102189,139685
1607478697000,37378,102265,139643
1607478997000,37188,102320,139508
1607479297000,37114,102181,139295
1607479597000,37077,102554,139631
1607479897000,36921,102792,139713
1607480196000,36851,102547,139398
1607480497000,36875,102638,139513
1607480797000,36666,102310,138976
1607481097000,36521,102441,138962
1607481397000,36474,102119,138593
1607481697000,36253,101971,138224
1607481997000,36130,101828,137958
1607482297000,36013,101528,137541
1607482596000,35814,101195,137009
1607482897000,35596,100788,136384
1607483197000,35436,100222,135658
1607483497000,35210,99820,135030
1607483797000,35049,99321,134370
1607484099000,34859,99077,133936
1607484397000,34602,98695,133297
1607484697000,34289,98380,132669
1607484996000,34089,97932,132021
1607485297000,33814,97501,131315
1607485597000,33521,96889,130410
1607485897000,33279,96045,129324
1607486197000,32924,95426,128350
1607486497000,32595,94264,126859
1607486797000,32252,93638,125890
1607487097000,31917,92561,124478
1607487397000,31671,92305,123976
1607487697000,31388,91448,122836
1607487997000,30992,91006,121998
1607488297000,30320,90247,120567
1607488597000,30004,89198,119202
1607488897000,29709,88374,118083
1607489197000,29392,87430,116822
1607489497000,29069,86453,115522
1607489799000,28644,85551,114195
1607490097000,28405,84481,112886
1607490397000,28031,83727,111758
1607490701000,27753,83059,110812
1607490997000,27538,82360,109898
1607491297000,27271,81523,108794
1607491597000,26911,81101,108012
1607491897000,26705,79130,105835
1607492197000,26497,79489,105986
1607492497000,26285,78843,105128
1607492797000,26057,77805,103862
1607493097000,25790,77086,102876
1607493398000,25618,76201,101819
1607493697000,25175,75335,100510
1607493997000,24873,74169,99042
1607494297000,24629,73183,97812
1607494597000,24375,72213,96588
1607494897000,22587,71636,94223
1607495197000,22636,70887,93523
1607495497000,22499,70233,92732
1607495800000,22383,69588,91971
1607496097000,22278,69078,91356
1607496397000,22398,68681,91079
1607496697000,22265,66713,88978
1607496996000,22090,66983,89073
1607497297000,21939,66255,88194
1607497597000,22903,65554,88457
1607497897000,22732,64995,87727
1607498199000,22668,64794,87462
1607498497000,22563,64313,86876
1607498797000,22428,63568,85996
1607499097000,22330,63127,85457
1607499397000,22211,62739,84950
1607499697000,22086,62563,84649
1607499996000,22006,62325,84331
1607500297000,21901,62133,84034
1607500597000,21315,61849,83164
1607500897000,21239,60923,82162
1607501197000,21348,60415,81763
1607501497000,21227,60332,81559
1607501797000,21225,60395,81620
1607502098000,21224,60375,81599
1607502397000,21380,60386,81766
1607502697000,21480,60342,81822
1607502997000,21503,60419,81922
1607503297000,21510,60201,81711
1607503597000,21601,60477,82078
1607503897000,21628,60665,82293
1607504197000,21632,60583,82215
1607504497000,21597,59405,81002
1607504797000,21414,59111,80525
1607505097000,21518,59155,80673
1607505397000,21604,59012,80616
1607505696000,21656,58984,80640
1607505997000,21663,59092,80755
1607506027000,21624,58822,80446
1607506065000,21644,59049,80693
1607506311000,21676,58937,80613
1607506597000,21806,58920,80726
1607506897000,21863,58988,80851
1607507197000,21862,58501,80363
1607507497000,21998,58167,80165
1607507797000,22201,58107,80308
1607508097000,22291,58262,80553
1607508396000,22544,58250,80794
1607508697000,22445,58200,80645
1607508997000,22508,58366,80874
1607509297000,22657,58698,81355
1607509597000,22729,58885,81614
1607509897000,22807,59222,82029
1607510197000,22923,59264,82187
1607510497000,23033,59347,82380
1607510797000,23199,59189,82388
1607511097000,23131,59320,82451
1607511400000,23273,59157,82430
1607511697000,23361,58662,82023
1607511997000,23446,57663,81109
1607512297000,23613,56939,80552
1607512597000,23739,55636,79375
1607512897000,23797,53939,77736
1607513197000,23865,50374,74239
1607513497000,24048,5633,29681
1607513796000,24216,19709,43925
1607514096000,24400,25804,50204
1607514397000,24621,29364,53985
1607514697000,24811,32179,56990
1607514997000,24982,34287,59269
1607515297000,25145,35872,61017
1607515597000,25226,37713,62939
1607515897000,25360,39199,64559
1607516197000,25515,40447,65962
1607516497000,25742,41463,67205
1607516797000,24540,42590,67130
1607517097000,24707,43495,68202
1607517397000,24850,44391,69241
1607517697000,25026,46087,71113
1607517996000,25193,48541,73734
1607518297000,25450,50513,75963
1607518597000,25624,52266,77890
1607518897000,25806,53793,79599
1607519197000,25988,55173,81161
1607519497000,26334,56474,82808
1607519797000,26604,57678,84282
1607520097000,27026,59115,86141
1607520397000,27241,60236,87477
1607520697000,27482,61639,89121
1607520997000,27735,62874,90609
1607521297000,27216,64052,91268
1607521597000,27463,64800,92263
1607521897000,27621,65771,93392
1607522197000,27870,66703,94573
1607522497000,28126,67720,95846
1607522797000,28076,68729,96805
1607523097000,28387,69777,98164
1607523397000,28705,70704,99409
1607523697000,28830,71542,100372
1607523997000,29016,72297,101313
1607524297000,29115,72896,102011
1607524599000,29443,73382,102825
1607524897000,29716,74351,104067
1607525197000,30006,75170,105176
1607525497000,30138,75895,106033
1607525797000,30328,76602,106930
1607526103000,30463,77188,107651
1607526397000,30685,78083,108768
1607526697000,30975,78740,109715
1607526997000,31206,79915,111121
1607527297000,31452,80683,112135
1607527597000,31580,81311,112891
1607527897000,31686,81840,113526
1607528197000,31894,82114,114008
1607528497000,32187,83405,115592
1607528797000,32437,84286,116723
1607529097000,32759,85072,117831
1607529397000,32900,85098,117998
1607529697000,32979,85478,118457
1607529997000,33167,85759,118926
1607530297000,33431,86084,119515
1607530597000,33504,86349,119853
1607530897000,33648,86980,120628
1607531197000,33899,87383,121282
1607531497000,34070,87670,121740
1607531797000,34183,87933,122116
1607532097000,34342,88396,122738
1607532397000,34436,88772,123208
1607532697000,34662,89080,123742
1607532997000,34607,89192,123799
1607533297000,34727,89131,123858
1607533597000,34895,90020,124915
1607533897000,35097,90149,125246
1607534197000,35292,90509,125801
1607534497000,35405,91227,126632
1607534797000,35533,91518,127051
1607535097000,35707,91856,127563
1607535397000,35939,92698,128637
1607535697000,36047,92978,129025
1607535997000,36293,93488,129781
1607536297000,36295,93890,130185
1607536597000,36549,94677,131226
1607536897000,36691,95595,132286
1607537197000,36786,96298,133084
1607537497000,36843,96862,133705
1607537796000,37059,97481,134540
1607538100000,37202,97139,134341
1607538397000,36047,97963,134010
1607538697000,36077,99054,135131
1607538997000,37311,99542,136853
1607539297000,36379,100644,137023
1607539750000,36601,101608,138209
1607539897000,37049,101861,138910
1607540197000,37958,102004,139962
1607540497000,38381,102413,140794
1607540797000,38461,103249,141710
1607541097000,38573,104062,142635
1607541396000,38746,104794,143540
1607541696000,38914,105572,144486
1607541997000,39074,106363,145437
1607542297000,39323,106675,145998
1607542596000,39315,107037,146352
1607542897000,39385,107178,146563
1607543196000,39425,107432,146857
1607543497000,39591,107732,147323
1607543797000,39604,107947,147551
1607544097000,39567,108025,147592
1607544397000,39769,108074,147843
1607544697000,39754,108717,148471
1607544996000,39624,109030,148654
1607545300000,39768,109061,148829
1607545597000,39841,109088,148929
1607545897000,39770,109162,148932
1607546197000,39804,109217,149021
1607546498000,39913,109093,149006
1607546797000,39800,109645,149445
1607547097000,39731,109661,149392
1607547397000,39722,109573,149295
1607547703000,39573,109205,148778
1607547997000,39467,109309,148776
1607548300000,39375,108526,147901
1607548597000,39309,108551,147860
1607548897000,39218,109234,148452
1607549197000,39192,109278,148470
1607549497000,39183,108759,147942
1607549797000,39064,108581,147645
1607550097000,39041,108317,147358
1607550397000,38965,108180,147145
1607550697000,38764,108110,146874
1607550997000,38660,107504,146164
1607551297000,38403,107131,145534
1607551597000,38297,105863,144160
1607551897000,37968,105366,143334
1607552197000,37791,105184,142975
1607552497000,37587,104760,142347
1607552797000,37518,104458,141976
1607553097000,37096,104185,141281
1607553396000,36974,99323,136297
1607553697000,37072,101101,138173
1607553997000,37092,100892,137984
1607554297000,37070,100854,137924
1607554597000,37072,101028,138100
1607554897000,36869,100792,137661
1607555197000,36820,100841,137661
1607555496000,36812,100555,137367
1607555797000,36796,100618,137414
1607556097000,36692,100355,137047
1607556397000,36813,100183,136996
1607556697000,36761,100193,136954
1607556997000,36836,100228,137064
1607557297000,36835,100425,137260
1607557597000,36800,100594,137394
1607557897000,36897,100451,137348
1607558197000,37057,100287,137344
1607558496000,37165,99558,136723
1607558797000,37333,99319,136652
1607559097000,37324,99108,136432
1607559397000,37230,99133,136363
1607559697000,37282,99329,136611
1607559997000,37069,99353,136422
1607560297000,37009,99705,136714
1607560597000,36863,99823,136686
1607560897000,36781,99858,136639
1607561197000,36725,99857,136582
1607561497000,36698,99444,136142
1607561797000,36610,99437,136047
1607562097000,36506,99539,136045
1607562396000,36398,100121,136519
1607562697000,36473,100375,136848
1607562997000,36490,100342,136832
1607563297000,36396,100404,136800
1607563597000,36352,100485,136837
1607563897000,36280,100551,136831
1607564197000,36239,100486,136725
1607564497000,36187,100526,136713
1607564797000,35987,100650,136637
1607565102000,35822,100722,136544
1607565397000,35750,101080,136830
1607565697000,35604,100912,136516
1607565997000,35352,100090,135442
1607566297000,35256,100538,135794
1607566597000,35181,100739,135920
1607566897000,35066,100616,135682
1607567197000,35035,100708,135743
1607567497000,34886,100663,135549
1607567797000,34787,100751,135538
1607568097000,34650,100031,134681
1607568397000,34432,100421,134853
1607568697000,34236,98995,133231
1607568998000,33941,99642,133583
1607569297000,33785,99168,132953
1607569597000,33555,98647,132202
1607569897000,33343,98207,131550
1607570197000,33088,97829,130917
1607570497000,32905,97309,130214
1607570797000,32756,96746,129502
1607571097000,32450,96497,128947
1607571397000,32293,96082,128375
1607571697000,31934,95248,127182
1607571997000,31737,94769,126506
1607572296000,31445,94219,125664
1607572597000,31159,93287,124446
1607572896000,30815,92642,123457
1607573196000,30542,91716,122258
1607573553000,29819,89826,119645
1607573582000,29772,89262,119034
1607573797000,29626,90211,119837
1607574097000,29434,89417,118851
1607574397000,29202,88582,117784
1607574697000,28977,87159,116136
1607574996000,28722,86953,115675
1607575297000,28463,86321,114784
1607575596000,28148,85538,113686
1607575897000,27877,84771,112648
1607576196000,27555,83881,111436
1607576497000,27290,82711,110001
1607576797000,26983,81974,108957
1607577097000,26762,81323,108085
1607577397000,26405,80475,106880
1607577697000,26179,79804,105983
1607577997000,25958,78931,104889
1607578297000,25752,78145,103897
1607578597000,25488,77557,103045
1607578897000,25374,76754,102128
1607579197000,24580,75887,100467
1607579497000,24403,74903,99306
1607579797000,24186,74227,98413
1607580097000,23950,73284,97234
1607580397000,23759,72199,95958
1607580697000,23606,71164,94770
1607580997000,23324,70097,93421
1607581297000,23155,69098,92253
1607581597000,21701,67864,89565
1607581897000,21275,67031,88306
1607582196000,21374,66489,87863
1607582497000,21281,65707,86988
1607582797000,21294,64994,86288
1607583097000,21433,64350,85783
1607583397000,21364,63128,84492
1607583697000,21219,62619,83838
1607583996000,21998,61797,83795
1607584297000,22211,61441,83652
1607584596000,22178,60973,83151
1607584897000,22056,60674,82730
1607585196000,21843,60104,81947
1607585497000,21778,59842,81620
1607585797000,21696,59790,81486
1607586097000,21596,59672,81268
1607586397000,21546,59618,81164
1607586697000,21490,59268,80758
1607586997000,21400,58932,80332
1607587297000,21353,58341,79694
1607587597000,21274,57662,78936
1607587897000,21201,57340,78541
1607588203000,21003,56343,77346
1607588497000,20899,57531,78430
1607588797000,20776,57335,78111
1607589097000,20843,57508,78351
1607589397000,20571,57092,77663
1607589697000,20590,56775,77365
1607589997000,20703,56775,77478
1607590297000,20751,57120,77871
1607590598000,20821,57214,78035
1607590897000,20876,57060,77936
1607591197000,20945,57116,78061
1607591497000,20946,56961,77907
1607591797000,21021,56943,77964
1607592097000,21048,56712,77760
1607592397000,20917,56435,77352
1607592697000,21076,56186,77262
1607592996000,21079,56258,77337
1607593297000,21160,56170,77330
1607593597000,21179,56356,77535
1607593897000,21201,56376,77577
1607594197000,21274,56719,77993
1607594497000,21345,56796,78141
1607594797000,21394,57024,78418
1607595097000,21051,57502,78553
1607595396000,20852,57594,78446
1607595697000,20848,57409,78257
1607595997000,20941,57077,78018
1607596297000,20963,57351,78314
1607596597000,20894,57640,78534
1607596897000,20907,57896,78803
1607597197000,20872,57787,78659
1607597497000,20989,57931,78920
1607597797000,21049,58009,79058
1607598097000,21056,57923,78979
1607598397000,21136,58442,79578
1607598697000,21284,58943,80227
1607598996000,21446,59044,80490
1607599297000,21585,59126,80711
1607599597000,21695,59173,80868
1607599897000,21835,59312,81147
1607600197000,21938,59343,81281
1607600498000,22088,59677,81765
1607600797000,21909,59585,81494
1607601097000,22137,58266,80403
1607601397000,22298,57649,79947
1607601697000,22516,56549,79065
1607601997000,22701,55288,77989
1607602297000,22717,52729,75446
1607602597000,22888,5209,28097
1607602897000,23015,24548,47563
1607603197000,23200,32345,55545
1607603497000,23363,37339,60702
1607603796000,23452,41211,64663
1607604097000,23584,44566,68150
1607604397000,23829,47286,71115
1607604697000,23940,49405,73345
1607604997000,24146,51412,75558
1607605297000,24330,53485,77815
1607605596000,24625,55459,80084
1607605897000,24849,57301,82150
1607606199000,25077,59073,84150
1607606497000,25251,60583,85834
1607606797000,25364,62045,87409
1607607097000,25530,63503,89033
1607607397000,25761,64728,90489
1607607697000,25949,65872,91821
1607607997000,26123,67068,93191
1607608297000,26396,67810,94206
1607608597000,26576,68818,95394
1607608897000,26845,69684,96529
1607609197000,27059,70888,97947
1607609497000,27286,72042,99328
1607609833000,27570,73522,101092
1607610097000,27686,74108,101794
1607610398000,27932,74795,102727
1607610697000,28166,75720,103886
1607610997000,28463,76975,105438
1607611313000,28905,78098,107003
1607611597000,29136,79140,108276
1607611897000,29474,79856,109330
1607612197000,29829,80752,110581
1607612497000,30143,81486,111629
1607612797000,30398,82292,112690
1607613097000,30757,83659,114416
1607613397000,31061,84518,115579
1607613697000,31329,84686,116015
1607613997000,31618,85951,117569
1607614297000,31860,86894,118754
1607614597000,32128,86887,119015
1607614897000,32366,87263,119629
1607615197000,32644,88163,120807
1607615496000,32800,88588,121388
1607615797000,33104,88912,122016
1607616097000,33251,89226,122477
1607616399000,32178,89823,122001
1607616697000,32321,90100,122421
1607616996000,32504,90494,122998
1607617297000,32649,90974,123623
1607617596000,32741,91172,123913
1607617897000,33041,91465,124506
1607618196000,33304,91668,124972
1607618497000,33421,90937,124358
1607618797000,33562,92327,125889
1607619097000,33796,92665,126461
1607619396000,33883,92544,126427
1607619697000,33945,92525,126470
1607619997000,33970,92332,126302
1607620297000,34134,92858,126992
1607620597000,34231,92743,126974
1607620897000,34556,94004,128560
1607621197000,34761,94398,129159
1607621497000,34940,94822,129762
1607621797000,35028,95508,130536
1607622097000,35185,95967,131152
1607622397000,35371,96593,131964
1607622697000,35540,96701,132241
1607622997000,35574,96894,132468
1607623297000,35722,97367,133089
1607623597000,35900,96563,132463
1607623897000,36030,96948,132978
1607624197000,36218,98778,134996
1607624497000,36379,99261,135640
1607624797000,36575,99953,136528
1607625097000,36651,100134,136785
1607625397000,36815,100641,137456
1607625697000,36941,101027,137968
1607625997000,37114,101209,138323
1607626297000,37340,102033,139373
1607626597000,37514,102340,139854
1607626897000,36586,102406,138992
1607627197000,36605,102742,139347
1607627497000,36859,103239,140098
1607627797000,37064,103442,140506
1607628097000,37706,104036,141742
1607628397000,37869,104301,142170
1607628697000,39088,102980,142068
1607628997000,39391,105205,144596
1607629297000,39607,105537,145144
1607629597000,39793,105749,145542
1607629897000,39960,105986,145946
1607630197000,38650,106034,144684
1607630497000,38682,106081,144763
1607630797000,38658,105985,144643
1607631097000,38636,106293,144929
1607631397000,38693,106591,145284
1607631697000,38696,106614,145310
1607631997000,38742,106676,145418
1607632297000,38667,106687,145354
1607632597000,38637,106523,145160
1607632897000,38687,106824,145511
1607633197000,38736,105381,144117
1607633497000,38677,105266,143943
1607633797000,38743,106429,145172
1607634097000,38637,106128,144765
1607634397000,38780,105458,144238
1607634697000,38686,106208,144894
1607634996000,38538,106504,145042
1607635297000,38406,106469,144875
1607635597000,38315,106214,144529
1607635897000,38247,105995,144242
1607636196000,38159,105670,143829
1607636497000,38145,105571,143716
1607636797000,38064,105329,143393
1607637097000,37919,104886,142805
1607637397000,37745,104576,142321
1607637697000,37628,104134,141762
1607637997000,37389,103986,141375
1607638297000,37180,103222,140402
1607638597000,37040,102852,139892
1607638897000,36908,102574,139482
1607639197000,36881,100713,137594
1607639497000,36681,101207,137888
1607639796000,36618,100864,137482
1607640097000,36591,100154,136745
1607640397000,36516,99981,136497
1607640697000,36434,99685,136119
1607640997000,36200,99464,135664
1607641297000,36152,98834,134986
1607641598000,35342,97876,133218
1607641897000,35997,97723,133720
1607642197000,35976,97605,133581
1607642498000,35865,97551,133416
1607642797000,35851,97312,133163
1607643097000,35726,96758,132484
1607643396000,35677,96959,132636
1607643697000,35710,96731,132441
1607643997000,35719,95464,131183
1607644297000,35579,96143,131722
1607644597000,35655,96528,132183
1607644897000,35816,96333,132149
1607645197000,36234,96284,132518
1607645497000,36349,96304,132653
1607645797000,36328,96377,132705
1607646097000,36344,96334,132678
1607646397000,36352,96230,132582
1607646697000,36287,95965,132252
1607646997000,36242,96348,132590
1607647297000,36308,96448,132756
1607647597000,36271,96705,132976
1607647897000,36250,96842,133092
1607648197000,36230,94668,130898
1607648498000,36176,95216,131392
1607648797000,36126,95653,131779
1607649097000,36028,95282,131310
1607649397000,36050,96550,132600
1607649697000,36002,96885,132887
1607649997000,35921,97133,133054
1607650297000,35870,97405,133275
1607650597000,35811,97670,133481
1607650897000,35711,97932,133643
1607651197000,35499,98359,133858
1607651497000,35512,98499,134011
1607651797000,35386,98434,133820
1607652097000,35348,98370,133718
1607652396000,35259,98363,133622
1607652697000,35154,98477,133631
1607652996000,34926,98440,133366
1607653297000,34762,98378,133140
1607653597000,34661,98031,132692
1607653897000,34524,97204,131728
1607654197000,34393,98096,132489
1607654497000,34227,98026,132253
1607654796000,34016,97931,131947
1607655096000,33919,97683,131602
1607655397000,33629,97277,130906
1607655697000,33478,97082,130560
1607655996000,33335,96547,129882
1607656297000,33110,96338,129448
1607656597000,32857,95770,128627
1607656897000,32792,95559,128351
1607657197000,32541,95106,127647
1607657497000,32351,94643,126994
1607657796000,32035,94195,126230
1607658097000,31910,93640,125550
1607658396000,31748,93361,125109
1607658697000,31531,92883,124414
1607658997000,31321,92162,123483
1607659297000,31111,91156,122267
1607659597000,30943,90839,121782
1607659897000,30720,90320,121040
1607660197000,30421,89405,119826
1607660496000,30137,88482,118619
1607660797000,29782,87882,117664
1607661097000,29479,86768,116247
1607661397000,29129,86166,115295
1607661709000,28806,85487,114293
1607661739000,28739,85453,114192
1607661997000,28424,84645,113069
1607662296000,28129,83783,111912
1607662597000,27852,83140,110992
1607662897000,27562,82040,109602
1607663197000,27167,81437,108604
1607663497000,26803,80584,107387
1607663797000,26576,79840,106416
1607664109000,26220,79316,105536
1607664397000,25968,78558,104526
1607664697000,25832,77895,103727
1607664996000,25598,77399,102997
1607665297000,25355,76645,102000
1607665597000,25012,75763,100775
1607665897000,24745,75167,99912
1607666197000,24533,74415,98948
1607666497000,24228,73676,97904
1607666797000,23563,72825,96388
1607667097000,23498,72115,95613
1607667397000,23292,71538,94830
1607667697000,22961,71116,94077
1607667997000,21617,70262,91879
1607668297000,21242,69383,90625
1607668597000,22159,67843,90002
1607669198000,21127,67271,88398
1607669497000,21486,64815,86301
1607669797000,21536,63934,85470
1607670097000,21462,63083,84545
1607670397000,21292,62470,83762
1607670697000,22301,62033,84334
1607670997000,22134,61408,83542
1607671297000,22101,60861,82962
1607671597000,21932,60060,81992
1607671897000,21858,59899,81757
1607672197000,21766,59589,81355
1607672497000,21664,59022,80686
1607672797000,21642,58842,80484
1607673097000,21527,58379,79906
1607673397000,21282,57372,78654
1607673696000,21363,57495,78858
1607673997000,21305,57152,78457
1607674297000,21209,57059,78268
1607674597000,21127,56592,77719
1607674897000,21106,56388,77494
1607675197000,21057,56017,77074
1607675497000,21057,56047,77104
1607675797000,21088,56156,77244
1607676096000,21087,56275,77362
1607676397000,20813,56184,76997
1607676697000,20682,56044,76726
1607676997000,20922,55953,76875
1607677297000,21005,56287,77292
1607677596000,21047,56205,77252
1607677897000,21178,56308,77486
1607678197000,21335,56439,77774
1607678497000,21551,56419,77970
1607678804000,21641,56176,77817
1607679097000,21814,56262,78076
1607679397000,21904,56279,78183
1607679697000,22037,56399,78436
1607679997000,22049,56440,78489
1607680296000,22115,56625,78740
1607680597000,22236,56568,78804
1607680897000,22277,56363,78640
1607681197000,22334,56026,78360
1607681497000,22437,55890,78327
1607681797000,22576,55812,78388
1607682097000,22589,55766,78355
1607682397000,22666,55795,78461
1607682697000,22731,55929,78660
1607682997000,22812,56413,79225
1607683297000,21689,56612,78301
1607683597000,21798,56861,78659
1607683902000,21897,57073,78970
1607684197000,21969,56858,78827
1607684497000,22188,56943,79131
1607684797000,22188,57189,79377
1607685097000,22358,57610,79968
1607685397000,22515,57972,80487
1607685697000,22695,58301,80996
1607685997000,22718,58511,81229
1607686297000,22951,58786,81737
1607686597000,23074,58997,82071
1607686897000,23243,59539,82782
1607687197000,23446,60123,83569
1607687497000,22842,60624,83466
1607687797000,22968,61013,83981
1607688097000,23039,61248,84287
1607688397000,23197,61730,84927
1607688697000,23300,62195,85495
1607688997000,23483,62665,86148
1607689297000,23661,63021,86682
1607689596000,23859,63859,87718
1607689897000,24047,64107,88154
1607690197000,24246,64834,89080
1607690497000,24375,65436,89811
1607690797000,24555,65831,90386
1607691097000,24735,66500,91235
1607691397000,24966,66971,91937
1607691696000,25251,67161,92412
1607691997000,25533,67899,93432
1607692297000,25762,68666,94428
1607692597000,26084,69583,95667
1607692897000,26415,70290,96705
1607693197000,26674,70932,97606
1607693497000,26958,71600,98558
1607693797000,27326,72270,99596
1607694097000,27576,73050,100626
1607694397000,27854,73589,101443
1607694696000,28066,74113,102179
1607694997000,27502,74515,102017
1607695297000,27668,75010,102678
1607695597000,27998,75676,103674
1607695909000,28351,76448,104799
1607695938000,28382,76449,104831
1607695977000,28430,76407,104837
1607696197000,28718,77082,105800
1607696525000,29116,77718,106834
1607696797000,29278,78287,107565
1607697102000,29598,79023,108621
1607697397000,29910,79679,109589
1607697697000,30156,80129,110285
1607697997000,30480,80668,111148
1607698297000,30668,81334,112002
1607698597000,30785,82035,112820
1607698897000,31042,82437,113479
1607699197000,31391,83298,114689
1607699497000,30613,83649,114262
1607699797000,30750,83927,114677
1607700097000,30984,84690,115674
1607700397000,31179,85357,116536
1607700697000,31381,86106,117487
1607700997000,31635,86332,117967
1607701297000,31847,86792,118639
1607701597000,32144,87091,119235
1607701897000,32314,87723,120037
1607702197000,32582,88395,120977
1607702497000,32800,88122,120922
1607702797000,33113,88359,121472
1607703097000,33426,88709,122135
1607703397000,33640,88827,122467
1607703697000,33835,88720,122555
1607703997000,34190,88851,123041
1607704297000,34370,88832,123202
1607704597000,34601,89155,123756
1607704897000,34886,89672,124558
1607705197000,35121,89806,124927
1607705497000,35292,90287,125579
1607705797000,35459,90346,125805
1607706097000,34113,90000,124113
1607706397000,33904,90551,124455
1607706697000,33993,89960,123953
1607706997000,34270,90561,124831
1607707297000,34498,91015,125513
1607707597000,34696,91554,126250
1607707897000,35022,91935,126957
1607708197000,35345,92392,127737
1607708497000,35569,92607,128176
1607708797000,35894,92992,128886
1607709097000,36127,92220,128347
1607709397000,36357,93352,129709
1607709697000,36581,93379,129960
1607709996000,36756,93400,130156
1607710297000,36904,93510,130414
1607710597000,37119,93038,130157
1607710897000,37256,93820,131076
1607711197000,37484,94598,132082
1607711497000,37540,95271,132811
1607711797000,36556,95824,132380
1607712097000,36679,96400,133079
1607712398000,36884,96997,133881
1607712697000,37180,97623,134803
1607712997000,37273,98096,135369
1607713297000,38582,98543,137125
1607713597000,38829,98983,137812
1607713897000,39060,99364,138424
1607714197000,37112,99906,137018
1607714497000,37186,100207,137393
1607714797000,37301,100390,137691
1607715097000,37342,100558,137900
1607715397000,37248,99974,137222
1607715697000,37469,99751,137220
1607715997000,37592,101413,139005
1607716297000,37739,101825,139564
1607716597000,37850,102344,140194
1607716897000,37840,102492,140332
1607717197000,37922,101620,139542
1607717497000,37994,103132,141126
1607717797000,38058,103510,141568
1607718097000,38160,103972,142132
1607718396000,38218,104325,142543
1607718697000,38285,104325,142610
1607718997000,38356,104183,142539
1607719297000,38358,104127,142485
1607719597000,38346,104212,142558
1607719897000,38377,104356,142733
1607720197000,38294,104449,142743
1607720497000,38351,104406,142757
1607720797000,38275,104339,142614
1607721097000,38277,104366,142643
1607721397000,38311,104480,142791
1607721697000,38450,104815,143265
1607721997000,38526,104174,142700
1607722297000,38481,104462,142943
1607722597000,38581,104265,142846
1607722896000,38640,104394,143034
1607723197000,38617,104456,143073
1607723497000,38661,104245,142906
1607723798000,38537,104136,142673
1607724097000,38484,103674,142158
1607724397000,38467,103537,142004
1607724696000,38294,103897,142191
1607724997000,38197,103635,141832
1607725297000,38073,103244,141317
1607725597000,37963,103227,141190
1607725897000,37848,103019,140867
1607726197000,37770,102751,140521
1607726497000,37798,102401,140199
1607726797000,37781,101306,139087
1607727096000,37714,101881,139595
1607727397000,37585,101105,138690
1607727696000,37604,100592,138196
1607727997000,37625,99787,137412
1607728297000,37603,99647,137250
1607728596000,37622,99309,136931
1607728896000,37688,99181,136869
1607729197000,37722,98974,136696
1607729497000,37819,98437,136256
1607729796000,37863,98306,136169
1607730097000,37942,98160,136102
1607730400000,38023,97929,135952
1607730697000,38102,97857,135959
1607730997000,38191,97515,135706
1607731297000,37002,96687,133689
1607731597000,37425,95876,133301
1607731897000,37447,96669,134116
1607732207000,37458,96616,134074
1607732497000,37414,96449,133863
1607732526000,37387,96360,133747
1607732796000,37311,96385,133696
1607733097000,37146,96545,133691
1607733397000,37145,96528,133673
1607733697000,36974,96741,133715
1607733997000,36907,96841,133748
1607734297000,36891,96772,133663
1607734596000,36844,96498,133342
1607734896000,36761,96758,133519
1607735197000,36667,96019,132686
1607735497000,36501,95627,132128
1607735797000,36384,95954,132338
1607736097000,36165,96026,132191
1607736397000,36059,96184,132243
1607736697000,35935,96062,131997
1607736997000,35880,96296,132176
1607737297000,35880,96101,131981
1607737597000,35833,96028,131861
1607737897000,35696,96067,131763
1607738197000,35591,95847,131438
1607738496000,35573,95550,131123
1607738797000,35537,95880,131417
1607739097000,35375,96252,131627
1607739397000,35240,96230,131470
1607739697000,34999,96228,131227
1607739997000,34841,96025,130866
1607740297000,34727,96011,130738
1607740597000,34649,96093,130742
1607740898000,34519,96083,130602
1607741197000,34352,96105,130457
1607741497000,34208,96094,130302
1607741797000,33995,96129,130124
1607742097000,33967,95829,129796
1607742397000,33819,95527,129346
1607742697000,33583,95575,129158
1607742996000,33484,95163,128647
1607743297000,33269,94649,127918
1607743597000,33109,94346,127455
1607743897000,32938,93952,126890
1607744197000,32751,93797,126548
1607744497000,32603,93294,125897
1607744798000,32545,92960,125505
1607745097000,32381,92543,124924
1607745397000,32261,92128,124389
1607745697000,32106,91359,123465
1607745998000,31890,90867,122757
1607746297000,31712,89968,121680
1607746597000,31496,89932,121428
1607746897000,31386,89818,121204
1607747197000,31069,89455,120524
1607747502000,30878,89058,119936
1607747797000,30587,88473,119060
1607748097000,30414,87718,118132
1607748397000,30152,87194,117346
1607748698000,29899,86778,116677
1607748997000,29678,86066,115744
1607749297000,29207,84237,113444
1607749597000,28976,84070,113046
1607749897000,28618,83346,111964
1607750197000,28404,82506,110910
1607750496000,28129,82203,110332
1607750797000,27939,81648,109587
1607751097000,27666,80200,107866
1607751396000,27432,80507,107939
1607751697000,27160,79981,107141
1607751997000,26809,79285,106094
1607752297000,26570,78659,105229
1607752597000,26340,78133,104473
1607752897000,25566,77413,102979
1607753197000,25422,76641,102063
1607753497000,25272,76124,101396
1607753797000,24998,75554,100552
1607754097000,24845,74740,99585
1607754411000,23175,73688,96863
1607754697000,23173,73423,96596
1607754997000,23186,72634,95820
1607755297000,23009,71855,94864
1607755597000,23303,71059,94362
1607755897000,23341,68450,91791
1607756197000,22963,67644,90607
1607756497000,23133,66920,90053
1607756797000,22928,66050,88978
1607757097000,23814,65597,89411
1607757397000,23601,65061,88662
1607757697000,23463,64555,88018
1607757997000,23321,64018,87339
1607758297000,23147,63457,86604
1607758597000,22995,62375,85370
1607758897000,22945,61734,84679
1607759197000,22743,61232,83975
1607759497000,22595,60981,83576
1607759797000,22480,60738,83218
1607760097000,22451,60114,82565
1607760397000,22389,59314,81703
1607760697000,22303,59045,81348
1607760997000,22157,59117,81274
1607761297000,21991,59089,81080
1607761597000,21851,59217,81068
1607761897000,21812,59265,81077
1607762197000,21783,59554,81337
1607762496000,21701,59633,81334
1607762797000,21665,59872,81537
1607763097000,21679,59837,81516
1607763397000,21669,59676,81345
1607763697000,21670,59576,81246
1607763997000,21700,59422,81122
1607764297000,21727,59484,81211
1607764597000,21701,59696,81397
1607764897000,21590,59553,81143
1607765197000,21812,59559,81371
1607765497000,21757,59099,80856
1607765797000,21762,58313,80075
1607766097000,21867,58285,80152
1607766397000,21873,58042,79915
1607766728000,21969,57965,79934
1607766997000,21949,57862,79811
1607767297000,21967,58023,79990
1607767637000,21676,57991,79667
1607767897000,21844,58158,80002
1607768197000,22009,58200,80209
1607768497000,22068,58456,80524
1607768797000,22213,58685,80898
1607769097000,22341,58919,81260
1607769397000,22380,59177,81557
1607769697000,22468,59481,81949
1607769997000,22571,59637,82208
1607770297000,22632,59397,82029
1607770596000,22735,59194,81929
1607770897000,22809,59834,82643
1607771197000,22842,60095,82937
1607771497000,22923,60434,83357
1607771796000,23030,60965,83995
1607772097000,23221,61322,84543
1607772397000,23394,61534,84928
1607772697000,23631,61816,85447
1607772997000,23346,61828,85174
1607773297000,23487,62457,85944
1607773596000,23649,62902,86551
1607773897000,23860,63285,87145
1607774197000,24038,63830,87868
1607774497000,24216,64165,88381
1607774797000,24408,64672,89080
1607775097000,24619,65245,89864
1607775397000,24859,65672,90531
1607775697000,25113,66014,91127
1607775997000,25338,66702,92040
1607776297000,25444,67087,92531
1607776597000,25627,68091,93718
1607776897000,25820,68644,94464
1607777197000,26034,69237,95271
1607777497000,26257,69850,96107
1607777797000,26426,70075,96501
1607778097000,26682,70285,96967
1607778397000,26890,70810,97700
1607778697000,26987,71423,98410
1607778997000,27196,72338,99534
1607779297000,27491,73119,100610
1607779597000,27665,73285,100950
1607779897000,27805,74199,102004
1607780197000,28011,75105,103116
1607780497000,28242,75822,104064
1607780797000,28364,77623,105987
1607781097000,28615,78248,106863
1607781397000,28825,78740,107565
1607781697000,29057,79019,108076
1607781997000,29329,79564,108893
1607782297000,29519,80233,109752
1607782597000,29816,80243,110059
1607782897000,29993,81103,111096
1607783197000,30231,81093,111324
1607783497000,30543,81760,112303
1607783797000,30837,83144,113981
1607784097000,31076,83866,114942
1607784397000,31417,84593,116010
1607784697000,31602,85386,116988
1607784997000,31741,85972,117713
1607785297000,32059,85566,117625
1607785597000,32419,86459,118878
1607785897000,32622,88054,120676
1607786197000,32852,88555,121407
1607786497000,33086,89531,122617
1607786797000,33322,90034,123356
1607787097000,33548,90873,124421
1607787397000,33798,91279,125077
1607787697000,33918,91894,125812
1607787997000,34118,92850,126968
1607788297000,34238,92546,126784
1607788597000,34509,92905,127414
1607788897000,34604,93030,127634
1607789197000,34673,93838,128511
1607789497000,34855,94413,129268
1607789797000,35044,94918,129962
1607790097000,35164,93500,128664
1607790397000,35355,94940,130295
1607790697000,35454,95556,131010
1607790997000,35575,95983,131558
1607791297000,35766,96083,131849
1607791597000,35878,97047,132925
1607791897000,36174,96336,132510
1607792197000,36337,96733,133070
1607792497000,36370,96111,132481
1607792797000,36492,96708,133200
1607793097000,36493,96643,133136
1607793397000,36623,96958,133581
1607793697000,36723,97058,133781
1607793997000,36924,97095,134019
1607794297000,37117,97920,135037
1607794597000,37192,98335,135527
1607794897000,37324,98583,135907
1607795197000,37392,99253,136645
1607795497000,37558,99468,137026
1607795796000,37711,96554,134265
1607796097000,37804,97006,134810
1607796397000,37990,98657,136647
1607796697000,38102,99068,137170
1607796997000,38242,100920,139162
1607797297000,38354,101082,139436
1607797597000,38574,101247,139821
1607797897000,37325,101515,138840
1607798197000,37358,101691,139049
1607798497000,38334,103038,141372
1607798797000,37655,103654,141309
1607799097000,37967,103883,141850
1607799397000,38372,104634,143006
1607799696000,39237,104504,143741
1607799997000,39579,104643,144222
1607800297000,39619,105560,145179
1607800597000,39795,106072,145867
1607800897000,40013,106697,146710
1607801196000,40051,106937,146988
1607801497000,40173,107731,147904
1607801797000,40215,108003,148218
1607802096000,40356,108278,148634
1607802397000,40499,107825,148324
1607802697000,40624,108469,149093
1607802998000,40674,107556,148230
1607803297000,40684,108839,149523
1607803597000,40733,108765,149498
1607803897000,40762,108509,149271
1607804197000,40814,108841,149655
1607804497000,40878,109024,149902
1607804796000,40893,109331,150224
1607805097000,41019,109460,150479
1607805396000,40998,109639,150637
1607805697000,41114,109993,151107
1607805997000,41254,110142,151396
1607806297000,41208,110680,151888
1607806597000,41237,110712,151949
1607806897000,41310,110322,151632
1607807197000,41277,110217,151494
1607807497000,41375,110072,151447
1607807797000,41434,108926,150360
1607808097000,41426,110331,151757
1607808397000,41385,110595,151980
1607808697000,41243,110366,151609
1607808997000,41317,110612,151929
1607809297000,41310,110484,151794
1607809597000,41236,110417,151653
1607809897000,41223,110033,151256
1607810197000,41116,109740,150856
1607810497000,41135,109338,150473
1607810797000,40982,109095,150077
1607811097000,40918,108958,149876
1607811397000,40851,108584,149435
1607811697000,40614,108601,149215
1607811997000,40452,108337,148789
1607812297000,40389,108179,148568
1607812597000,40388,107920,148308
1607812897000,40329,107354,147683
1607813197000,40201,107301,147502
1607813497000,40142,107104,147246
1607813797000,40033,106564,146597
1607814097000,40045,106188,146233
1607814397000,39820,105591,145411
1607814697000,39631,105004,144635
1607814997000,39482,104883,144365
1607815297000,39427,104554,143981
1607815597000,39437,103954,143391
1607815897000,39614,103686,143300
1607816197000,39100,103083,142183
1607816497000,39064,102756,141820
1607816797000,38897,102429,141326
1607817097000,38738,102002,140740
1607817397000,38765,102100,140865
1607817697000,39085,100663,139748
1607817997000,39407,100334,139741
1607818297000,39355,100107,139462
1607818597000,39334,100032,139366
1607818897000,39177,99886,139063
1607819197000,39002,99927,138929
1607819497000,38749,99716,138465
1607819797000,38690,99636,138326
1607820097000,38577,98713,137290
1607820397000,38469,98593,137062
1607820696000,38352,99634,137986
1607820997000,38103,99695,137798
1607821296000,37925,99650,137575
1607821597000,37831,99450,137281
1607821897000,37667,99415,137082
1607822197000,37593,99294,136887
1607822497000,37565,99464,137029
1607822797000,37535,99450,136985
1607823097000,37442,99292,136734
1607823397000,37438,99345,136783
1607823697000,37166,99588,136754
1607823997000,37083,99602,136685
1607824297000,36976,99578,136554
1607824597000,36983,99454,136437
1607824897000,36840,99296,136136
1607825196000,36795,99216,136011
1607825497000,36682,99336,136018
1607825797000,36505,99238,135743
1607826099000,36542,98397,134939
1607826397000,36132,99251,135383
1607826697000,36028,99081,135109
1607826997000,35864,98918,134782
1607827297000,35804,98765,134569
1607827596000,35674,97983,133657
1607827897000,35628,98476,134104
1607828197000,35511,98392,133903
1607828496000,35399,98063,133462
1607828797000,35281,98028,133309
1607829097000,35225,97846,133071
1607829397000,35140,97610,132750
1607829697000,35046,97463,132509
1607829996000,34920,97302,132222
1607830297000,34753,96711,131464
1607830597000,34628,96837,131465
1607830897000,34387,96333,130720
1607831197000,34260,96000,130260
1607831497000,34079,95360,129439
1607831797000,34016,94981,128997
1607832097000,33758,94280,128038
1607832397000,33655,93852,127507
1607832697000,33492,93348,126840
1607832996000,33333,92927,126260
1607833297000,33154,92603,125757
1607833597000,32940,92281,125221
1607833897000,32681,91739,124420
1607834197000,32423,91298,123721
1607834497000,32157,90940,123097
1607834797000,31895,90352,122247
1607835097000,31596,89797,121393
1607835397000,31453,89243,120696
1607835697000,31110,87932,119042
1607835996000,30884,87204,118088
1607836297000,30558,86896,117454
1607836597000,30281,86547,116828
1607836897000,29924,86076,116000
1607837197000,29587,85530,115117
1607837497000,29288,84587,113875
1607837797000,28931,84303,113234
1607838097000,28649,83404,112053
1607838397000,28344,82625,110969
1607838696000,28054,81881,109935
1607838997000,27900,81164,109064
1607839297000,27575,80100,107675
1607839597000,26930,79208,106138
1607839897000,26643,78260,104903
1607840197000,26317,77317,103634
1607840497000,26146,76351,102497
1607840797000,24750,75195,99945
1607841097000,24441,74318,98759
1607841397000,24258,73315,97573
1607841697000,24418,72480,96898
1607841997000,24034,71900,95934
1607842297000,24385,70191,94576
1607842596000,24248,70238,94486
1607842897000,23737,69347,93084
1607843197000,24318,68290,92608
1607843497000,24675,67834,92509
1607843797000,24150,67242,91392
1607844097000,24079,66507,90586
1607844397000,23871,65969,89840
1607844697000,23717,65572,89289
1607844997000,23547,65201,88748
1607845296000,23347,64865,88212
1607845597000,23223,64342,87565
1607845896000,23171,63331,86502
1607846197000,23000,63048,86048
1607846497000,22761,62233,84994
1607846797000,22655,61634,84289
1607847097000,22594,61059,83653
1607847397000,22471,60712,83183
1607847696000,22377,60762,83139
1607847997000,22342,60696,83038
1607848297000,22472,60774,83246
1607848597000,22588,60547,83135
1607848897000,22539,60152,82691
1607849197000,22549,60067,82616
1607849497000,22581,60330,82911
1607849797000,22562,60284,82846
1607850097000,22546,60206,82752
1607850396000,22503,60156,82659
1607850697000,22472,59905,82377
1607850999000,22487,60002,82489
1607851297000,22594,60075,82669
1607851597000,22602,59923,82525
1607851897000,22623,59460,82083
1607852197000,22666,58121,80787
1607852497000,22806,57812,80618
1607852797000,22938,56815,79753
1607853097000,22987,56517,79504
1607853397000,23079,56620,79699
1607853697000,22789,56277,79066
1607853996000,22870,55825,78695
1607854297000,22933,55168,78101
1607854597000,22989,54406,77395
1607854897000,23003,52687,75690
1607855197000,23112,49975,73087
1607855497000,23512,15524,39036
1607855796000,23623,31538,55161
1607856097000,23796,37545,61341
1607856397000,23986,41438,65424
1607856697000,24106,44474,68580
1607856997000,24156,46672,70828
1607857297000,24201,48770,72971
1607857597000,24309,50820,75129
1607857897000,24427,52245,76672
1607858197000,24566,53736,78302
1607858497000,24666,55044,79710
1607858797000,24757,56172,80929
1607859097000,24954,57109,82063
1607859397000,25078,58186,83264
1607859697000,25298,59006,84304
1607859997000,25415,59658,85073
1607860297000,25680,59959,85639
1607860597000,25769,60826,86595
1607860896000,25942,61462,87404
1607861197000,26074,61992,88066
1607861497000,26246,62842,89088
1607861797000,26391,63250,89641
1607862097000,26503,63941,90444
1607862397000,26647,64692,91339
1607862697000,26739,65430,92169
1607862997000,26903,66136,93039
1607863297000,27084,66793,93877
1607863597000,27273,67534,94807
1607863897000,27441,68014,95455
1607864196000,27637,68748,96385
1607864497000,27815,69344,97159
1607864797000,27979,69870,97849
1607865097000,28138,70466,98604
1607865397000,28318,71167,99485
1607865697000,28525,71654,100179
1607865997000,28733,72600,101333
1607866297000,29012,73230,102242
1607866597000,29360,74029,103389
1607866897000,29554,74765,104319
1607867197000,29740,75361,105101
1607867497000,30037,76159,106196
1607867797000,30325,76896,107221
1607868097000,30506,77666,108172
1607868397000,30864,78527,109391
1607868697000,31049,79106,110155
1607868997000,31333,79925,111258
1607869297000,31649,80933,112582
1607869597000,31852,81732,113584
1607869897000,32143,82354,114497
1607870197000,32432,82897,115329
1607870496000,32696,83632,116328
1607870797000,32872,84426,117298
1607871097000,33119,85131,118250
1607871397000,33300,85879,119179
1607871697000,33649,86390,120039
1607871997000,33882,86808,120690
1607872297000,34122,87637,121759
1607872597000,34366,88837,123203
1607872897000,34628,89866,124494
1607873197000,34913,91022,125935
1607873497000,35255,91995,127250
1607873797000,35449,92894,128343
1607874097000,35780,93835,129615
1607874397000,36041,94304,130345
1607874704000,36285,94843,131128
1607874997000,36422,95700,132122
1607875297000,36623,96062,132685
1607875597000,36814,96336,133150
1607875897000,37041,97312,134353
1607876197000,37262,97716,134978
1607876497000,37553,98010,135563
1607876797000,37723,98366,136089
1607877097000,37872,98594,136466
1607877397000,38077,99297,137374
1607877697000,38237,99713,137950
1607877997000,38378,100119,138497
1607878297000,38598,100277,138875
1607878597000,38805,100579,139384
1607878897000,38863,100833,139696
1607879197000,38785,101025,139810
1607879497000,38969,101340,140309
1607879797000,39210,101811,141021
1607880097000,39493,102174,141667
1607880397000,39666,102791,142457
1607880697000,39862,103215,143077
1607880997000,39928,103497,143425
1607881297000,40168,104093,144261
1607881597000,40360,104382,144742
1607881897000,40535,104638,145173
1607882197000,40712,104801,145513
1607882497000,40807,105249,146056
1607882797000,40920,105840,146760
1607883097000,40986,106572,147558
1607883397000,41100,107066,148166
1607883697000,41396,107787,149183
1607883997000,41521,108552,150073
1607884297000,41635,109078,150713
1607884597000,40349,109485,149834
1607884897000,40909,109484,150393
1607885197000,40697,110546,151243
1607885496000,40847,111037,151884
1607885797000,41055,111749,152804
1607886097000,41408,112595,154003
1607886396000,41616,112975,154591
1607886697000,41687,113543,155230
1607886996000,42864,114025,156889
1607887297000,43083,114589,157672
1607887597000,43229,115299,158528
1607887897000,43190,116297,159487
1607888197000,43230,116529,159759
1607888497000,43405,116782,160187
1607888797000,43478,116606,160084
1607889097000,43559,117023,160582
1607889397000,43651,117298,160949
1607889697000,43648,116684,160332
1607889997000,43744,117412,161156
1607890297000,43712,117624,161336
1607890597000,43765,118230,161995
1607890897000,43748,118670,162418
1607891197000,43836,118808,162644
1607891497000,43880,118847,162727
1607891797000,43863,118946,162809
1607892097000,43899,119116,163015
1607892397000,43858,119368,163226
1607892698000,43853,119425,163278
1607892997000,43804,119250,163054
1607893297000,43572,119272,162844
1607893597000,43499,118814,162313
1607893897000,43327,118337,161664
1607894196000,43215,118182,161397
1607894497000,43140,117799,160939
1607894797000,43118,117559,160677
1607895097000,42981,117419,160400
1607895397000,42810,117098,159908
1607895697000,42738,117182,159920
1607895997000,42663,116609,159272
1607896297000,42436,116626,159062
1607896597000,42395,116022,158417
1607896897000,42260,115430,157690
1607897197000,42099,114940,157039
1607897497000,41895,114794,156689
1607897797000,41541,114556,156097
1607898097000,41341,114380,155721
1607898397000,41206,113810,155016
1607898697000,41198,113336,154534
1607898997000,41085,112697,153782
1607899297000,41094,111926,153020
1607899597000,40963,111774,152737
1607899897000,40888,110881,151769
1607900197000,40607,110222,150829
1607900497000,40381,109422,149803
1607900797000,40213,108747,148960
1607901097000,39932,108319,148251
1607901398000,39789,107803,147592
1607901697000,39764,107655,147419
1607901997000,39528,107377,146905
1607902298000,39474,107198,146672
1607902597000,39452,107003,146455
1607902897000,39196,106439,145635
1607903197000,39111,106120,145231
1607903497000,39087,105694,144781
1607903797000,39127,105327,144454
1607904097000,39401,104767,144168
1607904397000,39919,104303,144222
1607904697000,40039,104030,144069
1607904997000,40091,104072,144163
1607905297000,40074,103804,143878
1607905597000,40030,103504,143534
1607905897000,39942,103574,143516
1607906197000,39820,103409,143229
1607906497000,39747,103551,143298
1607906796000,39672,103718,143390
1607907097000,39619,103730,143349
1607907396000,39462,103499,142961
1607907697000,39415,102531,141946
1607907997000,39285,102457,141742
1607908297000,39178,103610,142788
1607908597000,39033,103806,142839
1607908896000,38960,105095,144055
1607909197000,38812,104948,143760
1607909497000,38732,104616,143348
1607909797000,38653,103560,142213
1607910097000,38577,103865,142442
1607910397000,38463,103952,142415
1607910697000,38370,104142,142512
1607910997000,38364,103942,142306
1607911297000,38262,104309,142571
1607911597000,38028,104193,142221
1607911897000,37866,103960,141826
1607912197000,37689,104219,141908
1607912497000,37422,104013,141435
1607912796000,37255,103818,141073
1607913097000,37094,103739,140833
1607913397000,36869,103481,140350
1607913697000,36684,103136,139820
1607913997000,36528,102560,139088
1607914297000,36245,102487,138732
1607914599000,35961,102236,138197
1607914897000,35807,101785,137592
1607915197000,35514,101298,136812
1607915497000,35289,100954,136243
1607915797000,35107,100275,135382
1607916097000,34752,99903,134655
1607916397000,34604,99576,134180
1607916697000,34330,99121,133451
1607916996000,34085,98508,132593
1607917297000,33825,97991,131816
1607917597000,33622,97384,131006
1607917897000,33302,96750,130052
1607918197000,33094,96118,129212
1607918497000,32807,95264,128071
1607918802000,32493,94654,127147
1607919096000,32110,93769,125879
1607919397000,31845,93021,124866
1607919697000,31501,91892,123393
1607919997000,31257,91063,122320
1607920297000,30930,90350,121280
1607920597000,30507,89393,119900
1607920897000,30178,88963,119141
1607921197000,29946,88069,118015
1607921497000,29637,87388,117025
1607921797000,29293,86363,115656
1607922097000,29013,85087,114100
1607922397000,28695,84390,113085
1607922697000,28343,83757,112100
1607922997000,28071,82893,110964
1607923297000,27829,81981,109810
1607923597000,27597,81234,108831
1607923896000,27411,80593,108004
1607924197000,27006,79645,106651
1607924497000,26744,78994,105738
1607924797000,26497,78152,104649
1607925096000,26319,77470,103789
1607925397000,25953,76565,102518
1607925697000,25630,75371,101001
1607925997000,24783,74263,99046
1607926297000,24600,73477,98077
1607926597000,24423,72154,96577
1607926897000,24218,71499,95717
1607927197000,23968,70464,94432
1607927497000,23772,68771,92543
1607927797000,23617,68602,92219
1607928097000,23452,68009,91461
1607928396000,23264,67280,90544
1607928697000,23063,66418,89481
1607928997000,22784,65490,88274
1607929297000,21310,64733,86043
1607929597000,21386,63850,85236
1607929897000,21049,63735,84784
1607930197000,21929,63328,85257
1607930496000,21206,62867,84073
1607930797000,20725,62320,83045
1607931097000,20559,61949,82508
1607931397000,20539,61491,82030
1607931699000,20426,61463,81889
1607931997000,20287,61592,81879
1607932297000,20063,60789,80852
1607932597000,19743,61002,80745
1607932897000,19701,60456,80157
1607933197000,19531,59527,79058
1607933497000,19496,58724,78220
1607933797000,19382,58710,78092
1607934097000,19392,58447,77839
1607934396000,19514,58732,78246
1607934697000,19656,58450,78106
1607934997000,19628,58882,78510
1607935297000,19495,58758,78253
1607935597000,19517,58975,78492
1607935897000,19554,58837,78391
1607936197000,19602,59027,78629
1607936497000,19613,59077,78690
1607936796000,19613,59148,78761
1607937097000,19597,59058,78655
1607937396000,19600,59078,78678
1607937697000,19646,59308,78954
1607937997000,19745,58964,78709
1607938298000,19804,58874,78678
1607938601000,19910,58659,78569
1607938897000,19868,58828,78696
1607939197000,19926,58538,78464
1607939497000,19978,58794,78772
1607939797000,20055,58726,78781
1607940097000,20136,58754,78890
1607940397000,20142,58947,79089
1607940704000,20150,59055,79205
1607940997000,20193,59117,79310
1607941297000,20291,59267,79558
1607941597000,20323,59365,79688
1607941897000,20169,59665,79834
1607942197000,19999,60095,80094
1607942497000,19754,60414,80168
1607942797000,19411,60599,80010
1607943097000,19057,60741,79798
1607943397000,17978,60932,78910
1607943697000,7043,60914,67957
1607943997000,6,60996,61002
1607944297000,4,61410,61414
1607944597000,0,61749,61749
1607944898000,5,61968,61973
1607945197000,0,61914,61914
1607945497000,5,61635,61640
1607945796000,1,62063,62064
1607946097000,2335,62096,64431
1607946397000,8403,62121,70524
1607949195000,20342,65979,86321
1607949206000,20351,65757,86108
1607949255000,20531,65987,86518
1607949397000,20913,66171,87084
1607949524000,21301,66393,87694
1607949564000,21392,66450,87842
1607949697000,21766,66740,88506
1607949717000,21813,66772,88585
1607949804000,22008,66869,88877
1607949934000,22429,67282,89711
1607949997000,22538,67331,89869
1607950072000,22656,67505,90161
1607950297000,23174,68033,91207
1607950597000,23646,68594,92240
1607950897000,23970,68776,92746
1607951197000,24312,69410,93722
1607951498000,24848,70001,94849
1607951797000,25219,70683,95902
1607952097000,25591,71613,97204
1607952397000,25936,72229,98165
1607952697000,26248,72940,99188
1607952997000,26531,73976,100507
1607953297000,26828,74614,101442
1607953597000,27117,75383,102500
1607953897000,27470,76243,103713
1607954197000,27696,76769,104465
1607954497000,27983,77164,105147
1607954797000,28351,77909,106260
1607955097000,28738,78711,107449
1607955397000,29050,79555,108605
1607955697000,29383,80170,109553
1607955998000,29636,80729,110365
1607956297000,29855,81524,111379
1607956597000,30152,82249,112401
1607956897000,30463,83778,114241
1607957196000,30715,84238,114953
1607957497000,31078,85131,116209
1607957797000,31229,85623,116852
1607958097000,31581,86065,117646
1607958397000,31709,86665,118374
1607958697000,32114,87209,119323
1607958997000,32282,88092,120374
1607959297000,32543,88486,121029
1607959597000,32749,88440,121189
1607959897000,33343,88881,122224
1607960197000,33655,89581,123236
1607960497000,33873,90500,124373
1607960806000,34127,91199,125326
1607961097000,35444,91804,127248
1607961397000,35673,91785,127458
1607961697000,35827,92038,127865
1607961997000,36011,92592,128603
1607962297000,36298,93354,129652
1607962597000,36571,93870,130441
1607962897000,36665,94517,131182
1607963197000,36948,94745,131693
1607963497000,37091,95970,133061
1607963797000,37408,96155,133563
1607964096000,37673,96325,133998
1607964397000,37927,96711,134638
1607964697000,38302,97141,135443
1607964997000,38644,97125,135769
1607965297000,38903,96959,135862
1607965597000,39231,97198,136429
1607965897000,39480,97534,137014
1607966204000,39656,98358,138014
1607966497000,40066,98610,138676
1607966797000,40431,98134,138565
1607967097000,40689,98293,138982
1607967398000,40973,98580,139553
1607967697000,41262,99407,140669
1607968004000,41510,99245,140755
1607968297000,41787,99467,141254
1607968597000,42069,100473,142542
1607968897000,42129,100704,142833
1607969197000,42208,100882,143090
1607969497000,42460,101174,143634
1607969797000,42807,101224,144031
1607970097000,42916,102128,145044
1607970397000,43249,102884,146133
1607970697000,43488,103395,146883
1607970997000,43764,103981,147745
1607971297000,44065,104372,148437
1607971597000,44357,105202,149559
1607971897000,42380,106085,148465
1607972197000,42545,106390,148935
1607972497000,42672,106773,149445
1607972799000,42777,107553,150330
1607973098000,42919,108067,150986
1607973397000,43115,107598,150713
1607973697000,43299,108960,152259
1607973997000,43451,109359,152810
1607974297000,43564,109585,153149
1607974597000,43724,109895,153619
1607974897000,43796,110257,154053
1607975196000,43894,110679,154573
1607975497000,43972,111081,155053
1607975797000,44084,111419,155503
1607976097000,44023,111847,155870
1607976397000,44048,112057,156105
1607976697000,44095,112305,156400
1607976997000,44187,112350,156537
1607977297000,44339,112416,156755
1607977597000,44516,112378,156894
1607977897000,44569,112760,157329
1607978198000,44611,111533,156144
1607978497000,44552,112754,157306
1607978797000,44554,112603,157157
1607979097000,44522,112537,157059
1607979396000,44486,112282,156768
1607979697000,44331,112072,156403
1607979997000,44128,111536,155664
1607980297000,44074,111294,155368
1607980597000,43997,111350,155347
1607980897000,43870,111258,155128
1607981197000,43701,110973,154674
1607981497000,43632,110617,154249
1607981797000,43568,110360,153928
1607982097000,43542,110288,153830
1607982397000,43424,110223,153647
1607982698000,43322,109920,153242
1607982997000,43282,109552,152834
1607983297000,43065,109043,152108
1607983597000,43005,108427,151432
1607983897000,42746,107806,150552
1607984197000,42607,107511,150118
1607984497000,42599,107246,149845
1607984797000,42557,106173,148730
1607985097000,42456,105945,148401
1607985397000,42388,105717,148105
1607985697000,42383,105552,147935
1607985997000,42213,105179,147392
1607986297000,42108,104587,146695
1607986597000,42139,104112,146251
1607986897000,42001,104005,146006
1607987197000,41908,103090,144998
1607987497000,41689,102677,144366
1607987797000,41536,102190,143726
1607988097000,41502,102597,144099
1607988396000,41405,102410,143815
1607988697000,41369,102082,143451
1607988997000,41352,102100,143452
1607989297000,41337,101772,143109
1607989597000,41249,101345,142594
1607989897000,41192,101182,142374
1607990197000,41112,100865,141977
1607990497000,41398,100532,141930
1607990797000,41808,100149,141957
1607991097000,41815,100270,142085
1607991397000,41779,100144,141923
1607991697000,41784,100151,141935
1607991996000,41653,100302,141955
1607992297000,41552,100366,141918
1607992597000,41560,100654,142214
1607992897000,41488,100680,142168
1607993197000,41384,101225,142609
1607993497000,41354,101082,142436
1607993797000,41291,101341,142632
1607994097000,41288,101039,142327
1607994397000,41174,101259,142433
1607994697000,41140,101141,142281
1607994997000,41106,101140,142246
1607995297000,41008,101406,142414
1607995597000,41066,101399,142465
1607995897000,41057,101084,142141
1607996197000,40942,101744,142686
1607996497000,41104,101822,142926
1607996797000,41007,102233,143240
1607997097000,40919,102507,143426
1607997397000,40806,102239,143045
1607997697000,40547,101500,142047
1607997997000,40540,101853,142393
1607998297000,40484,102133,142617
1607998597000,40371,101819,142190
1607998897000,40367,101874,142241
1607999197000,40363,101364,141727
1607999497000,40347,100962,141309
1607999797000,40583,101182,141765
1608000097000,39595,101031,140626
1608000397000,39070,100846,139916
1608000697000,38607,100938,139545
1608000997000,38256,100290,138546
1608001297000,37930,99710,137640
1608001596000,37604,99338,136942
1608001897000,37433,98858,136291
1608002197000,37140,98444,135584
1608002497000,36873,98181,135054
1608002797000,36679,97852,134531
1608003097000,36378,97268,133646
1608003396000,36113,96853,132966
1608003697000,35928,96373,132301
1608003997000,35645,96097,131742
1608004297000,35387,95450,130837
1608004597000,34948,94833,129781
1608004897000,34571,94223,128794
1608005197000,34165,93274,127439
1608005497000,33832,92274,126106
1608005797000,33501,91648,125149
1608006097000,33245,90713,123958
1608006397000,33001,89900,122901
1608006697000,32612,88635,121247
1608006997000,32314,87903,120217
1608007297000,32012,87049,119061
1608007597000,31691,86279,117970
1608007897000,31410,85397,116807
1608008197000,31016,84823,115839
1608008497000,30717,83695,114412
1608008797000,30363,83098,113461
1608009097000,30097,82354,112451
1608009397000,29722,81772,111494
1608009697000,29626,81199,110825
1608009997000,29262,79988,109250
1608010297000,28979,79294,108273
1608010597000,27533,78377,105910
1608010897000,27114,77564,104678
1608011197000,26872,76740,103612
1608011497000,27773,75980,103753
1608011797000,26886,75386,102272
1608012097000,27006,74634,101640
1608012397000,26942,73343,100285
1608012697000,26905,72438,99343
1608012997000,26217,71732,97949
1608013297000,27165,70715,97880
1608013597000,26069,69720,95789
1608013897000,26923,68946,95869
1608014197000,26608,68232,94840
1608014497000,26465,67564,94029
1608014797000,26276,67308,93584
1608015097000,26027,66206,92233
1608015397000,25768,65549,91317
1608015697000,25659,65097,90756
1608015997000,25258,64331,89589
1608016297000,25099,63983,89082
1608016597000,25023,63562,88585
1608016897000,24951,63139,88090
1608017197000,24870,62177,87047
1608017497000,24723,62092,86815
1608017797000,24496,61661,86157
1608018097000,24355,61395,85750
1608018397000,24277,61494,85771
1608018696000,24162,61222,85384
1608018997000,24066,60782,84848
1608019297000,24004,60390,84394
1608019597000,23923,59772,83695
1608019897000,23933,59660,83593
1608020197000,23818,59797,83615
1608020497000,23749,59721,83470
1608020797000,23768,59194,82962
1608021097000,23627,59429,83056
1608021397000,23667,59589,83256
1608021697000,23638,59522,83160
1608021997000,23596,59439,83035
1608022297000,23593,59541,83134
1608022597000,23563,59522,83085
1608022896000,23628,59561,83189
1608023197000,23636,59714,83350
1608023497000,23773,59530,83303
1608023797000,23785,59488,83273
1608024097000,23715,59666,83381
1608024396000,23703,59270,82973
1608024697000,23829,58634,82463
1608024997000,23809,58862,82671
1608025297000,23768,59084,82852
1608025597000,23928,59017,82945
1608025897000,23951,59007,82958
1608026197000,23977,58798,82775
1608026497000,23662,58451,82113
1608026797000,23699,58715,82414
1608027097000,23852,58980,82832
1608027397000,23990,59087,83077
1608027697000,24236,59478,83714
1608027997000,24324,59572,83896
1608028297000,24322,59577,83899
1608028597000,24392,59632,84024
1608028897000,24470,59904,84374
1608029197000,24548,60011,84559
1608029497000,24532,59949,84481
1608029797000,24657,60034,84691
1608030097000,24675,60337,85012
1608030397000,24651,60318,84969
1608030697000,24715,60696,85411
1608030997000,24861,60865,85726
1608031297000,24947,60980,85927
1608031597000,25113,61207,86320
1608031897000,25236,61348,86584
1608032197000,25337,61799,87136
1608032497000,25482,62375,87857
1608032797000,25657,62893,88550
1608033097000,25844,63229,89073
1608033397000,25923,63361,89284
1608033697000,26024,63517,89541
1608034013000,26179,64053,90232
1608034296000,26327,64436,90763
1608034597000,26488,64946,91434
1608034897000,26698,65542,92240
1608035197000,26889,65872,92761
1608035497000,26976,66353,93329
1608035797000,27275,66910,94185
1608036097000,27392,67531,94923
1608036397000,27502,68063,95565
1608036697000,27881,68795,96676
1608036997000,28056,68872,96928
1608037297000,28300,68992,97292
1608037597000,28532,69501,98033
1608037897000,28699,68167,96866
1608038197000,28902,69388,98290
1608038497000,29184,70805,99989
1608038797000,29408,71717,101125
1608039097000,29610,72569,102179
1608039397000,29894,73479,103373
1608039697000,30206,74284,104490
1608039997000,30463,75032,105495
1608040297000,30470,75632,106102
1608040597000,30667,76137,106804
1608040897000,30986,76653,107639
1608041197000,31084,77614,108698
1608041497000,31386,78596,109982
1608041797000,31604,79631,111235
1608042097000,31922,80207,112129
1608042397000,32291,81103,113394
1608042697000,32483,81873,114356
1608042997000,32746,82766,115512
1608043297000,32966,83507,116473
1608043597000,33222,83799,117021
1608043897000,33422,84694,118116
1608044196000,33571,85446,119017
1608044497000,33735,86461,120196
1608044797000,34090,87018,121108
1608045097000,34462,87682,122144
1608045397000,34746,88497,123243
1608045697000,35156,89466,124622
1608045997000,35465,90082,125547
1608046302000,35744,90872,126616
1608046597000,36141,91440,127581
1608046897000,36526,93773,130299
1608047197000,37054,92309,129363
1608047497000,37362,93073,130435
1608047797000,37699,93583,131282
1608048097000,37867,93669,131536
1608048397000,38170,94018,132188
1608048697000,38504,94515,133019
1608048997000,37653,94827,132480
1608049297000,37896,95539,133435
1608049597000,38104,95768,133872
1608049897000,38324,95977,134301
1608050197000,38587,95832,134419
1608050498000,39111,95996,135107
1608050797000,39442,96317,135759
1608051097000,39237,96392,135629
1608051397000,39312,96467,135779
1608051697000,39416,95670,135086
1608051997000,39513,96005,135518
1608052297000,39572,96500,136072
1608052597000,39666,97118,136784
1608052897000,39772,97629,137401
1608053198000,40052,97725,137777
1608053497000,40178,97913,138091
1608053797000,40295,98356,138651
1608054097000,40483,99046,139529
1608054397000,40811,99640,140451
1608054697000,40883,99969,140852
1608054997000,40988,100348,141336
1608055297000,41100,100537,141637
1608055597000,41352,100982,142334
1608055897000,41666,101144,142810
1608056197000,41813,101604,143417
1608056497000,41958,102432,144390
1608056797000,40762,102999,143761
1608057097000,40895,103446,144341
1608057397000,41049,104205,145254
1608057697000,41274,104637,145911
1608057997000,41844,105165,147009
1608058297000,41988,104976,146964
1608058597000,41846,105813,147659
1608058897000,43200,106189,149389
1608059197000,43385,106806,150191
1608059497000,43567,107280,150847
1608059797000,43697,107462,151159
1608060097000,43729,108072,151801
1608060397000,43895,108591,152486
1608060697000,44051,108826,152877
1608060997000,44225,108969,153194
1608061297000,44320,109501,153821
1608061597000,44490,109626,154116
1608061897000,44549,109961,154510
1608062197000,44617,110056,154673
1608062497000,44553,110214,154767
1608062796000,44574,110361,154935
1608063097000,44535,110977,155512
1608063397000,44554,111126,155680
1608063697000,44541,111034,155575
1608063997000,44661,110702,155363
1608064297000,44598,110585,155183
1608064596000,44575,110585,155160
1608064897000,44540,110696,155236
1608065197000,44506,110674,155180
1608065497000,44523,110629,155152
1608065797000,44508,110220,154728
1608066097000,44473,110184,154657
1608066397000,44363,110230,154593
1608066697000,44278,109937,154215
1608066997000,44308,109537,153845
1608067297000,44234,109484,153718
1608067597000,44151,109328,153479
1608067897000,44038,109106,153144
1608068197000,43949,108931,152880
1608068497000,43982,108514,152496
1608068797000,43912,108451,152363
1608069096000,43805,108242,152047
1608069397000,43748,107833,151581
1608069697000,43447,107232,150679
1608069997000,43315,106696,150011
1608070297000,43143,106574,149717
1608070597000,42989,106167,149156
1608070897000,42849,106002,148851
1608071197000,42759,105331,148090
1608071497000,42585,105232,147817
1608071797000,42417,104784,147201
1608072097000,42356,104427,146783
1608072397000,42221,104197,146418
1608072698000,42150,103694,145844
1608072997000,42015,103286,145301
1608073297000,41966,102530,144496
1608073597000,41634,102363,143997
1608073897000,41398,101944,143342
1608074197000,41258,101690,142948
1608074497000,41283,101122,142405
1608074797000,41383,100930,142313
1608075097000,41363,100623,141986
1608075397000,41345,100275,141620
1608075697000,41351,100046,141397
1608075996000,41315,99946,141261
1608076297000,41330,99651,140981
1608076597000,41254,99567,140821
1608076897000,41687,99395,141082
1608077197000,42156,99152,141308
1608077497000,42244,99231,141475
1608077797000,42305,99014,141319
1608078097000,42182,99023,141205
1608078397000,42282,98638,140920
1608078697000,42191,99133,141324
1608078996000,42397,99168,141565
1608079297000,42078,99222,141300
1608079597000,41845,99443,141288
1608079897000,41659,99608,141267
1608080197000,41514,99734,141248
1608080497000,41279,99616,140895
1608080797000,41141,99784,140925
1608081097000,41088,99735,140823
1608081397000,40934,99807,140741
1608081697000,40933,100080,141013
1608081997000,40741,100189,140930
1608082297000,40704,100321,141025
1608082597000,40705,100459,141164
1608082897000,40552,100732,141284
1608083197000,40275,100854,141129
1608083497000,40233,100945,141178
1608083797000,40178,100831,141009
1608084097000,40014,100611,140625
1608084397000,39886,100643,140529
1608084697000,39785,100623,140408
1608084997000,39637,100551,140188
1608085297000,39466,100728,140194
1608085596000,39359,100661,140020
1608085897000,39206,100323,139529
1608086197000,39048,100691,139739
1608086497000,38928,100516,139444
1608086797000,38687,100532,139219
1608087097000,38559,100414,138973
1608087397000,38314,99911,138225
1608087697000,38137,99510,137647
1608087997000,37884,98820,136704
1608088297000,37600,98422,136022
1608088597000,37405,98205,135610
1608088897000,37091,97677,134768
1608089197000,36923,97378,134301
1608089496000,36619,96769,133388
1608089797000,36325,96198,132523
1608090097000,36037,95778,131815
1608090397000,35799,95354,131153
1608090697000,35516,95069,130585
1608090997000,35234,94331,129565
1608091297000,34908,93036,127944
1608091597000,34676,92694,127370
1608091897000,34287,91861,126148
1608092197000,33884,91490,125374
1608092497000,33606,90842,124448
1608092797000,33228,89776,123004
1608093097000,32867,89175,122042
1608093397000,32616,88495,121111
1608093697000,32243,87753,119996
1608093997000,31931,87141,119072
1608094297000,31599,86357,117956
1608094597000,31296,85295,116591
1608094897000,30784,84147,114931
1608095197000,30624,83545,114169
1608095498000,30271,82609,112880
1608095797000,29889,81980,111869
1608096097000,29551,81174,110725
1608096397000,29227,80038,109265
1608096697000,28910,79600,108510
1608096997000,28556,78749,107305
1608097297000,27793,78059,105852
1608097597000,27547,77505,105052
1608097897000,27306,76805,104111
1608098197000,26935,75988,102923
1608098497000,26488,74937,101425
1608098797000,26169,73875,100044
1608099097000,26032,72578,98610
1608099397000,26882,71782,98664
1608099697000,25643,70691,96334
1608099997000,24016,69748,93764
1608100297000,23707,68366,92073
1608100597000,24511,67497,92008
1608100897000,23496,66911,90407
1608101197000,23284,66356,89640
1608101497000,23544,65394,88938
1608101797000,23543,64620,88163
1608102097000,23150,63816,86966
1608102397000,24037,62953,86990
1608102697000,24180,62739,86919
1608102997000,23895,62425,86320
1608103297000,23736,61412,85148
1608103597000,23751,60919,84670
1608103897000,23607,60597,84204
1608104197000,23576,60273,83849
1608104497000,23690,59989,83679
1608104797000,23800,59779,83579
1608105096000,23820,59465,83285
1608105396000,23756,59268,83024
1608105697000,23707,58587,82294
1608105997000,23686,57804,81490
1608106297000,23463,57324,80787
1608106602000,23462,57239,80701
1608106897000,23442,56618,80060
1608107197000,23448,57219,80667
1608107497000,23439,57510,80949
1608107797000,23442,57631,81073
1608108097000,23448,57745,81193
1608108397000,23478,57908,81386
1608108697000,23511,57883,81394
1608108997000,23479,57886,81365
1608109297000,23482,57916,81398
1608109597000,23474,57312,80786
1608109897000,23591,57657,81248
1608110197000,23719,57544,81263
1608110497000,23833,57328,81161
1608110796000,23917,57114,81031
1608111098000,23870,56728,80598
1608111397000,23972,56538,80510
1608111697000,23978,56752,80730
1608111997000,24030,56642,80672
1608112297000,24101,56778,80879
1608112597000,24201,56984,81185
1608112897000,24277,56820,81097
1608113197000,24339,57008,81347
1608113497000,24459,57183,81642
1608113797000,24425,57209,81634
1608114098000,24459,57405,81864
1608114397000,24535,57226,81761
1608114697000,24594,57107,81701
1608114997000,24625,57410,82035
1608115297000,24673,57785,82458
1608115597000,24759,57943,82702
1608115897000,24779,58321,83100
1608116197000,24890,58303,83193
1608116497000,19752,35838,55590
1608116797000,24967,58656,83623
1608117097000,25065,58918,83983
1608117396000,25238,59008,84246
1608117696000,25353,59280,84633
1608117997000,25428,59242,84670
1608118297000,25538,59346,84884
1608118597000,25594,59908,85502
1608118897000,25800,60238,86038
1608119197000,25933,60603,86536
1608119497000,26022,60923,86945
1608119797000,26208,61189,87397
1608120097000,26365,61395,87760
1608120397000,26273,61864,88137
1608120696000,26430,62459,88889
1608120998000,26569,63146,89715
1608121297000,26757,63697,90454
1608121597000,26950,64202,91152
1608121897000,27191,64880,92071
1608122197000,27296,65656,92952
1608122497000,27541,66411,93952
1608122797000,27767,66835,94602
1608123099000,27932,67802,95734
1608123397000,28110,67942,96052
1608123697000,28315,66632,94947
1608123997000,28612,67322,95934
1608124298000,28924,68065,96989
1608124597000,29226,69219,98445
1608124897000,29521,70000,99521
1608125197000,29808,71115,100923
1608125497000,30057,72335,102392
1608125797000,30139,73397,103536
1608126097000,30481,74362,104843
1608126397000,30818,75313,106131
1608126697000,31123,75890,107013
1608126997000,31359,76448,107807
1608127297000,31691,77045,108736
1608127597000,31063,77915,108978
1608127897000,31347,78926,110273
1608128197000,31668,79776,111444
1608128497000,31893,80598,112491
1608128797000,32152,81413,113565
1608129097000,32364,82125,114489
1608129397000,32671,82765,115436
1608129697000,32915,83433,116348
1608129997000,33086,84134,117220
1608130298000,33304,83844,117148
1608130597000,33426,84505,117931
1608130897000,33728,85048,118776
1608131197000,33949,85569,119518
1608131499000,34248,86056,120304
1608131797000,34429,86957,121386
1608132097000,34765,87842,122607
1608132397000,35039,88347,123386
1608132697000,35233,88997,124230
1608132997000,35440,89847,125287
1608133297000,35541,90673,126214
1608133597000,35858,91289,127147
1608133897000,35999,92142,128141
1608134197000,36116,92290,128406
1608134497000,36332,92674,129006
1608134797000,36546,92453,128999
1608135096000,36718,92930,129648
1608135397000,36884,92949,129833
1608135697000,37137,92920,130057
1608135997000,37477,92776,130253
1608136297000,37804,92891,130695
1608136597000,38167,93346,131513
1608136897000,38515,93783,132298
1608137197000,38823,93884,132707
1608137496000,39002,94188,133190
1608137796000,39204,94400,133604
1608138097000,39346,94257,133603
1608138397000,39645,94046,133691
1608138697000,39854,94260,134114
1608138997000,40081,94579,134660
1608139297000,40365,94722,135087
1608139597000,40600,94609,135209
1608139897000,39353,94908,134261
1608140197000,39554,95243,134797
1608140497000,39746,95939,135685
1608140797000,39848,96168,136016
1608141097000,40078,96793,136871
1608141397000,40105,97295,137400
1608141697000,40279,97322,137601
1608141997000,40419,97634,138053
1608142297000,40653,98193,138846
1608142597000,40864,98930,139794
1608142897000,41122,99289,140411
1608143197000,41215,99535,140750
1608143497000,39985,100463,140448
1608143797000,40111,101025,141136
1608144097000,41622,101558,143180
1608144396000,41030,101874,142904
1608144699000,41409,102411,143820
1608144997000,41650,102404,144054
1608145297000,41956,102819,144775
1608145597000,43221,103042,146263
1608145897000,43612,103638,147250
1608146197000,43731,104117,147848
1608146497000,44069,104587,148656
1608146797000,43996,104885,148881
1608147097000,44352,105226,149578
1608147397000,44689,105793,150482
1608147697000,44854,106092,150946
1608147997000,43055,106505,149560
1608148297000,43059,106778,149837
1608148597000,43056,107040,150096
1608148898000,43077,106816,149893
1608149197000,43238,107068,150306
1608149497000,43349,107459,150808
1608149797000,43481,107727,151208
1608150097000,43640,108204,151844
1608150397000,43654,108226,151880
1608150697000,43831,108253,152084
1608150997000,43832,108215,152047
1608151297000,44061,108154,152215
1608151597000,44095,108378,152473
1608151897000,43734,108453,152187
1608152197000,43674,108146,151820
1608152497000,43558,107786,151344
1608152797000,43387,107309,150696
1608153097000,43381,107344,150725
1608153397000,43280,107105,150385
1608153697000,43244,107234,150478
1608153997000,43171,107014,150185
1608154296000,43022,106900,149922
1608154597000,42941,106585,149526
1608154897000,42827,106166,148993
1608155197000,42777,106031,148808
1608155497000,42675,105604,148279
1608155797000,42581,105083,147664
1608156097000,42439,104683,147122
1608156397000,42329,104179,146508
1608156697000,42187,103522,145709
1608156997000,42113,103250,145363
1608157297000,42036,102887,144923
1608157597000,41908,102601,144509
1608157897000,41816,102349,144165
1608158197000,41650,102046,143696
1608158497000,41520,101512,143032
1608158797000,41492,101345,142837
1608159097000,41365,100826,142191
1608159396000,41210,100435,141645
1608159697000,41077,99947,141024
1608159997000,40971,99384,140355
1608160383000,40745,98463,139208
1608160597000,40718,98385,139103
1608160897000,40630,98141,138771
1608161197000,40541,98131,138672
1608161497000,40517,98063,138580
1608161797000,40531,97925,138456
1608162097000,40400,97874,138274
1608162397000,40492,98028,138520
1608162697000,40482,97858,138340
1608162997000,40453,97669,138122
1608163297000,40794,97557,138351
1608163597000,41270,97022,138292
1608163897000,41285,96932,138217
1608164200000,41182,96502,137684
1608164497000,41020,96886,137906
1608164797000,41033,96623,137656
1608165097000,40863,96857,137720
1608165399000,40838,96915,137753
1608165697000,40722,97194,137916
1608165997000,40651,97339,137990
1608166297000,40504,97673,138177
1608166596000,40419,97459,137878
1608166897000,40274,97554,137828
1608167197000,40117,97374,137491
1608167497000,40077,97442,137519
1608167797000,40062,97555,137617
1608168097000,39958,97303,137261
1608168397000,39846,97311,137157
1608168697000,39793,97463,137256
1608168997000,39753,97639,137392
1608169297000,39740,97524,137264
1608169597000,39580,97427,137007
1608169897000,39433,97568,137001
1608170197000,39352,97902,137254
1608170497000,39219,97677,136896
1608170797000,39133,97812,136945
1608171112000,39101,97781,136882
1608171397000,38989,97662,136651
1608171697000,38858,97697,136555
1608171997000,38639,97658,136297
1608172297000,38494,97252,135746
1608172597000,38315,97262,135577
1608172897000,38198,97070,135268
1608173198000,37998,97055,135053
1608173504000,37807,96784,134591
1608173797000,37712,96512,134224
1608174097000,37431,96082,133513
1608174397000,37155,95637,132792
1608174697000,37013,95198,132211
1608174997000,36850,95043,131893
1608175297000,36737,94698,131435
1608175597000,36463,94053,130516
1608175897000,36345,93695,130040
1608176197000,36130,93488,129618
1608176497000,35942,93073,129015
1608176797000,35739,92718,128457
1608177097000,35535,91938,127473
1608177397000,35425,91051,126476
1608177697000,34578,90118,124696
1608177997000,33871,89480,123351
1608178297000,33526,88823,122349
1608178597000,33190,88118,121308
1608178900000,32915,87575,120490
1608179197000,32515,86934,119449
1608179497000,32288,85853,118141
1608179796000,32058,85140,117198
1608180097000,31835,84650,116485
1608180397000,31577,84019,115596
1608180697000,31287,83249,114536
1608180997000,31067,82664,113731
1608181297000,30624,81534,112158
1608181597000,30233,81029,111262
1608181897000,29902,80346,110248
1608182197000,29558,79563,109121
1608182496000,29263,78832,108095
1608182796000,29122,77843,106965
1608183097000,28965,77355,106320
1608183397000,28647,76754,105401
1608183697000,28242,75962,104204
1608183997000,29586,75234,104820
1608184297000,27322,74487,101809
1608184597000,27012,73842,100854
1608184897000,26857,72610,99467
1608185196000,26696,71555,98251
1608185497000,26433,70619,97052
1608185797000,26477,69743,96220
1608186097000,24962,68842,93804
1608186397000,24765,67840,92605
1608186697000,24468,66972,91440
1608186997000,24200,66282,90482
1608187297000,24163,65755,89918
1608187597000,23883,64994,88877
1608187897000,23636,64172,87808
1608188197000,24622,63603,88225
1608188497000,24543,62971,87514
1608188797000,24459,62594,87053
1608189097000,24268,62462,86730
1608189397000,23873,61995,85868
1608189697000,25152,61481,86633
1608189997000,24813,61049,85862
1608190297000,24811,60499,85310
1608190597000,24771,60263,85034
1608190897000,24592,60269,84861
1608191197000,24460,60069,84529
1608191497000,24276,59883,84159
1608191797000,24352,59581,83933
1608192097000,24107,58982,83089
1608192397000,24048,58546,82594
1608192697000,24123,58249,82372
1608192997000,24103,58122,82225
1608193297000,24051,58000,82051
1608193597000,24046,58052,82098
1608193897000,24093,58061,82154
1608194197000,24063,58146,82209
1608194497000,24017,58320,82337
1608194797000,23929,58401,82330
1608195097000,23863,58120,81983
1608195397000,23848,58119,81967
1608195697000,23865,57747,81612
1608195997000,23924,57815,81739
1608196297000,24059,57721,81780
1608196596000,24046,57609,81655
1608196897000,24207,57434,81641
1608197197000,24357,57502,81859
1608197497000,24462,57509,81971
1608197798000,24512,57380,81892
1608198097000,24633,57466,82099
1608198397000,24527,57486,82013
1608198697000,24493,57786,82279
1608198997000,24330,57734,82064
1608199297000,24618,57747,82365
1608199597000,24769,57841,82610
1608199897000,24926,58011,82937
1608200197000,24171,58387,82558
1608200497000,24225,58353,82578
1608200797000,24271,58646,82917
1608201097000,24286,58730,83016
1608201397000,24440,58891,83331
1608201697000,24514,59264,83778
1608201997000,24662,59708,84370
1608202297000,24778,59883,84661
1608202597000,24821,60226,85047
1608202897000,24800,60194,84994
1608203197000,24848,60303,85151
1608203497000,24989,60173,85162
1608203797000,25213,60695,85908
1608204097000,25375,61286,86661
1608204397000,25558,61329,86887
1608204697000,25709,61416,87125
1608204997000,25871,61818,87689
1608205297000,26165,61786,87951
1608205597000,26364,61334,87698
1608205897000,26556,59597,86153
1608206198000,26728,58754,85482
1608206497000,26976,57705,84681
1608206797000,26318,56165,82483
1608207097000,26472,51265,77737
1608207397000,26694,23299,49993
1608207697000,26952,36187,63139
1608207997000,27096,42550,69646
1608208297000,27326,46954,74280
1608208597000,27457,50542,77999
1608208897000,27609,53510,81119
1608209197000,27743,55982,83725
1608209497000,27839,58066,85905
1608209797000,28051,59848,87899
1608210097000,28278,61300,89578
1608210397000,28499,62869,91368
1608210697000,28812,64252,93064
1608210997000,29085,65588,94673
1608211297000,29474,66795,96269
1608211597000,29835,68174,98009
1608211897000,30159,69287,99446
1608212196000,30512,70857,101369
1608212497000,30789,71477,102266
1608212797000,31214,72625,103839
1608213097000,31588,73667,105255
1608213397000,31778,74384,106162
1608213697000,32276,74933,107209
1608213997000,32591,76037,108628
1608214297000,31696,77035,108731
1608214597000,31899,77972,109871
1608214897000,32235,78652,110887
1608215197000,32372,79456,111828
1608215497000,32730,80447,113177
1608215797000,33075,81036,114111
1608216097000,33242,82023,115265
1608216397000,33563,82608,116171
1608216697000,34026,83483,117509
1608216998000,34350,83963,118313
1608217297000,34376,84569,118945
1608217597000,34274,83707,117981
1608217897000,34578,84363,118941
1608218198000,34776,85648,120424
1608218497000,34999,86836,121835
1608218797000,35312,87655,122967
1608219097000,35596,88403,123999
1608219397000,35771,89023,124794
1608219697000,35949,89194,125143
1608219997000,36095,90140,126235
1608220297000,36403,90601,127004
1608220597000,36563,90952,127515
1608220897000,36800,90846,127646
1608221197000,37227,91263,128490
1608221497000,37477,91901,129378
1608221797000,37738,92610,130348
1608222097000,38073,93297,131370
1608222398000,38367,93673,132040
1608222697000,38531,93990,132521
1608222997000,38751,94267,133018
1608223297000,39082,94508,133590
1608223597000,39381,94646,134027
1608223897000,39561,94848,134409
1608224212000,39849,94626,134475
1608224497000,40010,94580,134590
1608224797000,40143,94667,134810
1608225097000,40368,94504,134872
1608225397000,40520,95151,135671
1608225697000,40836,95445,136281
1608225997000,41139,96028,137167
1608226297000,41404,96718,138122
1608226597000,39685,96231,135916
1608226897000,39893,96463,136356
1608227197000,40032,97019,137051
1608227497000,40204,97612,137816
1608227797000,40358,98273,138631
1608228097000,40590,99334,139924
1608228397000,40828,99558,140386
1608228697000,41148,99868,141016
1608228997000,41455,100430,141885
1608229297000,41833,101222,143055
1608229597000,42197,101655,143852
1608229897000,41319,102433,143752
1608230197000,41311,102673,143984
1608230497000,42297,103293,145590
1608230797000,41816,103740,145556
1608231097000,42300,104074,146374
1608231397000,42682,104293,146975
1608231697000,41723,104497,146220
1608231997000,42423,104657,147080
1608232297000,42518,105291,147809
1608232601000,42656,106010,148666
1608232897000,42945,106095,149040
1608233197000,43217,106222,149439
1608233497000,43352,106857,150209
1608233797000,43402,107130,150532
1608234097000,43467,107617,151084
1608234397000,43580,107683,151263
1608234697000,43671,108133,151804
1608234997000,43641,108635,152276
1608235297000,43633,108508,152141
1608235599000,43810,108331,152141
1608235897000,43859,108794,152653
1608236197000,43864,108536,152400
1608236497000,43891,108779,152670
1608236797000,43911,109117,153028
1608237097000,43866,109506,153372
1608237397000,43902,109260,153162
1608237697000,43960,109135,153095
1608237997000,44043,109251,153294
1608238297000,44110,109225,153335
1608238597000,44088,107845,151933
1608238897000,43950,106774,150724
1608239197000,43967,107497,151464
1608239497000,43991,107807,151798
1608239797000,44067,108012,152079
1608240097000,44043,107911,151954
1608240397000,43939,107889,151828
1608240697000,43876,107720,151596
1608240997000,43692,106568,150260
1608241297000,43770,106605,150375
1608241597000,43753,106943,150696
1608241897000,43645,106634,150279
1608242197000,43527,105993,149520
1608242497000,43545,105472,149017
1608242797000,42995,105023,148018
1608243097000,42646,104722,147368
1608243397000,42388,104470,146858
1608243697000,42108,104109,146217
1608243997000,41913,103757,145670
1608244297000,41833,103046,144879
1608244597000,41849,102775,144624
1608244897000,41748,102385,144133
1608245197000,41647,102117,143764
1608245497000,41486,101688,143174
1608245803000,41412,101088,142500
1608246097000,41224,100726,141950
1608246397000,41034,100281,141315
1608246697000,40865,99898,140763
1608246997000,40720,99237,139957
1608247297000,40622,98897,139519
1608247597000,40670,98707,139377
1608247897000,40574,98692,139266
1608248197000,40478,98282,138760
1608248497000,40437,98101,138538
1608248797000,40361,97908,138269
1608249097000,40304,97926,138230
1608249397000,40416,97446,137862
1608249697000,40822,97343,138165
1608249997000,40965,97075,138040
1608250297000,41027,96844,137871
1608250597000,40903,96751,137654
1608250897000,40782,96740,137522
1608251197000,40606,96695,137301
1608251497000,40505,96838,137343
1608251797000,40277,96976,137253
1608252097000,40230,97217,137447
1608252397000,40163,97237,137400
1608252697000,40150,97531,137681
1608252997000,39923,97694,137617
1608253297000,39887,97669,137556
1608253597000,39688,97734,137422
1608253897000,39562,97576,137138
1608254197000,39505,97581,137086
1608254497000,39438,97772,137210
1608254797000,39419,97877,137296
1608255097000,39423,97819,137242
1608255397000,39422,98276,137698
1608255697000,39432,98346,137778
1608255997000,39334,98460,137794
1608256298000,39292,98752,138044
1608256597000,39283,98580,137863
1608256897000,39062,98079,137141
1608257197000,38941,98560,137501
1608257497000,38795,98566,137361
1608257797000,38654,98140,136794
1608258097000,38602,98335,136937
1608258397000,38365,98297,136662
1608258697000,38262,98015,136277
1608258997000,38239,98460,136699
1608259297000,38176,98390,136566
1608259596000,37902,98100,136002
1608259897000,37690,97981,135671
1608260197000,37576,97418,134994
1608260497000,37251,96931,134182
1608260797000,37001,96458,133459
1608261097000,36806,96047,132853
1608261397000,36593,95645,132238
1608261697000,36410,95388,131798
1608261997000,36205,94974,131179
1608262297000,35869,94621,130490
1608262597000,35538,94424,129962
1608262897000,35298,93789,129087
1608263197000,35076,93128,128204
1608263497000,34773,92454,127227
1608263797000,34637,91838,126475
1608264097000,34377,91167,125544
1608264397000,34213,90236,124449
1608264697000,33947,89477,123424
1608264997000,33648,89023,122671
1608265297000,33303,88376,121679
1608265597000,32964,87647,120611
1608265897000,32659,86995,119654
1608266197000,32443,86065,118508
1608266497000,32185,85262,117447
1608266797000,31972,84718,116690
1608267096000,31725,83965,115690
1608267397000,31355,83340,114695
1608267697000,31095,82505,113600
1608267997000,30830,81808,112638
1608268297000,30576,81082,111658
1608268597000,30567,80333,110900
1608268896000,30353,79656,110009
1608269197000,29675,79204,108879
1608269497000,29266,78472,107738
1608269797000,28857,77820,106677
1608270097000,28540,76944,105484
1608270397000,28260,76245,104505
1608270697000,27940,75634,103574
1608270997000,27725,74694,102419
1608271297000,27370,73620,100990
1608271597000,27082,72502,99584
1608271897000,26940,70803,97743
1608272197000,25795,70451,96246
1608272497000,25626,69575,95201
1608272797000,24117,68689,92806
1608273097000,23626,67954,91580
1608273396000,24328,67114,91442
1608273697000,23820,66583,90403
1608273997000,23467,65967,89434
1608274297000,23520,65124,88644
1608274597000,23463,64249,87712
1608274897000,23264,63697,86961
1608275197000,23401,62811,86212
1608275497000,23692,62550,86242
1608275804000,23527,62201,85728
1608276097000,23451,61890,85341
1608276397000,23357,61412,84769
1608276697000,23227,60939,84166
1608276997000,23109,60753,83862
1608277297000,23137,60500,83637
1608277597000,23202,60163,83365
1608277897000,23200,59777,82977
1608278197000,23270,59451,82721
1608278497000,23157,58870,82027
1608278797000,23031,58248,81279
1608279097000,22962,57795,80757
1608279397000,22945,57745,80690
1608279697000,22963,57747,80710
1608279997000,22880,57748,80628
1608280297000,22750,57748,80498
1608280597000,22755,57634,80389
1608280897000,22819,57037,79856
1608281197000,22755,57154,79909
1608281497000,22841,57154,79995
1608281797000,22948,56773,79721
1608282097000,22945,56720,79665
1608282397000,23010,56795,79805
1608282697000,23128,56806,79934
1608282997000,23261,56957,80218
1608283297000,23325,57083,80408
1608283597000,23399,56708,80107
1608283897000,23500,56968,80468
1608284198000,23682,56929,80611
1608284497000,23812,57020,80832
1608284796000,23877,57095,80972
1608285097000,23994,57261,81255
1608285397000,24126,57111,81237
1608285697000,23914,57027,80941
1608285997000,24046,57058,81104
1608286297000,24169,57264,81433
1608286597000,24327,57358,81685
1608286897000,24366,57492,81858
1608287197000,24545,57357,81902
1608287497000,24629,57542,82171
1608287797000,24688,57440,82128
1608288097000,24748,57905,82653
1608288397000,24808,57964,82772
1608288697000,24945,58180,83125
1608288997000,25116,58209,83325
1608289297000,25226,58311,83537
1608289597000,25298,58789,84087
1608289897000,25485,59017,84502
1608290197000,25598,59281,84879
1608290497000,25727,59725,85452
1608290797000,25606,59614,85220
1608291097000,25871,59842,85713
1608291400000,26076,60430,86506
1608291696000,26220,60866,87086
1608291997000,26494,61091,87585
1608292297000,26674,61408,88082
1608292597000,26824,61664,88488
1608292897000,27042,61917,88959
1608293197000,27202,62421,89623
1608293497000,27370,62948,90318
1608293797000,27600,63415,91015
1608294097000,27856,63873,91729
1608294397000,28037,64336,92373
1608294697000,28192,64366,92558
1608294997000,28437,65140,93577
1608295297000,28822,65978,94800
1608295597000,27082,66557,93639
1608295897000,27348,67004,94352
1608296197000,27484,67518,95002
1608296497000,27667,67818,95485
1608296797000,28002,68480,96482
1608297097000,28291,69326,97617
1608297397000,28583,70081,98664
1608297697000,28932,70682,99614
1608297997000,29177,71092,100269
1608298297000,29511,71846,101357
1608298597000,29832,72684,102516
1608298897000,30160,73255,103415
1608299197000,30500,73871,104371
1608299497000,30756,74520,105276
1608299797000,30992,74968,105960
1608300097000,31279,75712,106991
1608300397000,31642,76314,107956
1608300697000,31865,76869,108734
1608300997000,32308,77733,110041
1608301297000,32560,78537,111097
1608301596000,32932,79174,112106
1608301897000,31831,79406,111237
1608302196000,32092,80195,112287
1608302497000,32400,81076,113476
1608302797000,32656,81435,114091
1608303097000,32876,81930,114806
1608303397000,33024,82681,115705
1608303697000,33284,82505,115789
1608303997000,33535,83079,116614
1608304297000,33839,83881,117720
1608304597000,34146,84598,118744
1608304897000,34508,85411,119919
1608305197000,34752,85976,120728
1608305497000,34954,86672,121626
1608305797000,35281,87305,122586
1608306097000,35642,88170,123812
1608306397000,35639,88663,124302
1608306697000,35681,88886,124567
1608306997000,35755,89189,124944
1608307297000,35755,89623,125378
1608307597000,35937,89817,125754
1608307897000,36110,90248,126358
1608308197000,36308,90520,126828
1608308497000,36629,91239,127868
1608308797000,36868,91548,128416
1608309097000,37119,91873,128992
1608309397000,37356,92020,129376
1608309698000,37618,92158,129776
1608309997000,37851,92537,130388
1608310296000,37993,92738,130731
1608310597000,38079,92673,130752
1608310896000,38229,92611,130840
1608311197000,38532,92458,130990
1608311497000,38644,92550,131194
1608311797000,38934,92723,131657
1608312097000,39199,93007,132206
1608312397000,39354,92888,132242
1608312697000,39606,92963,132569
1608312997000,39825,93135,132960
1608313298000,40024,93755,133779
1608313597000,40277,94218,134495
1608313897000,40480,94722,135202
1608314201000,40670,94902,135572
1608314497000,40885,95231,136116
1608314797000,41186,95494,136680
1608315097000,41320,95581,136901
1608315397000,41527,96132,137659
1608315697000,41829,96648,138477
1608315997000,39627,97099,136726
1608316297000,39695,97405,137100
1608316597000,39782,97638,137420
1608316897000,38642,98036,136678
1608317197000,38549,98572,137121
1608317497000,39321,98844,138165
1608317797000,38858,98843,137701
1608318097000,39082,99267,138349
1608318397000,39259,99360,138619
1608318697000,40480,99909,140389
1608318997000,40637,100344,140981
1608319297000,40796,100577,141373
1608319597000,40942,100809,141751
1608319897000,41015,101264,142279
1608320197000,41071,101653,142724
1608320497000,41210,101769,142979
1608320797000,41297,102043,143340
1608321097000,41404,102111,143515
1608321397000,41457,102225,143682
1608321697000,41545,101861,143406
1608321997000,41525,100622,142147
1608322297000,41590,100765,142355
1608322597000,41713,101121,142834
1608322897000,41777,101299,143076
1608323197000,41895,101723,143618
1608323497000,42145,101597,143742
1608323796000,42456,101468,143924
1608324097000,42587,101749,144336
1608324397000,42784,101937,144721
1608324697000,42968,101859,144827
1608324997000,43073,100120,143193
1608325297000,43175,98877,142052
1608325597000,43318,97635,140953
1608325897000,43385,97591,140976
1608326197000,43581,97901,141482
1608326497000,43679,97953,141632
1608326797000,42254,98102,140356
1608327097000,42325,98130,140455
1608327397000,42353,98100,140453
1608327697000,42409,97982,140391
1608327997000,42399,97798,140197
1608328297000,42422,97770,140192
1608328597000,42390,97773,140163
1608328897000,42420,97849,140269
1608329197000,42409,97523,139932
1608329497000,42311,97429,139740
1608329797000,42207,97345,139552
1608330097000,42098,97176,139274
1608330397000,42052,96777,138829
1608330697000,42101,96791,138892
1608330997000,42248,96684,138932
1608331297000,42090,96672,138762
1608331597000,41881,96610,138491
1608331897000,41783,96741,138524
1608332197000,41687,96449,138136
1608332497000,41515,96085,137600
1608332797000,41336,95064,136400
1608333097000,41156,95722,136878
1608333397000,41061,95414,136475
1608333697000,40989,95556,136545
1608333997000,40863,95449,136312
1608334297000,40773,95196,135969
1608334596000,40638,95124,135762
1608334897000,40602,94383,134985
1608335197000,40506,94354,134860
1608335497000,40413,94296,134709
1608335797000,40350,93818,134168
1608336113000,40490,93712,134202
1608336397000,40753,93423,134176
1608336697000,40688,93406,134094
1608336997000,40620,93248,133868
1608337298000,40617,93510,134127
1608337597000,40385,93568,133953
1608337897000,40252,93242,133494
1608338197000,40202,93186,133388
1608338497000,40174,93432,133606
1608338797000,40052,93312,133364
1608339097000,39871,93389,133260
1608339397000,39675,93141,132816
1608339697000,39584,93144,132728
1608339997000,39426,93196,132622
1608340297000,39122,93410,132532
1608340597000,38935,93466,132401
1608340897000,38789,93592,132381
1608341197000,38497,93654,132151
1608341497000,38346,93734,132080
1608341797000,38366,93863,132229
1608342097000,38165,93912,132077
1608342397000,38042,94093,132135
1608342697000,37923,94146,132069
1608342997000,37835,94522,132357
1608343297000,37599,94334,131933
1608343597000,37359,94647,132006
1608343897000,37177,94402,131579
1608344196000,37025,94338,131363
1608344497000,36854,94480,131334
1608344797000,36742,94200,130942
1608345097000,36588,94070,130658
1608345397000,36471,94134,130605
1608345697000,36359,94085,130444
1608345997000,36329,94028,130357
1608346297000,36186,94010,130196
1608346597000,36010,93792,129802
1608346897000,35772,93653,129425
1608347197000,35654,92922,128576
1608347497000,35509,93085,128594
1608347797000,35273,93060,128333
1608348097000,35023,93011,128034
1608348397000,34860,92522,127382
1608348697000,34700,92266,126966
1608348997000,34533,91911,126444
1608349297000,34510,91737,126247
1608349597000,34451,91290,125741
1608349897000,34295,90924,125219
1608350197000,34164,90443,124607
1608350497000,34022,90040,124062
1608350797000,33723,89627,123350
1608351097000,33553,89054,122607
1608351396000,33465,88592,122057
1608351697000,33183,88042,121225
1608351997000,33045,87545,120590
1608352297000,32756,86886,119642
1608352597000,32566,86376,118942
1608352897000,32395,85616,118011
1608353197000,32184,85330,117514
1608353497000,31981,84775,116756
1608353797000,31713,84113,115826
1608354097000,31447,83250,114697
1608354397000,31147,82807,113954
1608354697000,30879,82106,112985
1608354997000,30741,81203,111944
1608355297000,30614,80770,111384
1608355597000,30363,80160,110523
1608355896000,30116,79519,109635
1608356197000,29813,78905,108718
1608356496000,29709,78369,108078
1608356797000,29609,78152,107761
1608357096000,29489,77143,106632
1608357397000,29292,76380,105672
1608357697000,28711,75608,104319
1608357997000,27957,74704,102661
1608358297000,27709,73947,101656
1608358596000,27480,73084,100564
1608358897000,27369,72160,99529
1608359197000,27005,70948,97953
1608359497000,26732,70066,96798
1608359797000,24992,69244,94236
1608360097000,24786,68446,93232
1608360397000,24407,67496,91903
1608360697000,24189,66899,91088
1608360997000,24339,65859,90198
1608361297000,23984,65261,89245
1608361597000,24094,64564,88658
1608361897000,24048,64424,88472
1608362197000,23663,63877,87540
1608362497000,24239,63544,87783
1608362797000,24281,63050,87331
1608363097000,24741,62269,87010
1608363397000,24630,61814,86444
1608363697000,24100,61266,85366
1608363997000,24112,60699,84811
1608364296000,23990,60575,84565
1608364597000,23918,60184,84102
1608364897000,23841,59560,83401
1608365196000,23802,59575,83377
1608365497000,23746,58714,82460
1608365796000,23584,58511,82095
1608366097000,23549,58198,81747
1608366397000,23571,58183,81754
1608366697000,23462,58119,81581
1608366997000,23494,58332,81826
1608367297000,23434,58416,81850
1608367597000,23379,58267,81646
1608367897000,23283,58198,81481
1608368197000,23271,57750,81021
1608368497000,22904,57610,80514
1608368797000,22868,57534,80402
1608369097000,22925,57627,80552
1608369396000,23011,57488,80499
1608369697000,23057,57438,80495
1608369997000,23109,57517,80626
1608370297000,23169,56985,80154
1608370597000,23239,57153,80392
1608370897000,23303,57300,80603
1608371197000,23406,57396,80802
1608371497000,23456,57324,80780
1608371797000,23551,57469,81020
1608372097000,23684,56957,80641
1608372397000,23730,56852,80582
1608372697000,23818,56961,80779
1608372997000,24013,57117,81130
1608373297000,24100,57205,81305
1608373597000,24119,57167,81286
1608373897000,24352,57379,81731
1608374197000,24525,57722,82247
1608374497000,24780,57791,82571
1608374797000,24948,58248,83196
1608375097000,25051,58472,83523
1608375397000,25216,58930,84146
1608375697000,25293,59243,84536
1608375997000,25456,59593,85049
1608376297000,25654,59992,85646
1608376597000,25803,60404,86207
1608376897000,25929,60659,86588
1608377196000,26043,61098,87141
1608377497000,26131,61445,87576
1608377797000,26255,61620,87875
1608378097000,26388,61706,88094
1608378397000,26462,62139,88601
1608378697000,26616,62430,89046
1608378997000,26701,62997,89698
1608379297000,26841,63284,90125
1608379597000,26989,63533,90522
1608379897000,27140,64200,91340
1608380197000,27361,64456,91817
1608380497000,27536,65066,92602
1608380797000,27773,65438,93211
1608381097000,27953,65833,93786
1608381397000,28226,66139,94365
1608381697000,28353,66884,95237
1608381997000,28647,67496,96143
1608382297000,28776,68050,96826
1608382597000,28949,68683,97632
1608382897000,29132,69363,98495
1608383197000,29358,69990,99348
1608383497000,29516,70782,100298
1608383797000,29663,71285,100948
1608384097000,30033,72018,102051
1608384397000,30280,72794,103074
1608384697000,30507,73505,104012
1608384997000,30812,73869,104681
1608385297000,30950,74576,105526
1608385597000,31175,75149,106324
1608385897000,31422,75687,107109
1608386197000,31666,76210,107876
1608386497000,32039,76944,108983
1608386797000,32299,77386,109685
1608387097000,32551,78179,110730
1608387397000,32785,78614,111399
1608387697000,33030,79073,112103
1608387996000,33183,79750,112933
1608388297000,33466,80240,113706
1608388597000,33954,81083,115037
1608388897000,34271,81663,115934
1608389234000,34596,82005,116601
1608389263000,34599,82195,116794
1608389497000,34948,82802,117750
1608389797000,35185,83638,118823
1608390097000,35463,84257,119720
1608390396000,35690,84765,120455
1608390697000,35790,85474,121264
1608390997000,35860,86076,121936
1608391297000,36101,86782,122883
1608391597000,36364,87439,123803
1608391897000,36637,87932,124569
1608392197000,36719,88649,125368
1608392497000,37053,89269,126322
1608392797000,37213,89869,127082
1608393097000,37440,90303,127743
1608393397000,37575,90527,128102
1608393697000,37757,90990,128747
1608393997000,38009,91373,129382
1608394297000,38173,92156,130329
1608394597000,38315,92376,130691
1608394897000,38621,92800,131421
1608395197000,38966,93011,131977
1608395497000,39138,93514,132652
1608395797000,39429,93669,133098
1608396097000,39663,93651,133314
1608396397000,39971,92767,132738
1608396697000,40285,92590,132875
1608396997000,40310,92787,133097
1608397297000,40674,92819,133493
1608397596000,40836,92992,133828
1608397897000,40977,93097,134074
1608398196000,39621,93397,133018
1608398497000,39958,93411,133369
1608398797000,40035,93790,133825
1608399097000,40182,93841,134023
1608399397000,40392,93991,134383
1608399697000,40560,94173,134733
1608399997000,40611,94610,135221
1608400297000,40800,95135,135935
1608400597000,40859,96069,136928
1608400897000,40895,96724,137619
1608401197000,41300,97113,138413
1608401497000,41548,97495,139043
1608401796000,41199,98119,139318
1608402097000,41358,98704,140062
1608402397000,41521,99131,140652
1608402697000,41718,99187,140905
1608402996000,41823,99618,141441
1608403297000,41911,100572,142483
1608403597000,42049,100655,142704
1608403897000,42063,100778,142841
1608404197000,42151,101084,143235
1608404497000,42282,101090,143372
1608404796000,40506,101384,141890
1608405097000,40479,101882,142361
1608405397000,40515,102239,142754
1608405697000,40795,102637,143432
1608405997000,41005,102849,143854
1608406297000,41131,102168,143299
1608406597000,41618,102526,144144
1608406897000,41427,102755,144182
1608407197000,41585,103507,145092
1608407497000,42034,102909,144943
1608407797000,42205,104179,146384
1608408097000,42563,104380,146943
1608408397000,43028,104601,147629
1608408697000,43038,104809,147847
1608408997000,43273,104992,148265
1608409297000,43394,105316,148710
1608409597000,44551,105305,149856
1608409897000,44474,105396,149870
1608410197000,44397,105603,150000
1608410496000,44611,105656,150267
1608410797000,44714,105713,150427
1608411097000,44744,105923,150667
1608411397000,44899,106034,150933
1608411697000,44832,105666,150498
1608411996000,44921,106025,150946
1608412297000,44993,106376,151369
1608412597000,45139,106108,151247
1608412897000,45326,106458,151784
1608413196000,45090,106191,151281
1608413497000,45042,106038,151080
1608413797000,45000,105992,150992
1608414097000,44994,105674,150668
1608414397000,44948,105763,150711
1608414697000,44911,105748,150659
1608414997000,44926,105346,150272
1608415297000,44847,105283,150130
1608415597000,44637,104894,149531
1608415897000,44466,104190,148656
1608416197000,44289,104041,148330
1608416497000,44052,104029,148081
1608416797000,43959,104131,148090
1608417097000,43971,103701,147672
1608417397000,43848,103528,147376
1608417696000,43864,103571,147435
1608417997000,43625,103311,146936
1608418297000,43518,102727,146245
1608418597000,43416,102352,145768
1608418897000,43368,102048,145416
1608419197000,43249,101668,144917
1608419497000,42997,101133,144130
1608419797000,42864,100705,143569
1608420097000,42775,100449,143224
1608420396000,42776,100080,142856
1608420697000,42686,99816,142502
1608420997000,42500,99551,142051
1608421297000,42401,99297,141698
1608421597000,42310,99025,141335
1608421897000,42264,99094,141358
1608422197000,42122,98555,140677
1608422498000,42240,97980,140220
1608422797000,42767,97798,140565
1608423097000,42698,97784,140482
1608423397000,42574,97569,140143
1608423697000,42397,97348,139745
1608423997000,42267,97128,139395
1608424297000,42137,96863,139000
1608424597000,42034,96679,138713
1608424896000,41922,96754,138676
1608425197000,41700,96730,138430
1608425497000,41531,96394,137925
1608425797000,41308,96387,137695
1608426097000,41146,95999,137145
1608426397000,40941,95928,136869
1608426697000,40733,95347,136080
1608426996000,40634,95465,136099
1608427297000,40547,95552,136099
1608427597000,40421,95071,135492
1608427897000,40440,95290,135730
1608428196000,40195,95224,135419
1608428497000,40124,95365,135489
1608428797000,39957,95368,135325
1608429097000,39869,95711,135580
1608429397000,39703,95393,135096
1608429697000,39621,95326,134947
1608429996000,39415,95077,134492
1608430297000,39293,95233,134526
1608430597000,39158,95044,134202
1608430897000,39087,94947,134034
1608431197000,38981,94811,133792
1608431497000,38896,94694,133590
1608431796000,38758,94555,133313
1608432097000,38592,94560,133152
1608432397000,38522,94399,132921
1608432697000,38346,93979,132325
1608432997000,38203,93717,131920
1608433297000,38166,93651,131817
1608433596000,38029,93401,131430
1608433897000,37928,93287,131215
1608434197000,37814,93137,130951
1608434497000,37893,93194,131087
1608434797000,37617,92918,130535
1608435096000,37220,92743,129963
1608435397000,37013,92639,129652
1608435697000,36783,92345,129128
1608435997000,36641,92247,128888
1608436297000,36483,91595,128078
1608436597000,36175,90906,127081
1608436897000,35931,90432,126363
1608437197000,35683,90275,125958
1608437497000,35528,89652,125180
1608437797000,35234,89418,124652
1608438097000,35100,89142,124242
1608438397000,34826,88326,123152
1608438697000,34577,88029,122606
1608438997000,34268,87388,121656
1608439296000,33997,86885,120882
1608439597000,33746,86605,120351
1608439897000,33540,85853,119393
1608440197000,33322,85244,118566
1608440497000,33153,84604,117757
1608440797000,32765,84124,116889
1608441097000,32507,83815,116322
1608441397000,32264,83303,115567
1608441697000,31949,82792,114741
1608441997000,31601,82094,113695
1608442297000,31392,81508,112900
1608442597000,31182,80840,112022
1608442896000,30878,78706,109584
1608443196000,30552,80110,110662
1608443497000,30434,79555,109989
1608443796000,30134,78643,108777
1608444097000,29757,77834,107591
1608444397000,29519,76648,106167
1608444698000,29417,75963,105380
1608444997000,29117,75162,104279
1608445297000,28946,74282,103228
1608445597000,28725,73397,102122
1608445897000,29239,72730,101969
1608446197000,26092,71854,97946
1608446497000,26997,70962,97959
1608446797000,25529,70343,95872
1608447097000,25409,69418,94827
1608447396000,25150,68646,93796
1608447697000,25092,68054,93146
1608447997000,24983,67220,92203
1608448297000,24984,66679,91663
1608448597000,24571,66055,90626
1608448897000,25479,65437,90916
1608449196000,24544,64776,89320
1608449497000,24821,64083,88904
1608449799000,25835,63866,89701
1608450096000,25638,63593,89231
1608450397000,25500,63489,88989
1608450697000,25473,63254,88727
1608450996000,25388,62810,88198
1608451297000,25189,62291,87480
1608451597000,25162,61771,86933
1608451897000,25137,61340,86477
1608452196000,25026,60216,85242
1608452497000,24821,59939,84760
1608452797000,24861,59730,84591
1608453096000,24841,59688,84529
1608453396000,24356,59482,83838
1608453697000,24414,59476,83890
1608453997000,24419,59808,84227
1608454297000,24442,59904,84346
1608454597000,24531,59834,84365
1608454897000,24623,59415,84038
1608455197000,24633,59184,83817
1608455497000,24609,59118,83727
1608455797000,24710,59166,83876
1608456097000,24864,59224,84088
1608456397000,24991,59118,84109
1608456697000,25082,58920,84002
1608456997000,25191,58789,83980
1608457297000,25377,58355,83732
1608457597000,25435,58373,83808
1608457897000,25543,58587,84130
1608458197000,25614,58589,84203
1608458496000,25573,58569,84142
1608458797000,25719,58733,84452
1608459097000,25872,59093,84965
1608459397000,25895,59375,85270
1608459697000,26001,59398,85399
1608459997000,26103,59700,85803
1608460297000,26119,59966,86085
1608460597000,26184,60231,86415
1608460897000,26261,60315,86576
1608461197000,26346,60616,86962
1608461497000,26484,60821,87305
1608461797000,26656,61022,87678
1608462097000,26737,61221,87958
1608462396000,26882,61484,88366
1608462697000,26991,61815,88806
1608462998000,27211,62292,89503
1608463297000,27389,62622,90011
1608463597000,27451,62852,90303
1608463896000,27528,62971,90499
1608464197000,27681,63219,90900
1608464497000,27923,63474,91397
1608464797000,28095,63948,92043
1608465097000,28391,64273,92664
1608465397000,28511,64469,92980
1608465697000,28677,64973,93650
1608465996000,28900,65311,94211
1608466297000,29158,65812,94970
1608466597000,29144,66252,95396
1608466896000,29194,66719,95913
1608467196000,29327,67175,96502
1608467497000,29493,67559,97052
1608467797000,29730,68255,97985
1608468097000,29925,68724,98649
1608468397000,30171,69400,99571
1608468697000,30402,69668,100070
1608468996000,30622,70180,100802
1608469297000,30804,70421,101225
1608469597000,31002,71124,102126
1608469897000,31168,71598,102766
1608470197000,31382,72265,103647
1608470497000,31566,72845,104411
1608470797000,31744,73565,105309
1608471097000,32001,74002,106003
1608471397000,32143,74622,106765
1608471697000,32296,75370,107666
1608471997000,32610,75969,108579
1608472297000,32908,76327,109235
1608472596000,33205,76759,109964
1608472897000,33444,77435,110879
1608473197000,33682,78055,111737
1608473497000,33965,78827,112792
1608473797000,34179,79572,113751
1608474097000,34479,80266,114745
1608474397000,34782,80642,115424
1608474697000,35047,81110,116157
1608474997000,35293,82070,117363
1608475297000,35642,82797,118439
1608475597000,35802,83603,119405
1608475897000,36071,84054,120125
1608476197000,36335,84344,120679
1608476497000,36553,84992,121545
1608476797000,36869,85676,122545
1608477097000,37272,86325,123597
1608477397000,37601,87029,124630
1608477697000,37738,87834,125572
1608477996000,38004,88310,126314
1608478297000,38297,88721,127018
1608478597000,38665,89573,128238
1608478897000,38875,90073,128948
1608479199000,39209,90829,130038
1608479497000,39472,91499,130971
1608479797000,39786,91856,131642
1608480097000,39927,91949,131876
1608480397000,40099,92235,132334
1608480697000,40337,93013,133350
1608480997000,40557,93502,134059
1608481297000,40829,94119,134948
1608481597000,41077,94370,135447
1608481897000,41299,94620,135919
1608482197000,41413,94990,136403
1608482497000,41695,95630,137325
1608482797000,41903,96003,137906
1608483098000,42068,96562,138630
1608483397000,42255,96810,139065
1608483697000,42397,96987,139384
1608483997000,42503,97142,139645
1608484297000,42550,97322,139872
1608484596000,42748,97828,140576
1608484897000,42823,98362,141185
1608485197000,42854,98846,141700
1608485496000,43146,99262,142408
1608485797000,43353,99356,142709
1608486097000,43624,99685,143309
1608486397000,43768,100143,143911
1608486697000,44025,101033,145058
1608486997000,44258,101366,145624
1608487297000,44351,101478,145829
1608487597000,44495,101890,146385
1608487897000,44573,102454,147027
1608488197000,44864,103040,147904
1608488497000,44979,103337,148316
1608488797000,45152,103851,149003
1608489097000,45436,104353,149789
1608489397000,45795,105212,151007
1608489697000,43893,105478,149371
1608489997000,43681,106382,150063
1608490297000,43800,106634,150434
1608490596000,44009,106908,150917
1608490897000,44160,106956,151116
1608491197000,44328,107726,152054
1608491497000,44247,108164,152411
1608491798000,44335,108648,152983
1608492097000,44474,109092,153566
1608492396000,44762,109535,154297
1608492697000,44850,110273,155123
1608492997000,45863,110748,156611
1608493297000,46801,111158,157959
1608493597000,45981,111477,157458
1608493897000,47452,111836,159288
1608494197000,47620,112081,159701
1608494497000,47721,112424,160145
1608494797000,47665,112559,160224
1608495097000,47660,112743,160403
1608495397000,47682,112920,160602
1608495697000,47702,113307,161009
1608495997000,47962,113434,161396
1608496297000,47997,113327,161324
1608496597000,47995,113464,161459
1608496897000,47952,113378,161330
1608497197000,47805,113663,161468
1608497497000,47848,113300,161148
1608497797000,47822,112869,160691
1608498096000,47792,112328,160120
1608498397000,47750,112582,160332
1608498697000,47712,112355,160067
1608498997000,47816,111901,159717
1608499297000,47732,111915,159647
1608499597000,47538,111627,159165
1608499897000,47483,111463,158946
1608500197000,47394,111389,158783
1608500497000,47218,111279,158497
1608500797000,47185,110802,157987
1608501097000,47012,110618,157630
1608501397000,46930,110441,157371
1608501697000,46743,110131,156874
1608501997000,46641,109510,156151
1608502297000,46226,109362,155588
1608502597000,45903,109125,155028
1608502897000,45671,108461,154132
1608503197000,45471,108008,153479
1608503497000,45382,107639,153021
1608503797000,45296,107133,152429
1608504097000,45176,106869,152045
1608504397000,45049,106483,151532
1608504697000,44876,105997,150873
1608504997000,44654,105275,149929
1608505297000,44383,104707,149090
1608505597000,44263,104185,148448
1608505897000,44018,103824,147842
1608506197000,43837,103297,147134
1608506497000,43726,103269,146995
1608506797000,43709,102588,146297
1608507097000,43679,101806,145485
1608507397000,43528,101688,145216
1608507697000,43469,101227,144696
1608507998000,43381,101349,144730
1608508297000,43206,101217,144423
1608508598000,43354,101030,144384
1608508897000,43641,100376,144017
1608509198000,44075,100277,144352
1608509496000,44118,99685,143803
1608509797000,44015,99255,143270
1608510097000,43729,99327,143056
1608510398000,43540,98918,142458
1608510697000,43446,98834,142280
1608510997000,43260,98760,142020
1608511297000,43109,98580,141689
1608511597000,43034,98523,141557
1608511897000,42735,98380,141115
1608512197000,42527,98136,140663
1608512497000,42308,98289,140597
1608512798000,42147,98138,140285
1608513097000,41898,98382,140280
1608513398000,41719,98317,140036
1608513697000,41628,98483,140111
1608513998000,41370,98323,139693
1608514297000,41363,98614,139977
1608514598000,41237,98754,139991
1608514897000,41131,98854,139985
1608515198000,40999,99029,140028
1608515497000,40928,99167,140095
1608515800000,40809,99088,139897
1608516097000,40767,99198,139965
1608516398000,40517,99116,139633
1608516697000,40389,99023,139412
1608516998000,40110,98725,138835
1608517296000,39889,98491,138380
1608517598000,39702,98518,138220
1608517897000,39518,98309,137827
1608518198000,39324,98227,137551
1608518496000,39193,98145,137338
1608518798000,39066,98135,137201
1608519097000,38957,97848,136805
1608519398000,38784,97557,136341
1608519697000,38583,97273,135856
1608519998000,38260,96803,135063
1608520297000,38123,96605,134728
1608520598000,37864,95887,133751
1608520897000,37697,95691,133388
1608521198000,35100,95608,130708
1608521497000,34898,94965,129863
1608521798000,34673,94445,129118
1608522097000,34385,93922,128307
1608522398000,36447,93399,129846
1608522697000,36197,92794,128991
1608522998000,35901,92116,128017
1608523298000,35676,91254,126930
1608523599000,35435,90582,126017
1608523897000,35196,89769,124965
1608524198000,34912,89153,124065
1608524496000,34421,88302,122723
1608524798000,34163,87540,121703
1608525097000,33858,86665,120523
1608525398000,33536,85916,119452
1608525697000,33214,85061,118275
1608525998000,32816,84336,117152
1608526297000,32524,83762,116286
1608526598000,32276,82956,115232
1608526897000,31932,82100,114032
1608527198000,31565,81355,112920
1608527497000,31245,80543,111788
1608527798000,30937,79858,110795
1608528097000,30584,79215,109799
1608528398000,30447,78375,108822
1608528697000,30117,77491,107608
1608528999000,29751,76720,106471
1608529297000,29508,76195,105703
1608529596000,29229,75278,104507
1608529897000,28836,74597,103433
1608530198000,28685,73780,102465
1608530497000,28280,72962,101242
1608530798000,27974,72053,100027
1608531097000,27822,71210,99032
1608531398000,27563,70002,97565
1608531697000,27295,69121,96416
1608531998000,27132,68521,95653
1608532297000,26924,67771,94695
1608532598000,24617,66799,91416
1608532897000,24367,66239,90606
1608533199000,25097,65602,90699
1608533497000,24164,65082,89246
1608533798000,23855,64525,88380
1608534097000,24160,63863,88023
1608534399000,24286,63018,87304
1608534696000,24055,62737,86792
1608534997000,23762,62098,85860
1608535297000,23659,61564,85223
1608535596000,23505,61100,84605
1608535897000,23152,60666,83818
1608536198000,22764,60450,83214
1608536497000,22723,60215,82938
1608536799000,22572,59923,82495
1608537096000,22514,59788,82302
1608537399000,22360,59525,81885
1608537697000,22308,58806,81114
1608537999000,22216,58449,80665
1608538297000,22113,58262,80375
1608538599000,22085,58128,80213
1608538897000,22094,58211,80305
1608539197000,22023,58020,80043
1608539497000,22004,58182,80186
1608539799000,22058,58274,80332
1608540097000,21996,58343,80339
1608540399000,21996,58310,80306
1608540426000,22052,58245,80297
1608540697000,22021,58328,80349
1608540998000,22069,58278,80347
1608541297000,22039,58366,80405
1608541599000,22001,58535,80536
1608541897000,22045,58438,80483
1608542197000,22114,58331,80445
1608542497000,22094,58659,80753
1608542799000,22228,58629,80857
1608543097000,22283,57638,79921
1608543397000,22403,56602,79005
1608543697000,22377,56512,78889
1608543997000,22504,56568,79072
1608544297000,22758,57052,79810
1608544597000,22939,57102,80041
1608544899000,23090,57566,80656
1608545197000,23200,57776,80976
1608545497000,23334,58034,81368
1608545799000,23208,58314,81522
1608546097000,23318,58623,81941
1608546397000,23388,58819,82207
1608546697000,23565,59197,82762
1608546997000,23744,59418,83162
1608547297000,23886,59705,83591
1608547597000,23995,59797,83792
1608547897000,24160,59989,84149
1608548197000,23321,59981,83302
1608548497000,23354,60429,83783
1608548797000,23583,60655,84238
1608549097000,23728,61020,84748
1608549396000,23889,61203,85092
1608549697000,24201,61423,85624
1608549996000,24488,61551,86039
1608550297000,24702,61776,86478
1608550597000,24696,61974,86670
1608550897000,24953,62138,87091
1608551197000,25121,61891,87012
1608551497000,25358,62214,87572
1608551797000,25583,62608,88191
1608552097000,25861,62682,88543
1608552397000,26077,63002,89079
1608552697000,26254,63710,89964
1608552997000,26466,64305,90771
1608553296000,26659,64705,91364
1608553597000,26964,64929,91893
1608553897000,27215,65394,92609
1608554197000,27538,66087,93625
1608554497000,27678,66331,94009
1608554797000,27417,66480,93897
1608555097000,27213,66979,94192
1608555397000,27191,67119,94310
1608555697000,27093,67771,94864
1608555997000,27190,68556,95746
1608556297000,27259,68968,96227
1608556597000,27329,69767,97096
1608556897000,27463,70454,97917
1608557197000,27646,71035,98681
1608557497000,28028,71741,99769
1608557797000,28280,72452,100732
1608558097000,28525,72723,101248
1608558397000,28612,73457,102069
1608558697000,28865,74084,102949
1608558997000,29027,74478,103505
1608559298000,30272,75399,105671
1608559597000,30554,75970,106524
1608559897000,30769,76812,107581
1608560197000,29459,77529,106988
1608560497000,29966,78409,108375
1608560797000,30324,78766,109090
1608561097000,31336,80092,111428
1608561397000,31985,80879,112864
1608561697000,32542,81633,114175
1608561997000,32899,82522,115421
1608562297000,33271,83135,116406
1608562596000,33553,83610,117163
1608562897000,34001,84237,118238
1608563197000,34524,85033,119557
1608563497000,34931,85696,120627
1608563797000,35243,86139,121382
1608564097000,35526,86819,122345
1608564397000,35765,87332,123097
1608564697000,36091,87979,124070
1608564996000,36398,88630,125028
1608565297000,36774,89137,125911
1608565597000,37163,89489,126652
1608565897000,37459,90113,127572
1608566197000,37569,90484,128053
1608566497000,37669,90970,128639
1608566797000,37844,91252,129096
1608567097000,38006,91743,129749
1608567397000,38084,92270,130354
1608567697000,38296,93029,131325
1608567997000,38447,92982,131429
1608568297000,38575,93059,131634
1608568597000,38692,93549,132241
1608568897000,38769,93741,132510
1608569197000,38901,93807,132708
1608569497000,39161,93831,132992
1608569797000,39229,94094,133323
1608570097000,39321,93693,133014
1608570397000,39416,93903,133319
1608570696000,39511,93976,133487
1608570997000,39631,93405,133036
1608571297000,39832,93782,133614
1608571597000,40017,93989,134006
1608571897000,40173,94479,134652
1608572197000,40341,94810,135151
1608572497000,40485,95592,136077
1608572797000,40635,96186,136821
1608573097000,40904,97046,137950
1608573397000,41026,97346,138372
1608573697000,41121,97675,138796
1608573997000,41282,98073,139355
1608574297000,41394,98552,139946
1608574597000,41526,98945,140471
1608574897000,41779,99705,141484
1608575197000,42012,100038,142050
1608575497000,42193,100509,142702
1608575796000,42339,100598,142937
1608576097000,42491,101248,143739
1608576397000,42611,101559,144170
1608576697000,42655,102070,144725
1608576996000,42682,102250,144932
1608577297000,42721,102735,145456
1608577597000,42821,102966,145787
1608577897000,42968,103328,146296
1608578198000,43077,103667,146744
1608578497000,43250,104440,147690
1608578797000,43391,104733,148124
1608579097000,43437,105203,148640
1608579397000,43588,105485,149073
1608579697000,43723,105955,149678
1608579997000,43812,106088,149900
1608580297000,43906,106407,150313
1608580596000,43959,106307,150266
1608580897000,44052,106704,150756
1608581197000,44056,106949,151005
1608581497000,44197,107445,151642
1608581797000,44366,107816,152182
1608582097000,44347,107906,152253
1608582396000,44224,107821,152045
1608582697000,44295,107591,151886
1608582997000,44390,108126,152516
1608583297000,44338,107932,152270
1608583597000,44460,108057,152517
1608583897000,44547,108464,153011
1608584197000,44499,108351,152850
1608584497000,44467,107852,152319
1608584797000,44601,108280,152881
1608585098000,44650,108247,152897
1608585397000,44786,107994,152780
1608585697000,44797,108125,152922
1608585997000,44884,108313,153197
1608586297000,44993,107641,152634
1608586597000,45012,107419,152431
1608586897000,44669,107374,152043
1608587197000,44539,106987,151526
1608587497000,44254,106737,150991
1608587801000,44198,106399,150597
1608588097000,44145,106059,150204
1608588397000,43798,105823,149621
1608588697000,43582,105230,148812
1608588997000,43470,105249,148719
1608589297000,43240,105316,148556
1608589596000,43173,105429,148602
1608589897000,43159,105238,148397
1608590197000,43069,104572,147641
1608590497000,43143,104077,147220
1608590797000,43023,104507,147530
1608591097000,42893,104173,147066
1608591397000,42769,103058,145827
1608591697000,42537,102339,144876
1608591996000,42386,102054,144440
1608592296000,42117,101317,143434
1608592597000,41899,100896,142795
1608592897000,41748,100524,142272
1608593197000,41619,101117,142736
1608593497000,41620,100173,141793
1608593797000,41520,99545,141065
1608594096000,41496,99126,140622
1608594397000,41406,100458,141864
1608594696000,41325,99778,141103
1608594997000,41324,99204,140528
1608595297000,41488,97977,139465
1608595596000,41912,99090,141002
1608595897000,40795,93805,134600
1608596197000,41537,97443,138980
1608596497000,41617,98211,139828
1608596797000,41645,97875,139520
1608597097000,41462,97953,139415
1608597397000,41483,98704,140187
1608597697000,41416,98333,139749
1608597997000,41390,98221,139611
1608598297000,41438,99163,140601
1608598597000,41314,99158,140472
1608598897000,41300,98532,139832
1608599197000,41322,98534,139856
1608599497000,41289,99321,140610
1608599797000,41260,98485,139745
1608600097000,41155,98265,139420
1608600397000,41100,98188,139288
1608600697000,41029,98931,139960
1608600997000,41016,98879,139895
1608601297000,40934,99006,139940
1608601597000,40802,99102,139904
1608601897000,40753,99937,140690
1608602197000,40613,99401,140014
1608602497000,40485,99427,139912
1608602797000,40384,99436,139820
1608603097000,40234,99323,139557
1608603396000,40042,99429,139471
1608603732000,39904,99300,139204
1608603997000,39831,99244,139075
1608604297000,39697,98964,138661
1608604598000,39417,98869,138286
1608604897000,39399,98793,138192
1608605197000,39224,98562,137786
1608605497000,39015,98356,137371
1608605797000,38896,97756,136652
1608606097000,38823,97183,136006
1608606397000,38559,97345,135904
1608606697000,38449,96867,135316
1608606997000,38397,96748,135145
1608607297000,37721,96285,134006
1608607597000,37381,96214,133595
1608607897000,37049,95724,132773
1608608197000,36904,95263,132167
1608608497000,36641,94880,131521
1608608797000,36246,94742,130988
1608609097000,35927,94006,129933
1608609397000,35620,93401,129021
1608609697000,35258,92302,127560
1608609997000,34875,91525,126400
1608610297000,34610,91034,125644
1608610596000,34296,90067,124363
1608610897000,33981,89185,123166
1608611197000,33634,88501,122135
1608611497000,33277,87897,121174
1608611797000,33010,86975,119985
1608612097000,32751,86467,119218
1608612397000,32495,85811,118306
1608612697000,32139,84730,116869
1608612997000,31799,83934,115733
1608613297000,29551,82740,112291
1608613597000,30131,82121,112252
1608613896000,28669,81278,109947
1608614196000,28372,80552,108924
1608614497000,28018,79677,107695
1608614797000,27762,78901,106663
1608615097000,27624,77879,105503
1608615397000,27194,77280,104474
1608615697000,26974,76924,103898
1608615997000,27082,76472,103554
1608616297000,26845,75614,102459
1608616596000,27069,74730,101799
1608616897000,27019,73793,100812
1608617197000,26833,72080,98913
1608617497000,26616,71353,97969
1608617797000,26387,70416,96803
1608618097000,27218,69471,96689
1608618397000,26986,68524,95510
1608618697000,26732,67679,94411
1608618997000,26515,66686,93201
1608619296000,26202,65789,91991
1608619597000,26003,64846,90849
1608619897000,25803,63904,89707
1608620197000,25726,63116,88842
1608620497000,25432,62398,87830
1608620797000,25271,61844,87115
1608621097000,25132,61565,86697
1608621396000,25149,60975,86124
1608621697000,24889,60474,85363
1608621996000,24696,59586,84282
1608622297000,24517,59301,83818
1608622597000,24355,59115,83470
1608622897000,24372,59137,83509
1608623197000,24177,59010,83187
1608623497000,23940,58980,82920
1608623796000,23876,58568,82444
1608624097000,23767,57919,81686
1608624396000,23873,57406,81279
1608624697000,23871,57158,81029
1608624997000,23649,57190,80839
1608625297000,23506,57186,80692
1608625597000,22899,57020,79919
1608625897000,22893,56376,79269
1608626197000,23007,56999,80006
1608626497000,23046,57386,80432
1608626797000,23106,57090,80196
1608627097000,23185,57366,80551
1608627397000,23211,57688,80899
1608627697000,23292,57771,81063
1608627997000,23405,57488,80893
1608628297000,23405,57508,80913
1608628596000,23548,57640,81188
1608628897000,23537,57520,81057
1608629196000,23591,57199,80790
1608629497000,23650,56510,80160
1608629797000,23845,56979,80824
1608630097000,23864,56799,80663
1608630397000,23865,56403,80268
1608630697000,23977,56343,80320
1608630997000,24000,56529,80529
1608631297000,24103,56735,80838
1608631597000,24196,56791,80987
1608631896000,24247,56929,81176
1608632197000,24344,57086,81430
1608632497000,24371,57157,81528
1608632797000,24463,57324,81787
1608633097000,24545,57418,81963
1608633398000,24289,57702,81991
1608633697000,24085,57920,82005
1608633996000,23761,57808,81569
1608634297000,23021,58365,81386
1608634596000,21862,58806,80668
1608634897000,5005,58639,63644
1608635197000,10866,59326,70192
1608635497000,14483,59832,74315
1608635797000,16468,60384,76852
1608636097000,17787,60583,78370
1608636396000,18949,60874,79823
1608636697000,19886,60194,80080
1608636997000,20687,59361,80048
1608637306000,21375,58654,80029
1608637597000,21849,57716,79565
1608637897000,22555,56611,79166
1608638197000,23099,53287,76386
1608638497000,23599,18990,42589
1608638797000,24110,35434,59544
1608639096000,24486,42291,66777
1608639397000,24902,46615,71517
1608639697000,25230,49931,75161
1608639997000,25463,52574,78037
1608640297000,25837,55190,81027
1608640596000,26331,57181,83512
1608640897000,26666,58924,85590
1608641197000,26856,60454,87310
1608641497000,27158,61598,88756
1608641797000,27452,62813,90265
1608642097000,27824,63769,91593
1608642397000,28173,64893,93066
1608642697000,28396,66073,94469
1608642997000,28604,66976,95580
1608643297000,28978,68249,97227
1608643597000,29241,69156,98397
1608643897000,29510,70189,99699
1608644197000,29820,70942,100762
1608644497000,30106,71805,101911
1608644797000,30428,72539,102967
1608645097000,30752,73446,104198
1608645397000,31053,74152,105205
1608645709000,31300,74701,106001
1608645997000,31596,75311,106907
1608646297000,31918,76148,108066
1608646597000,32129,77031,109160
1608646897000,32525,77820,110345
1608647197000,32879,78616,111495
1608647497000,33195,79260,112455
1608647797000,33364,79649,113013
1608648097000,33760,80519,114279
1608648397000,34043,81274,115317
1608648697000,34234,81885,116119
1608648997000,34463,82466,116929
1608649297000,34711,82915,117626
1608649597000,34945,83363,118308
1608649897000,35207,84385,119592
1608650197000,35266,85135,120401
1608650497000,35549,86017,121566
1608650797000,35742,86208,121950
1608651097000,35989,86802,122791
1608651400000,36049,87285,123334
1608651697000,36343,87832,124175
1608651997000,36525,88627,125152
1608652297000,36770,89072,125842
1608652597000,36879,89150,126029
1608652897000,37037,89153,126190
1608653201000,37166,89438,126604
1608653497000,37398,89862,127260
1608653797000,37585,90231,127816
1608654097000,37773,90648,128421
1608654398000,37918,90794,128712
1608654697000,37951,91465,129416
1608654997000,38068,90956,129024
1608655297000,38266,91663,129929
1608655598000,38543,91636,130179
1608655897000,38733,91810,130543
1608656197000,39036,91677,130713
1608656497000,39148,91626,130774
1608656526000,39209,91343,130552
1608656565000,39208,91452,130660
1608656797000,39270,91467,130737
1608657097000,39475,91693,131168
1608657397000,39641,91968,131609
1608657697000,39860,92413,132273
1608657997000,40041,92719,132760
1608658297000,40101,92519,132620
1608658597000,38398,92812,131210
1608658897000,38162,93458,131620
1608659197000,39645,94039,133684
1608659497000,38363,94199,132562
1608659797000,38453,94576,133029
1608660097000,38824,94491,133315
1608660397000,38932,94981,133913
1608660697000,39524,95056,134580
1608660997000,39717,95302,135019
1608661298000,39821,95682,135503
1608661597000,40233,96236,136469
1608661897000,40278,96842,137120
1608662197000,40411,97085,137496
1608662497000,40566,97461,138027
1608662797000,40503,97247,137750
1608663097000,40393,97667,138060
1608663397000,40542,98233,138775
1608663697000,41940,98479,140419
1608663997000,42030,98731,140761
1608664297000,42118,98842,140960
1608664597000,42225,99257,141482
1608664897000,42365,99912,142277
1608665197000,42542,100296,142838
1608665497000,42692,100410,143102
1608665797000,42756,100735,143491
1608666099000,42844,100961,143805
1608666397000,42904,101563,144467
1608666697000,42991,101803,144794
1608666996000,43204,101824,145028
1608667297000,43295,101759,145054
1608667596000,43462,101946,145408
1608667897000,43616,102153,145769
1608668197000,43589,102446,146035
1608668496000,43708,102690,146398
1608668797000,43805,102528,146333
1608669097000,43843,102542,146385
1608669397000,44047,102667,146714
1608669697000,44053,102786,146839
1608669997000,43958,102710,146668
1608670297000,43916,102810,146726
1608670597000,44032,102541,146573
1608670897000,43968,102082,146050
1608671197000,43979,102598,146577
1608671497000,43942,102510,146452
1608671796000,43840,102441,146281
1608672097000,43888,102533,146421
1608672397000,43869,102268,146137
1608672697000,43895,102096,145991
1608672997000,43823,101947,145770
1608673297000,43859,101940,145799
1608673597000,43642,101843,145485
1608673897000,43638,101832,145470
1608674196000,43513,101422,144935
1608674497000,43486,100980,144466
1608674797000,43397,100799,144196
1608675097000,43222,100470,143692
1608675397000,43094,100302,143396
1608675697000,42931,100159,143090
1608675997000,42908,99897,142805
1608676297000,42794,99353,142147
1608676597000,42854,99120,141974
1608676897000,42790,99207,141997
1608677197000,42595,98887,141482
1608677497000,42470,99278,141748
1608677797000,42379,98788,141167
1608678097000,42285,98250,140535
1608678397000,41963,97090,139053
1608678697000,41949,97319,139268
1608678997000,41788,96278,138066
1608679297000,41906,96671,138577
1608679597000,41914,96300,138214
1608679897000,41419,95485,136904
1608680197000,41338,96088,137426
1608680497000,41314,95922,137236
1608680797000,41195,95588,136783
1608681097000,41157,95875,137032
1608681397000,41096,95507,136603
1608681697000,41324,95137,136461
1608681997000,41752,94427,136179
1608682297000,41343,93348,134691
1608682597000,41737,94455,136192
1608682897000,41693,94378,136071
1608683197000,41546,94187,135733
1608683497000,41325,93910,135235
1608683797000,41270,93883,135153
1608684097000,41293,93974,135267
1608684397000,41059,93809,134868
1608684697000,41010,93649,134659
1608684997000,40799,93446,134245
1608685297000,40601,93381,133982
1608685597000,40581,93276,133857
1608685897000,40526,93267,133793
1608686197000,40470,93361,133831
1608686497000,40550,93436,133986
1608686797000,40317,93237,133554
1608687097000,40264,93568,133832
1608687397000,40153,93982,134135
1608687697000,40067,94258,134325
1608687997000,39952,94405,134357
1608688297000,39867,94551,134418
1608688597000,39803,94483,134286
1608688897000,39565,93609,133174
1608689197000,39528,93980,133508
1608689497000,39359,93972,133331
1608689797000,39288,93878,133166
1608690097000,39215,94041,133256
1608690397000,39002,94102,133104
1608690697000,38845,93641,132486
1608690997000,38710,93213,131923
1608691297000,38642,93303,131945
1608691597000,38532,93214,131746
1608691897000,38322,93250,131572
1608692197000,38017,92859,130876
1608692497000,37905,92562,130467
1608692797000,37630,91901,129531
1608693097000,37470,91692,129162
1608693397000,37091,90561,127652
1608693696000,37120,91563,128683
1608693997000,36958,90943,127901
1608694297000,36566,89675,126241
1608694597000,36553,89939,126492
1608694897000,36364,89497,125861
1608695197000,36144,89327,125471
1608695497000,36028,88723,124751
1608695797000,35752,88256,124008
1608696097000,35400,87736,123136
1608696397000,35142,87034,122176
1608696697000,34920,86493,121413
1608696997000,34763,85859,120622
1608697297000,34459,84937,119396
1608697597000,34226,84527,118753
1608697897000,33963,83824,117787
1608698197000,33683,83079,116762
1608698497000,33340,82642,115982
1608698797000,32950,81911,114861
1608699105000,32601,81215,113816
1608699397000,32340,80454,112794
1608699697000,32039,79617,111656
1608699997000,31847,78661,110508
1608700297000,31527,78020,109547
1608700597000,31288,77288,108576
1608700897000,31093,76470,107563
1608701196000,30868,75884,106752
1608701497000,30669,74948,105617
1608701797000,29688,74137,103825
1608702097000,29117,73721,102838
1608702399000,28627,73215,101842
1608702697000,28356,72389,100745
1608702997000,27967,71623,99590
1608703297000,27627,70562,98189
1608703597000,27198,69623,96821
1608703897000,26953,69077,96030
1608704197000,25770,67513,93283
1608704497000,26156,66562,92718
1608704797000,24683,65805,90488
1608705097000,24588,64928,89516
1608705397000,24361,64214,88575
1608705697000,23992,63497,87489
1608705997000,24307,62681,86988
1608706297000,24124,62007,86131
1608706597000,24592,61203,85795
1608706897000,24376,60561,84937
1608707197000,23995,59823,83818
1608707497000,24075,59797,83872
1608707797000,24886,59414,84300
1608708097000,24596,58752,83348
1608708396000,24441,58178,82619
1608708697000,24338,58438,82776
1608708997000,24236,57827,82063
1608709297000,24172,57293,81465
1608709597000,24013,57163,81176
1608709897000,23930,56838,80768
1608710197000,23937,56268,80205
1608710797000,23719,54596,78315
1608711097000,23533,54026,77559
1608711397000,23379,53919,77298
1608711697000,23323,53960,77283
1608711997000,23387,53887,77274
1608712297000,23318,53830,77148
1608712597000,23230,54107,77337
1608712897000,23218,54222,77440
1608713197000,23256,54604,77860
1608713497000,23223,54349,77572
1608713797000,23154,54182,77336
1608714097000,22893,54284,77177
1608714397000,22855,54339,77194
1608714697000,22917,54085,77002
1608714997000,22937,54057,76994
1608715297000,23023,54797,77820
1608715597000,23148,54157,77305
1608715897000,23252,54133,77385
1608716197000,23288,54152,77440
1608716497000,23363,54400,77763
1608716797000,23444,54425,77869
1608717097000,23502,54563,78065
1608717397000,23598,54618,78216
1608717697000,23705,54685,78390
1608717997000,23733,54600,78333
1608718297000,23866,54796,78662
1608718599000,23970,55240,79210
1608718628000,23963,54849,78812
1608718897000,24045,54938,78983
1608719197000,24190,55347,79537
1608719497000,24312,55390,79702
1608719797000,24376,55574,79950
1608720097000,24511,55835,80346
1608720397000,24626,56188,80814
1608720697000,24717,56415,81132
1608720997000,24765,56887,81652
1608721297000,24859,57033,81892
1608721597000,24882,57795,82677
1608721897000,25052,58173,83225
1608722197000,25195,58658,83853
1608722497000,25298,58976,84274
1608722797000,25419,58930,84349
1608723097000,25610,59295,84905
1608723397000,25727,59336,85063
1608723697000,25848,59483,85331
1608723997000,26038,59814,85852
1608724297000,26044,60320,86364
1608724597000,26102,61337,87439
1608724897000,26251,61460,87711
1608725197000,26504,61742,88246
1608725497000,26714,62357,89071
1608725797000,26941,62816,89757
1608726096000,27081,62946,90027
1608726397000,27211,63485,90696
1608726697000,27317,64130,91447
1608726996000,27449,64150,91599
1608727297000,27771,64637,92408
1608727597000,28018,65136,93154
1608727897000,28165,65531,93696
1608728197000,28300,65827,94127
1608728226000,28327,65830,94157
1608728497000,28442,66599,95041
1608728796000,28672,67315,95987
1608728826000,28724,67390,96114
1608729097000,29026,67935,96961
1608729397000,29324,68463,97787
1608729697000,29501,69273,98774
1608729997000,29650,70053,99703
1608730297000,29859,70760,100619
1608730597000,30109,71297,101406
1608730897000,30256,71199,101455
1608731197000,30445,71458,101903
1608731497000,30751,71973,102724
1608731797000,31043,72642,103685
1608732097000,31381,73031,104412
1608732397000,31674,73522,105196
1608732697000,31972,74230,106202
1608732997000,32301,74831,107132
1608733311000,32703,75495,108198
1608733626000,32856,76326,109182
1608733897000,32841,76814,109655
1608734198000,33122,77331,110453
1608734497000,33248,77922,111170
1608734809000,33433,78371,111804
1608735097000,33653,78731,112384
1608735397000,33710,79332,113042
1608735697000,33991,79597,113588
1608735997000,34103,80466,114569
1608736297000,34247,81063,115310
1608736596000,34439,81639,116078
1608736897000,34744,82305,117049
1608737197000,34902,82488,117390
1608737497000,35005,83115,118120
1608737797000,35260,83688,118948
1608738097000,35365,84169,119534
1608738397000,35434,84596,120030
1608738697000,35664,84769,120433
1608738997000,35883,85021,120904
1608739297000,36097,85192,121289
1608739597000,36309,85952,122261
1608739897000,36552,86030,122582
1608740197000,36710,86919,123629
1608740497000,36942,87538,124480
1608740797000,37061,87662,124723
1608741097000,37038,86917,123955
1608741397000,37272,87383,124655
1608741697000,37450,87711,125161
1608741997000,37624,87754,125378
1608742297000,37759,86717,124476
1608742597000,37824,86487,124311
1608742897000,37796,86164,123960
1608743197000,37901,85931,123832
1608743497000,38074,86107,124181
1608743797000,38249,86151,124400
1608744097000,38342,86837,125179
1608744397000,38366,87182,125548
1608744707000,38477,87153,125630
1608744997000,38642,87223,125865
1608745297000,38755,87559,126314
1608745597000,38996,87842,126838
1608745897000,39121,88298,127419
1608746197000,39092,88258,127350
1608746497000,39065,87887,126952
1608746797000,39253,88879,128132
1608747097000,39369,89149,128518
1608747397000,39463,89320,128783
1608747699000,39592,89884,129476
1608747996000,39702,90379,130081
1608748297000,39863,90396,130259
1608748597000,39942,91228,131170
1608748897000,39972,91476,131448
1608749197000,40222,92154,132376
1608749497000,40316,92396,132712
1608749526000,40346,92307,132653
1608749797000,40492,92598,133090
1608749827000,40473,92434,132907
1608750097000,40595,92765,133360
1608750396000,40692,92504,133196
1608750426000,40709,92576,133285
1608750697000,40746,92362,133108
1608750997000,40863,92746,133609
1608751026000,40880,92823,133703
1608751300000,41138,93216,134354
1608751597000,41311,93670,134981
1608751897000,41347,93922,135269
1608752196000,41289,94454,135743
1608752497000,40296,94850,135146
1608752797000,40561,94950,135511
1608753097000,40545,95460,136005
1608753396000,40722,95454,136176
1608753697000,40943,95598,136541
1608753997000,41198,95864,137062
1608754297000,41348,96087,137435
1608754597000,41895,96230,138125
1608754897000,42746,96676,139422
1608755197000,42746,96823,139569
1608755497000,42583,96724,139307
1608755797000,42609,96743,139352
1608756097000,42735,97095,139830
1608756396000,42781,97252,140033
1608756697000,42820,97425,140245
1608756997000,42781,97638,140419
1608757297000,42787,96491,139278
1608757597000,42808,97370,140178
1608757897000,42847,97590,140437
1608758196000,42925,97382,140307
1608758497000,42936,97430,140366
1608758797000,42866,97219,140085
1608759097000,42819,97331,140150
1608759397000,42787,97428,140215
1608759697000,42705,97572,140277
1608759997000,42610,97461,140071
1608760297000,42515,96864,139379
1608760597000,42532,96475,139007
1608760897000,42326,95209,137535
1608761197000,42267,95097,137364
1608761503000,42175,95220,137395
1608761797000,42100,95074,137174
1608762097000,42010,94944,136954
1608762397000,42008,94777,136785
1608762697000,42002,94098,136100
1608762997000,41938,94180,136118
1608763297000,41921,94423,136344
1608763326000,41804,93544,135348
1608763597000,41788,94138,135926
1608763897000,41659,93584,135243
1608764197000,41428,92650,134078
1608764497000,41300,91785,133085
1608764797000,41315,91929,133244
1608765097000,41206,91420,132626
1608765396000,40984,91073,132057
1608765697000,40843,90864,131707
1608765997000,40637,90651,131288
1608766297000,40626,90511,131137
1608766615000,40543,90079,130622
1608766896000,40508,90358,130866
1608767198000,40388,90566,130954
1608767497000,40333,89547,129880
1608767797000,40424,89215,129639
1608768097000,40691,88819,129510
1608768397000,41177,88654,129831
1608768697000,40837,87579,128416
1608768998000,41033,88058,129091
1608769297000,40991,87992,128983
1608769597000,40870,87778,128648
1608769897000,40687,87722,128409
1608770197000,40674,87792,128466
1608770497000,40550,87837,128387
1608770797000,40397,88074,128471
1608771097000,40208,87880,128088
1608771396000,40057,87869,127926
1608771697000,40042,87800,127842
1608771997000,39822,87716,127538
1608772297000,39732,87934,127666
1608772597000,39602,87592,127194
1608772897000,39599,88083,127682
1608773197000,39532,87912,127444
1608773497000,39452,87710,127162
1608773797000,39297,87648,126945
1608774097000,38913,87276,126189
1608774397000,38724,87820,126544
1608774697000,38603,87895,126498
1608774997000,38528,87222,125750
1608775297000,38376,86970,125346
1608775597000,38297,87090,125387
1608775897000,38093,87282,125375
1608776196000,37892,87303,125195
1608776497000,37833,87262,125095
1608776797000,37550,87304,124854
1608777097000,36853,82980,119833
1608777397000,37159,85683,122842
1608777697000,36926,85935,122861
1608777997000,36677,85264,121941
1608778297000,36831,86033,122864
1608778597000,36683,85747,122430
1608778897000,35833,81860,117693
1608779197000,35942,84871,120813
1608779497000,35843,85168,121011
1608779797000,35639,84873,120512
1608780097000,35693,85312,121005
1608780397000,35459,85031,120490
1608780697000,34919,82130,117049
1608780997000,35077,84306,119383
1608781297000,34674,83594,118268
1608781597000,34312,83331,117643
1608781897000,34254,83695,117949
1608782196000,34063,83210,117273
1608782497000,33690,81409,115099
1608782796000,33629,82470,116099
1608783111000,33537,81918,115455
1608783397000,33389,81784,115173
1608783697000,33205,81657,114862
1608783997000,32983,80825,113808
1608784297000,32685,79905,112590
1608784597000,32528,79691,112219
1608784897000,32351,79071,111422
1608785197000,32227,78210,110437
1608785502000,31847,77565,109412
1608785797000,31535,77003,108538
1608786097000,31325,76466,107791
1608786397000,31013,76016,107029
1608786697000,30732,75530,106262
1608786997000,30333,75008,105341
1608787297000,30164,74230,104394
1608787597000,29852,73625,103477
1608787897000,29424,72160,101584
1608788197000,29230,72051,101281
1608788497000,28923,71411,100334
1608788797000,28664,70747,99411
1608789097000,28412,70296,98708
1608789397000,27292,69507,96799
1608789697000,26901,68299,95200
1608789996000,26733,67485,94218
1608790297000,26454,66748,93202
1608790597000,24822,65958,90780
1608790897000,24566,65097,89663
1608791197000,25469,64143,89612
1608791497000,24040,63162,87202
1608791797000,24052,61615,85667
1608792097000,23640,61205,84845
1608792397000,23531,60871,84402
1608792697000,23486,60325,83811
1608792997000,24206,59827,84033
1608793297000,23971,59137,83108
1608793597000,23809,58475,82284
1608793897000,23681,58123,81804
1608794197000,24540,57565,82105
1608794594000,24189,56289,80478
1608794797000,24185,56727,80912
1608795097000,24073,56022,80095
1608795397000,23971,55504,79475
1608795697000,23871,55492,79363
1608795997000,23708,55363,79071
1608796297000,23684,54940,78624
1608796597000,23711,54792,78503
1608796897000,23567,53931,77498
1608797197000,23463,53193,76656
1608797497000,23489,52981,76470
1608797797000,23483,53022,76505
1608798097000,23545,52887,76432
1608798397000,23275,52867,76142
1608798697000,23368,52873,76241
1608798997000,23183,52787,75970
1608799297000,23040,52703,75743
1608799597000,23031,52878,75909
1608799897000,22975,52971,75946
1608800197000,22929,52996,75925
1608800497000,22909,52918,75827
1608800797000,22869,52803,75672
1608801097000,22989,52592,75581
1608801397000,23074,52469,75543
1608801697000,23245,52445,75690
1608801997000,23248,52621,75869
1608802297000,23390,52657,76047
1608802597000,23347,52832,76179
1608802897000,23429,52665,76094
1608803197000,23549,52645,76194
1608803497000,23604,52710,76314
1608803797000,23546,52699,76245
1608804097000,23515,52558,76073
1608804397000,23594,52868,76462
1608804697000,23600,53189,76789
1608804997000,23716,53280,76996
1608805297000,23781,53355,77136
1608805597000,23802,53262,77064
1608805897000,23938,53483,77421
1608806197000,24017,53372,77389
1608806497000,23770,53682,77452
1608806796000,23686,53775,77461
1608807097000,23828,53842,77670
1608807397000,23928,53991,77919
1608807697000,24186,54233,78419
1608807997000,24256,54361,78617
1608808297000,24363,54666,79029
1608808597000,24436,54840,79276
1608808897000,24543,55017,79560
1608809197000,24790,55371,80161
1608809497000,24943,55623,80566
1608809798000,25092,56236,81328
1608810097000,25109,56660,81769
1608810397000,25262,56783,82045
1608810697000,25446,57156,82602
1608810997000,25433,56752,82185
1608811297000,25527,57107,82634
1608811597000,25708,57518,83226
1608811897000,25911,57645,83556
1608812197000,26043,58146,84189
1608812497000,26351,58541,84892
1608812797000,26522,58724,85246
1608813097000,26685,59267,85952
1608813397000,26857,59588,86445
1608813697000,27087,60136,87223
1608813997000,25754,60565,86319
1608814297000,25409,61073,86482
1608814597000,25713,61571,87284
1608814897000,25999,62080,88079
1608815197000,26151,62706,88857
1608815497000,26295,63098,89393
1608815796000,26579,63692,90271
1608816097000,26738,64112,90850
1608816397000,26963,64774,91737
1608816697000,27128,64930,92058
1608816997000,27262,65640,92902
1608817300000,27520,66032,93552
1608817600000,27634,66217,93851
1608817897000,27890,66423,94313
1608818197000,28059,66737,94796
1608818497000,28251,66956,95207
1608818797000,28466,67310,95776
1608819097000,28707,68246,96953
1608819397000,28942,68899,97841
1608819697000,29192,69302,98494
1608819997000,29301,69480,98781
1608820297000,29440,69614,99054
1608820597000,29516,69469,98985
1608820897000,29778,70124,99902
1608821197000,29968,70025,99993
1608821497000,30222,71002,101224
1608821797000,30217,71464,101681
1608822097000,30339,71216,101555
1608822397000,30524,71666,102190
1608822697000,30593,72141,102734
1608822996000,31094,72644,103738
1608823297000,31313,73121,104434
1608823597000,31049,73374,104423
1608823897000,31239,73831,105070
1608824197000,31450,74121,105571
1608824499000,31676,74846,106522
1608824796000,31972,75375,107347
1608825097000,31792,75741,107533
1608825397000,32085,76031,108116
1608825697000,32039,75932,107971
1608825997000,32069,75964,108033
1608826297000,32042,76500,108542
1608826597000,32181,76625,108806
1608826897000,32900,76797,109697
1608827212000,33288,75980,109268
1608827497000,33432,76606,110038
1608827796000,33539,76621,110160
1608828097000,33605,76624,110229
1608828397000,33744,76819,110563
1608828697000,33804,76892,110696
1608828997000,33759,76687,110446
1608829297000,33689,76725,110414
1608829597000,33383,76575,109958
1608829897000,33497,76540,110037
1608830197000,33563,76394,109957
1608830497000,33596,76867,110463
1608830797000,33681,76786,110467
1608831097000,33754,76770,110524
1608831397000,33847,76861,110708
1608831697000,33879,76842,110721
1608831997000,33140,77309,110449
1608832297000,32504,77557,110061
1608832596000,32592,77544,110136
1608832897000,32620,77679,110299
1608833197000,32808,77590,110398
1608833497000,32888,78034,110922
1608833797000,33008,78382,111390
1608834097000,33153,78645,111798
1608834397000,33165,78944,112109
1608834697000,33342,79353,112695
1608834997000,33444,79280,112724
1608835297000,33604,79635,113239
1608835597000,33784,79687,113471
1608835897000,33876,79740,113616
1608836197000,33857,79938,113795
1608836497000,33928,79926,113854
1608836797000,33967,80066,114033
1608837096000,34054,80379,114433
1608837397000,34073,80736,114809
1608837697000,34271,80817,115088
1608837997000,34374,80966,115340
1608838297000,34476,81096,115572
1608838597000,34530,81093,115623
1608838897000,34538,81507,116045
1608839197000,34665,81976,116641
1608839497000,34798,82246,117044
1608839797000,35015,82467,117482
1608840097000,35024,82326,117350
1608840397000,35011,82404,117415
1608840696000,34974,82579,117553
1608840997000,35153,82721,117874
1608841297000,35148,83000,118148
1608841597000,35144,82998,118142
1608841897000,35264,83049,118313
1608842197000,35292,83224,118516
1608842498000,35381,83208,118589
1608842797000,35498,83145,118643
1608843097000,35651,83167,118818
1608843397000,35608,83139,118747
1608843697000,35708,82706,118414
1608843998000,35755,83037,118792
1608844297000,35780,82929,118709
1608844597000,35664,83186,118850
1608844897000,35727,82646,118373
1608845197000,35726,82440,118166
1608845497000,35683,82484,118167
1608845797000,35916,82251,118167
1608846097000,36005,82145,118150
1608846397000,35518,82158,117676
1608846697000,35579,81864,117443
1608847038000,35324,80180,115504
1608847067000,35351,80215,115566
1608847106000,35455,80841,116296
1608847296000,35445,80729,116174
1608847648000,35378,80452,115830
1608847677000,35258,79671,114929
1608847717000,35134,79153,114287
1608847737000,35084,78821,113905
1608847825000,35313,80216,115529
1608847902000,35288,80103,115391
1608848197000,35171,79875,115046
1608848497000,34964,79531,114495
1608848797000,34911,78878,113789
1608849097000,34798,78485,113283
1608849397000,34789,78696,113485
1608849697000,34794,78283,113077
1608849997000,34719,78053,112772
1608850297000,34501,77402,111903
1608850597000,34332,76910,111242
1608850897000,34204,76224,110428
1608851196000,33998,75713,109711
1608851497000,33916,75338,109254
1608851797000,33658,75023,108681
1608852096000,33515,74782,108297
1608852397000,33340,74335,107675
1608852697000,33157,74092,107249
1608852997000,33062,73549,106611
1608853297000,33035,73198,106233
1608853596000,32876,72967,105843
1608853897000,32824,72212,105036
1608854197000,32714,71933,104647
1608854497000,32838,71389,104227
1608854796000,33030,71070,104100
1608855097000,32944,70721,103665
1608855397000,32888,70320,103208
1608855697000,32779,70106,102885
1608855997000,32733,70038,102771
1608856297000,32526,69514,102040
1608856597000,32442,69183,101625
1608856897000,32285,69006,101291
1608857197000,32100,68470,100570
1608857497000,31986,68195,100181
1608857797000,31766,68035,99801
1608858097000,31586,67757,99343
1608858397000,31361,67581,98942
1608858697000,31161,67564,98725
1608858997000,31004,67169,98173
1608859297000,31015,66813,97828
1608859597000,30972,66516,97488
1608859897000,30828,66435,97263
1608860197000,30663,66266,96929
1608860497000,30482,66166,96648
1608860796000,30263,66304,96567
1608861097000,30114,66050,96164
1608861397000,29967,66079,96046
1608861697000,29816,66040,95856
1608861997000,29750,66067,95817
1608862297000,29669,66046,95715
1608862597000,29612,66092,95704
1608862897000,29502,66060,95562
1608863197000,29398,66169,95567
1608863497000,29352,66191,95543
1608863797000,29305,66217,95522
1608864097000,29228,66378,95606
1608864397000,29289,66340,95629
1608864697000,29240,66374,95614
1608864997000,29162,66323,95485
1608865297000,29230,66136,95366
1608865597000,29340,65826,95166
1608865897000,29132,65788,94920
1608866197000,29035,66060,95095
1608866497000,28922,66396,95318
1608866797000,28716,66316,95032
1608867097000,28511,66224,94735
1608867397000,28364,66283,94647
1608867697000,28241,66528,94769
1608867997000,28120,66541,94661
1608868297000,28133,66630,94763
1608868597000,28031,66598,94629
1608868897000,27968,66556,94524
1608869197000,27919,66419,94338
1608869497000,27849,66308,94157
1608869797000,27717,66064,93781
1608870096000,27545,66082,93627
1608870397000,27450,65879,93329
1608870697000,27184,65629,92813
1608870997000,27123,65424,92547
1608871297000,26986,65153,92139
1608871597000,26673,64963,91636
1608871897000,26749,64800,91549
1608872197000,26394,64306,90700
1608872497000,26412,63993,90405
1608872797000,26603,63614,90217
1608873097000,26759,63265,90024
1608873397000,26545,63020,89565
1608873697000,26499,62629,89128
1608873997000,26338,62557,88895
1608874297000,26149,62139,88288
1608874597000,27066,61851,88917
1608874896000,26893,61235,88128
1608875197000,26696,60908,87604
1608875497000,26461,60588,87049
1608875797000,26196,60105,86301
1608876096000,25867,59711,85578
1608876397000,25657,58963,84620
1608876697000,25480,58527,84007
1608876997000,25270,57805,83075
1608877296000,25127,57053,82180
1608877597000,24875,56173,81048
1608877897000,24609,55522,80131
1608878197000,24399,55019,79418
1608878497000,24169,54454,78623
1608878797000,23933,53985,77918
1608879097000,23804,53450,77254
1608879397000,23608,52809,76417
1608879696000,23544,51974,75518
1608879997000,23330,51264,74594
1608880297000,23138,51033,74171
1608880597000,22950,50622,73572
1608880897000,22774,50299,73073
1608881197000,22560,50031,72591
1608881497000,22517,49542,72059
1608881797000,22376,49238,71614
1608882097000,22243,48949,71192
1608882396000,22067,48752,70819
1608882697000,21952,48825,70777
1608882997000,21794,48244,70038
1608883297000,21723,47352,69075
1608883597000,21595,46602,68197
1608883897000,21507,46347,67854
1608884197000,20971,46317,67288
1608884497000,21023,46282,67305
1608884797000,21009,46251,67260
1608885097000,21089,46082,67171
1608885397000,21129,45786,66915
1608885697000,20916,45809,66725
1608885997000,20872,45757,66629
1608886297000,20911,45938,66849
1608886597000,21168,45769,66937
1608886897000,21108,45735,66843
1608887196000,21150,45751,66901
1608887497000,21178,46068,67246
1608887797000,21081,46099,67180
1608888097000,21113,45960,67073
1608888397000,21241,45841,67082
1608888697000,21332,45737,67069
1608888997000,21259,45832,67091
1608889297000,21389,45633,67022
1608889596000,21556,45613,67169
1608889897000,21618,45789,67407
1608890197000,21765,45665,67430
1608890497000,21871,45805,67676
1608890797000,22038,45698,67736
1608891096000,22091,45832,67923
1608891397000,22147,45903,68050
1608891697000,22204,46087,68291
1608891997000,22331,46372,68703
1608892305000,22508,46528,69036
1608892597000,22488,46464,68952
1608892897000,22564,46459,69023
1608893197000,20621,46642,67263
1608893497000,20812,46863,67675
1608893797000,20750,47092,67842
1608894097000,21267,47448,68715
1608894397000,21164,47570,68734
1608894697000,21025,47737,68762
1608894996000,20994,47868,68862
1608895297000,21049,48347,69396
1608895597000,21099,48531,69630
1608895897000,21116,48829,69945
1608896197000,21139,48675,69814
1608896497000,21110,49091,70201
1608896797000,21144,49340,70484
1608897097000,21085,49612,70697
1608897396000,21271,49792,71063
1608897697000,21297,49930,71227
1608897996000,21435,50332,71767
1608898297000,21550,50743,72293
1608898597000,21607,51108,72715
1608898897000,21776,51437,73213
1608899196000,21986,51669,73655
1608899521000,22031,52225,74256
1608899797000,22251,52711,74962
1608900097000,22428,52881,75309
1608900397000,22581,53285,75866
1608900697000,22642,53432,76074
1608900997000,22871,53693,76564
1608901297000,22993,54157,77150
1608901596000,23080,54593,77673
1608901897000,23199,55095,78294
1608902197000,23302,55469,78771
1608902497000,23475,55736,79211
1608902797000,23709,56290,79999
1608903097000,23930,56588,80518
1608903397000,24081,57088,81169
1608903697000,24172,57264,81436
1608903997000,24271,57684,81955
1608904297000,24323,58053,82376
1608904597000,24553,58470,83023
1608904897000,24643,58830,83473
1608905196000,24734,59434,84168
1608905497000,24925,59777,84702
1608905797000,25192,59948,85140
1608906097000,25442,60471,85913
1608906397000,25626,60748,86374
1608906696000,25770,60953,86723
1608906997000,25912,61174,87086
1608907297000,26039,61608,87647
1608907597000,26232,61940,88172
1608907897000,26353,62685,89038
1608908197000,26503,62782,89285
1608908497000,26588,63090,89678
1608908797000,26800,63656,90456
1608909097000,26901,64334,91235
1608909397000,27019,64472,91491
1608909696000,27263,64746,92009
1608909997000,27458,65273,92731
1608910297000,27587,65662,93249
1608910596000,27784,66157,93941
1608910897000,27988,66393,94381
1608911197000,28045,66663,94708
1608911496000,28219,67160,95379
1608911814000,28420,67441,95861
1608912097000,28542,67523,96065
1608912397000,28660,67969,96629
1608912697000,28855,68520,97375
1608912997000,29024,69112,98136
1608913297000,29199,69467,98666
1608913597000,29360,69778,99138
1608913897000,29520,70057,99577
1608914197000,29584,70401,99985
1608914497000,29718,70597,100315
1608914797000,29855,71029,100884
1608915097000,29937,71419,101356
1608915397000,30009,71756,101765
1608915698000,30014,71941,101955
1608915997000,30078,71931,102009
1608916297000,30138,72448,102586
1608916597000,30284,72457,102741
1608916897000,30418,72861,103279
1608917197000,30513,73229,103742
1608917497000,30636,73517,104153
1608917797000,30752,73747,104499
1608918096000,30882,73726,104608
1608918397000,31190,74290,105480
1608918697000,31265,74684,105949
1608918997000,31520,74968,106488
1608919297000,31733,75478,107211
1608919597000,31630,75818,107448
1608919897000,31582,76277,107859
1608920197000,31728,76567,108295
1608920497000,31870,76681,108551
1608920796000,31976,77202,109178
1608921097000,32144,77868,110012
1608921397000,32270,78384,110654
1608921697000,32498,79063,111561
1608921997000,32595,79272,111867
1608922297000,32845,79560,112405
1608922596000,33016,79622,112638
1608922897000,33132,79747,112879
1608923196000,33312,79832,113144
1608923497000,33476,80165,113641
1608923796000,33602,80459,114061
1608924096000,33737,80461,114198
1608924397000,33860,80777,114637
1608924697000,33916,80917,114833
1608924997000,34091,81251,115342
1608925297000,34279,81599,115878
1608925597000,34382,81947,116329
1608925897000,34584,82019,116603
1608926197000,34792,82338,117130
1608926497000,34935,82834,117769
1608926797000,34987,83165,118152
1608927097000,35101,83595,118696
1608927397000,35137,83880,119017
1608927697000,35189,83997,119186
1608927997000,35299,84195,119494
1608928297000,35373,84489,119862
1608928597000,35454,84850,120304
1608928897000,35580,84985,120565
1608929197000,35613,85211,120824
1608929497000,35660,85395,121055
1608929797000,35682,85216,120898
1608930097000,35683,85306,120989
1608930397000,35783,85666,121449
1608930697000,35790,85157,120947
1608930997000,35852,84927,120779
1608931297000,35928,85079,121007
1608931597000,35968,85102,121070
1608931897000,35987,85085,121072
1608932197000,36066,84950,121016
1608932497000,36104,84921,121025
1608932797000,36175,85033,121208
1608933097000,36155,85321,121476
1608933397000,36120,85188,121308
1608933697000,36140,85138,121278
1608933997000,36026,85314,121340
1608934297000,35941,85213,121154
1608934597000,35902,84853,120755
1608934897000,35841,86106,121947
1608935197000,35848,84664,120512
1608935497000,35931,84627,120558
1608935797000,35823,84476,120299
1608936097000,35965,84366,120331
1608936397000,35985,84150,120135
1608936697000,36215,84005,120220
1608936997000,36027,83699,119726
1608937297000,35948,83364,119312
1608937597000,35923,83274,119197
1608937897000,35957,83229,119186
1608938197000,35821,83111,118932
1608938497000,35841,83212,119053
1608938797000,35838,83066,118904
1608939096000,35959,82728,118687
1608939397000,35720,82368,118088
1608939697000,35557,82435,117992
1608939997000,35479,82087,117566
1608940297000,35498,81872,117370
1608940597000,35336,81865,117201
1608940897000,35607,81709,117316
1608941196000,35655,82016,117671
1608941496000,35678,82228,117906
1608941797000,35614,81834,117448
1608942097000,35480,81894,117374
1608942397000,35381,81526,116907
1608942697000,35267,80860,116127
1608942997000,35110,81052,116162
1608943297000,34997,80912,115909
1608943597000,34769,80810,115579
1608943897000,34533,81062,115595
1608944197000,34521,80801,115322
1608944497000,34398,80742,115140
1608944797000,34267,80594,114861
1608945097000,34175,80739,114914
1608945396000,34085,80535,114620
1608945697000,33945,80688,114633
1608945997000,33826,80728,114554
1608946297000,33679,80761,114440
1608946597000,33516,81033,114549
1608946897000,33448,81113,114561
1608947197000,33292,81119,114411
1608947497000,33152,81076,114228
1608947797000,33022,80973,113995
1608948097000,32880,81183,114063
1608948397000,32685,81111,113796
1608948697000,32675,81169,113844
1608949033000,32614,81196,113810
1608949061000,32562,81116,113678
1608949098000,32557,81177,113734
1608949119000,32605,81139,113744
1608949234000,32589,81134,113723
1608949406000,32594,81024,113618
1608949609000,32478,80989,113467
1608949638000,32511,81099,113610
1608949680000,32497,81167,113664
1608949697000,32478,81172,113650
1608949897000,32345,80952,113297
1608950196000,32283,80913,113196
1608950497000,32175,80844,113019
1608950797000,32122,80780,112902
1608951097000,32197,80657,112854
1608951397000,32109,80491,112600
1608951697000,32086,80343,112429
1608951997000,31929,80394,112323
1608952297000,31823,80412,112235
1608952597000,31707,80393,112100
1608952897000,31662,80336,111998
1608953197000,31471,80203,111674
1608953496000,31329,79920,111249
1608953797000,31163,79898,111061
1608954097000,31083,79681,110764
1608954397000,30936,79792,110728
1608954697000,30739,79485,110224
1608954997000,30598,79143,109741
1608955297000,30509,78937,109446
1608955597000,30313,78693,109006
1608955897000,30064,78331,108395
1608956197000,29880,78004,107884
1608956497000,29751,77534,107285
1608956796000,29587,77289,106876
1608957097000,29365,76664,106029
1608957397000,29186,76375,105561
1608957697000,28939,75961,104900
1608957997000,28783,75478,104261
1608958297000,28528,74941,103469
1608958596000,28254,74489,102743
1608958896000,28024,73847,101871
1608959197000,27796,73364,101160
1608959497000,27665,72947,100612
1608959796000,27463,72641,100104
1608960097000,27323,72106,99429
1608960397000,27134,71507,98641
1608960697000,26979,70924,97903
1608960997000,26396,70256,96652
1608961297000,26016,69725,95741
1608961597000,25779,68985,94764
1608961897000,25369,68643,94012
1608962197000,25161,68044,93205
1608962497000,24834,67007,91841
1608962797000,24986,66086,91072
1608963097000,24728,64984,89712
1608963397000,24606,64150,88756
1608963696000,24377,63423,87800
1608963996000,24267,62644,86911
1608964296000,24153,61978,86131
1608964597000,23943,61310,85253
1608964897000,23736,60476,84212
1608965197000,23543,59822,83365
1608965497000,23322,59364,82686
1608965797000,23252,58791,82043
1608966097000,23046,57883,80929
1608966398000,22827,56916,79743
1608966696000,22563,56395,78958
1608966997000,22432,55989,78421
1608967297000,22096,55401,77497
1608967596000,21991,55053,77044
1608967897000,21935,54376,76311
1608968196000,21675,53994,75669
1608968497000,21621,53834,75455
1608968796000,21407,53572,74979
1608969097000,21307,53325,74632
1608969397000,21222,52931,74153
1608969697000,20871,52217,73088
1608969997000,20787,51366,72153
1608970297000,20741,50674,71415
1608970597000,20605,50596,71201
1608970897000,20519,50615,71134
1608971197000,20272,50730,71002
1608971497000,20304,50734,71038
1608971797000,20292,50819,71111
1608972097000,20147,50680,70827
1608972397000,20143,50787,70930
1608972696000,20102,50955,71057
1608972997000,19818,50855,70673
1608973297000,19846,50845,70691
1608973597000,19878,50921,70799
1608973897000,19932,51036,70968
1608974196000,20069,50932,71001
1608974497000,20182,50691,70873
1608974797000,20321,50695,71016
1608975097000,20346,50708,71054
1608975397000,20379,50708,71087
1608975697000,20423,50582,71005
1608975997000,20482,50566,71048
1608976296000,19939,50662,70601
1608976597000,20070,50848,70918
1608976897000,20207,51083,71290
1608977197000,20333,51114,71447
1608977497000,20374,51236,71610
1608977797000,20466,51404,71870
1608978096000,20630,51610,72240
1608978397000,20751,51947,72698
1608978697000,20973,52135,73108
1608978997000,21125,52208,73333
1608979297000,21203,52481,73684
1608979597000,21284,52681,73965
1608979897000,21484,53176,74660
1608980197000,21637,53251,74888
1608980497000,21777,54072,75849
1608980797000,21898,54491,76389
1608981101000,21964,54828,76792
1608981397000,22055,55135,77190
1608981697000,22195,55372,77567
1608981997000,22442,55583,78025
1608982297000,22619,55960,78579
1608982597000,22873,56234,79107
1608982897000,23086,56637,79723
1608983197000,23206,57046,80252
1608983497000,23316,57310,80626
1608983797000,23532,57475,81007
1608984096000,23705,57953,81658
1608984397000,23879,58415,82294
1608984697000,24050,58853,82903
1608984997000,24223,59090,83313
1608985297000,24289,59459,83748
1608985597000,24523,59998,84521
1608985897000,24730,60363,85093
1608986197000,24891,61045,85936
1608986497000,25027,61384,86411
1608986797000,25187,62133,87320
1608987097000,25302,62721,88023
1608987397000,25439,63349,88788
1608987697000,25746,63810,89556
1608987997000,25957,64449,90406
1608988297000,26135,64992,91127
1608988597000,26403,65508,91911
1608988897000,26633,66052,92685
1608989198000,26954,66826,93780
1608989497000,27208,67593,94801
1608989816000,27495,67951,95446
1608990097000,27777,68299,96076
1608990397000,27848,68881,96729
1608990697000,27921,69467,97388
1608990997000,28117,70062,98179
1608991297000,28323,70716,99039
1608991597000,28573,71435,100008
1608991897000,28803,71748,100551
1608992197000,29071,72689,101760
1608992497000,29228,73204,102432
1608992797000,29467,73981,103448
1608993096000,29664,74387,104051
1608993397000,30049,74826,104875
1608993696000,30561,75193,105754
1608993996000,30745,75791,106536
1608994297000,30994,76329,107323
1608994597000,31182,76582,107764
1608994897000,31214,74357,105571
1608995197000,31388,74468,105856
1608995497000,31637,75075,106712
1608995797000,31652,72303,103955
1608996097000,31834,73026,104860
1608996397000,32157,73566,105723
1608996696000,32312,74038,106350
1608996996000,32620,74279,106899
1608997297000,32867,74120,106987
1608997597000,32940,74309,107249
1608997896000,33224,74865,108089
1608998197000,33455,75279,108734
1608998497000,33434,75674,109108
1608998797000,33654,76638,110292
1608999096000,33710,77775,111485
1608999397000,33947,78544,112491
1608999697000,34256,79161,113417
1608999997000,34430,79441,113871
1609000297000,34466,80042,114508
1609000597000,34661,80162,114823
1609000897000,34943,80415,115358
1609001197000,35051,80657,115708
1609001497000,35288,81189,116477
1609001797000,35393,81615,117008
1609002097000,35492,81976,117468
1609002397000,35680,82100,117780
1609002697000,35723,81836,117559
1609002997000,35883,82028,117911
1609003305000,36031,82519,118550
1609003597000,36059,82551,118610
1609003897000,36124,82712,118836
1609004197000,36244,82806,119050
1609004497000,36469,83244,119713
1609004797000,36529,83507,120036
1609005097000,36762,83694,120456
1609005397000,36854,83907,120761
1609005697000,37008,83992,121000
1609005997000,37226,84167,121393
1609006297000,37368,84573,121941
1609006597000,37580,84708,122288
1609006897000,37629,85381,123010
1609007197000,37846,85693,123539
1609007497000,37987,86082,124069
1609007797000,38118,86628,124746
1609008097000,38330,87147,125477
1609008397000,38369,87379,125748
1609008697000,38586,87910,126496
1609008997000,38710,88258,126968
1609009297000,38815,88388,127203
1609009597000,38962,88716,127678
1609009897000,39214,89142,128356
1609010197000,39241,89701,128942
1609010497000,39599,90522,130121
1609010797000,39774,91305,131079
1609011097000,39825,92121,131946
1609011397000,39962,92574,132536
1609011697000,40079,93304,133383
1609011997000,40217,93863,134080
1609012296000,40239,94412,134651
1609012597000,40348,95017,135365
1609012897000,40515,95304,135819
1609013197000,40643,96407,137050
1609013497000,40761,96747,137508
1609013797000,40937,97212,138149
1609014097000,41060,97203,138263
1609014399000,41179,97521,138700
1609014697000,41217,97616,138833
1609014997000,41361,98326,139687
1609015297000,41608,98494,140102
1609015597000,41588,98944,140532
1609015897000,41629,99609,141238
1609016197000,41758,98980,140738
1609016497000,41892,98917,140809
1609016797000,41873,99844,141717
1609017097000,41897,99609,141506
1609017397000,41909,99765,141674
1609017697000,41894,100078,141972
1609017997000,41896,100049,141945
1609018297000,41984,100119,142103
1609018597000,41825,100056,141881
1609018897000,41916,100355,142271
1609019197000,41921,99914,141835
1609019496000,42029,100135,142164
1609019796000,41893,100492,142385
1609020097000,41853,100212,142065
1609020397000,41884,99915,141799
1609020697000,41729,100121,141850
1609020997000,41586,100020,141606
1609021296000,41522,100022,141544
1609021597000,41551,99680,141231
1609021897000,41518,99398,140916
1609022196000,41614,99199,140813
1609022497000,41560,99166,140726
1609022797000,41292,98606,139898
1609023097000,41347,98429,139776
1609023396000,41313,97951,139264
1609023697000,41212,97069,138281
1609023997000,41059,96961,138020
1609024297000,40919,96628,137547
1609024597000,40959,96690,137649
1609024897000,40809,96264,137073
1609025197000,40756,96152,136908
1609025497000,40755,95880,136635
1609025797000,40811,95730,136541
1609026096000,40665,95533,136198
1609026397000,40575,95137,135712
1609026697000,40489,95016,135505
1609026997000,40473,95069,135542
1609027297000,40628,94526,135154
1609027597000,40874,94274,135148
1609027897000,40643,93029,133672
1609028197000,40852,93615,134467
1609028496000,40610,93716,134326
1609028797000,40154,92913,133067
1609029097000,39919,92966,132885
1609029397000,39708,92636,132344
1609029697000,39536,92901,132437
1609029997000,39334,92726,132060
1609030296000,39165,92866,132031
1609030597000,38942,92774,131716
1609030897000,38601,91817,130418
1609031197000,38620,92457,131077
1609031497000,38539,92273,130812
1609031797000,38388,92251,130639
1609032097000,38278,92217,130495
1609032397000,38104,92064,130168
1609032697000,37893,91880,129773
1609032997000,37748,92202,129950
1609033297000,37628,92018,129646
1609033597000,37451,92079,129530
1609033897000,37407,91555,128962
1609034197000,37310,91875,129185
1609034497000,37046,91534,128580
1609034797000,36827,91648,128475
1609035097000,36668,91466,128134
1609035397000,36398,91245,127643
1609035697000,36225,91173,127398
1609035997000,36098,91057,127155
1609036297000,35900,91007,126907
1609036597000,35665,90737,126402
1609036897000,35624,90530,126154
1609037197000,35437,90731,126168
1609037497000,35249,90553,125802
1609037797000,35094,90218,125312
1609038096000,34882,90027,124909
1609038397000,34780,90905,125685
1609038697000,34596,89218,123814
1609038997000,34538,89593,124131
1609039297000,34309,89221,123530
1609039597000,34141,89160,123301
1609039897000,33984,89003,122987
1609040197000,33720,88786,122506
1609040497000,33680,88442,122122
1609040796000,33559,88116,121675
1609041097000,33280,87974,121254
1609041397000,33090,87577,120667
1609041697000,32962,86900,119862
1609041997000,32905,86441,119346
1609042297000,32782,86026,118808
1609042604000,32544,85760,118304
1609042897000,32308,85242,117550
1609043197000,32098,84664,116762
1609043496000,31956,83509,115465
1609043797000,31774,83734,115508
1609044096000,31468,83465,114933
1609044397000,31300,82943,114243
1609044697000,31136,82214,113350
1609044997000,30901,81440,112341
1609045297000,30628,80678,111306
1609045597000,30445,79843,110288
1609045897000,30122,79370,109492
1609046197000,29760,78565,108325
1609046497000,29434,78160,107594
1609046797000,29148,77621,106769
1609047097000,28869,76910,105779
1609047397000,28578,76112,104690
1609047697000,28315,75620,103935
1609047997000,27977,74919,102896
1609048297000,27683,74325,102008
1609048597000,27473,73359,100832
1609048897000,27029,72969,99998
1609049197000,26769,72402,99171
1609049497000,26502,71541,98043
1609049797000,26417,70950,97367
1609050097000,26268,69727,95995
1609050397000,25795,68698,94493
1609050697000,25481,67800,93281
1609050997000,25213,66904,92117
1609051297000,24967,66073,91040
1609051597000,24661,65170,89831
1609051897000,24438,64356,88794
1609052197000,24399,63511,87910
1609052497000,24247,62766,87013
1609052797000,24068,61806,85874
1609053097000,23859,61332,85191
1609053397000,23613,60281,83894
1609053697000,23286,59792,83078
1609053997000,23094,59266,82360
1609054297000,22830,59015,81845
1609054600000,22626,58466,81092
1609054897000,22453,58374,80827
1609055196000,22308,57665,79973
1609055497000,22092,57195,79287
1609055797000,21909,56764,78673
1609056097000,21774,55936,77710
1609056397000,21633,55163,76796
1609056697000,21192,54649,75841
1609056997000,21106,54376,75482
1609057297000,21100,54155,75255
1609057597000,21088,53748,74836
1609057897000,21063,53681,74744
1609058197000,21032,53184,74216
1609058497000,21032,53349,74381
1609058797000,21042,53380,74422
1609059097000,21112,53962,75074
1609059396000,21203,53916,75119
1609059697000,21207,53783,74990
1609059997000,21243,53854,75097
1609060297000,21281,53891,75172
1609060597000,21270,53760,75030
1609060897000,21373,53831,75204
1609061197000,21385,53891,75276
1609061497000,21462,53925,75387
1609061797000,21232,53649,74881
1609062097000,21328,53569,74897
1609062397000,21453,53653,75106
1609062697000,21530,53830,75360
1609062997000,21691,53779,75470
1609063297000,21820,54080,75900
1609063596000,21891,54315,76206
1609063897000,22037,54630,76667
1609064197000,22141,54927,77068
1609064497000,22447,55170,77617
1609064797000,22671,55363,78034
1609065097000,22858,55576,78434
1609065397000,23044,55488,78532
1609065697000,23123,55744,78867
1609065997000,23210,55794,79004
1609066297000,23336,56071,79407
1609066597000,23379,56237,79616
1609066897000,23591,56758,80349
1609067197000,23713,56922,80635
1609067497000,23852,57306,81158
1609067797000,23897,57602,81499
1609068097000,24121,57842,81963
1609068397000,24177,58330,82507
1609068697000,24378,58899,83277
1609068997000,24431,59305,83736
1609069297000,24558,59335,83893
1609069597000,24742,58972,83714
1609069897000,25010,59476,84486
1609070197000,25165,59770,84935
1609070497000,25395,60349,85744
1609070802000,25601,60437,86038
1609071097000,25804,61613,87417
1609071397000,25959,62147,88106
1609071697000,26109,62637,88746
1609071997000,26283,62979,89262
1609072297000,26526,63728,90254
1609072597000,26660,64116,90776
1609072897000,26833,65014,91847
1609073197000,27093,65288,92381
1609073497000,27336,65907,93243
1609073797000,27639,66220,93859
1609074097000,27990,67194,95184
1609074397000,28184,67773,95957
1609074697000,28399,68684,97083
1609074997000,28610,69344,97954
1609075297000,28930,70318,99248
1609075597000,29173,70572,99745
1609075897000,29051,69334,98385
1609076197000,29689,71100,100789
1609076497000,29810,71594,101404
1609076797000,30167,71143,101310
1609077097000,30657,73020,103677
1609077397000,31011,74021,105032
1609077697000,31123,73498,104621
1609077997000,31396,75349,106745
1609078297000,31525,76086,107611
1609078597000,31707,76911,108618
1609078896000,32063,77959,110022
1609079197000,32276,78648,110924
1609079497000,32816,79446,112262
1609079797000,33023,79800,112823
1609080097000,33282,80594,113876
1609080397000,33482,81326,114808
1609080697000,33840,82198,116038
1609080997000,33966,82612,116578
1609081297000,34217,83187,117404
1609081597000,34490,83651,118141
1609081896000,34778,84610,119388
1609082197000,34849,85287,120136
1609082496000,35230,86114,121344
1609082797000,35495,86955,122450
1609083097000,35532,87065,122597
1609083397000,35615,88297,123912
1609083697000,35780,88761,124541
1609083997000,36046,89068,125114
1609084297000,36397,89755,126152
1609084602000,36531,90195,126726
1609084897000,36708,90561,127269
1609085197000,36935,91278,128213
1609085498000,37176,91957,129133
1609085797000,37410,92290,129700
1609086107000,37655,92396,130051
1609086397000,37781,93011,130792
1609086697000,38037,93315,131352
1609086997000,38185,93602,131787
1609087297000,38642,93578,132220
1609087596000,38862,93353,132215
1609087897000,39035,94265,133300
1609088197000,39243,94611,133854
1609088496000,39195,93514,132709
1609088797000,39439,94424,133863
1609089097000,39616,94799,134415
1609089397000,39705,94718,134423
1609089697000,39763,95038,134801
1609089997000,39921,95169,135090
1609090297000,40051,95349,135400
1609090597000,40147,95656,135803
1609090897000,40376,96405,136781
1609091197000,40521,96638,137159
1609091500000,40635,97036,137671
1609091797000,40822,97296,138118
1609092097000,40888,97402,138290
1609092397000,41027,97804,138831
1609092697000,41160,98012,139172
1609092997000,41341,98563,139904
1609093297000,41384,99191,140575
1609093597000,41573,99376,140949
1609093897000,41733,99623,141356
1609094197000,42087,100685,142772
1609094497000,42292,101288,143580
1609094797000,42423,101702,144125
1609095097000,42686,102300,144986
1609095397000,43023,102481,145504
1609095697000,43222,102708,145930
1609095997000,43415,103067,146482
1609096297000,43355,103293,146648
1609096597000,43331,103650,146981
1609096897000,43347,103957,147304
1609097197000,43672,104467,148139
1609097497000,43853,104868,148721
1609097797000,43983,105453,149436
1609098096000,44125,106666,150791
1609098397000,44181,107046,151227
1609098697000,44304,107356,151660
1609098997000,44401,107638,152039
1609099297000,44423,107900,152323
1609099597000,44504,107787,152291
1609099918000,44643,108030,152673
1609100198000,44733,108399,153132
1609100497000,44713,108615,153328
1609100797000,44827,108662,153489
1609100827000,44831,108199,153030
1609101097000,45401,108992,154393
1609101397000,45469,109295,154764
1609101697000,45669,109127,154796
1609101997000,45533,109237,154770
1609102297000,45450,109043,154493
1609102597000,45473,108790,154263
1609102897000,45371,108302,153673
1609103197000,45198,108673,153871
1609103497000,45124,108336,153460
1609103797000,45067,108354,153421
1609104097000,45106,108234,153340
1609104397000,45114,107973,153087
1609104696000,45098,108270,153368
1609104997000,45185,108387,153572
1609105297000,45188,108260,153448
1609105597000,45098,108448,153546
1609105896000,45072,108524,153596
1609106197000,45070,108392,153462
1609106497000,45072,107989,153061
1609106797000,45005,107781,152786
1609107096000,44792,107673,152465
1609107397000,44730,107305,152035
1609107697000,44544,107140,151684
1609107997000,44439,106891,151330
1609108297000,44217,106045,150262
1609108597000,44165,106210,150375
1609108897000,44127,106075,150202
1609109197000,44099,105845,149944
1609109496000,43930,105798,149728
1609109797000,43855,104713,148568
1609110098000,43674,103865,147539
1609110397000,43588,103542,147130
1609110697000,43361,103523,146884
1609110997000,43137,102940,146077
1609111297000,43128,103323,146451
1609111597000,42911,102457,145368
1609111897000,42906,102045,144951
1609112196000,42851,102431,145282
1609112497000,42984,102104,145088
1609112797000,42911,102060,144971
1609113097000,42564,101464,144028
1609113397000,42339,101165,143504
1609113697000,42437,100795,143232
1609113997000,42773,100569,143342
1609114296000,42593,99454,142047
1609114597000,42687,99752,142439
1609114897000,42595,99502,142097
1609115197000,42485,99087,141572
1609115497000,42333,99289,141622
1609115797000,42126,99757,141883
1609116096000,41793,99379,141172
1609116397000,41634,98978,140612
1609116696000,41614,99563,141177
1609116997000,41324,98745,140069
1609117297000,40490,94583,135073
1609117597000,40514,97381,137895
1609117897000,40313,95680,135993
1609118197000,39768,93951,133719
1609118497000,40066,97842,137908
1609118821000,39553,95735,135288
1609119097000,39243,93828,133071
1609119397000,39500,96637,136137
1609119697000,39367,97179,136546
1609119997000,39370,97022,136392
1609120297000,39389,97375,136764
1609120597000,39168,96865,136033
1609120897000,38472,93491,131963
1609121197000,38542,95616,134158
1609121497000,38381,95815,134196
1609121797000,37556,93120,130676
1609122098000,37765,95842,133607
1609122397000,37560,96048,133608
1609122697000,36966,93499,130465
1609122997000,36987,95043,132030
1609123297000,36823,95311,132134
1609123597000,36457,92806,129263
1609123897000,36656,95189,131845
1609124197000,36490,94786,131276
1609124497000,36049,93441,129490
1609124797000,36087,94192,130279
1609125096000,35954,93913,129867
1609125397000,35687,92783,128470
1609125696000,35607,93058,128665
1609125997000,35500,92515,128015
1609126296000,35035,91274,126309
1609126597000,34986,91499,126485
1609126896000,34699,91456,126155
1609127197000,34435,90736,125171
1609127496000,34239,90488,124727
1609127797000,33967,89834,123801
1609128097000,33571,88105,121676
1609128397000,33554,88667,122221
1609128697000,33343,88099,121442
1609128997000,32971,87124,120095
1609129597000,32416,85533,117949
1609129896000,31755,82962,114717
1609130197000,31612,83699,115311
1609130497000,31298,83631,114929
1609130797000,31160,82891,114051
1609131097000,30799,82365,113164
1609131397000,30554,81182,111736
1609131697000,29714,79725,109439
1609131996000,29514,79758,109272
1609132297000,29162,79294,108456
1609132597000,28749,78334,107083
1609132897000,28453,77594,106047
1609133197000,28223,76615,104838
1609133497000,27681,74277,101958
1609133796000,27610,75309,102919
1609134096000,27183,74651,101834
1609134397000,26890,73922,100812
1609134696000,26733,73613,100346
1609134997000,26428,72642,99070
1609135297000,25811,70189,96000
1609135597000,25370,70517,95887
1609135897000,25639,69566,95205
1609136196000,24873,68110,92983
1609136497000,24724,67607,92331
1609136797000,24426,65947,90373
1609137097000,24192,65487,89679
1609137397000,23896,64509,88405
1609137696000,23630,63579,87209
1609137997000,23752,62850,86602
1609138296000,23480,62020,85500
1609138596000,23280,61065,84345
1609138897000,22922,59774,82696
1609139197000,22395,59414,81809
1609139497000,22493,58897,81390
1609139796000,22267,58188,80455
1609140097000,22182,57859,80041
1609140397000,21893,57260,79153
1609140697000,21819,56838,78657
1609140996000,21786,56515,78301
1609141297000,21622,56452,78074
1609141597000,21430,55876,77306
1609141897000,21273,56306,77579
1609142197000,21116,55797,76913
1609142507000,20970,55035,76005
1609142797000,20935,54405,75340
1609143097000,20860,53930,74790
1609143397000,20358,53676,74034
1609143711000,20297,53568,73865
1609143997000,20339,53653,73992
1609144297000,20393,53554,73947
1609144596000,20389,53769,74158
1609144897000,20463,53784,74247
1609145197000,20490,53654,74144
1609145497000,20557,53810,74367
1609145797000,20592,53750,74342
1609146097000,20351,53530,73881
1609146397000,20400,53425,73825
1609146697000,20369,53181,73550
1609146997000,20420,53368,73788
1609147297000,20513,53626,74139
1609147597000,20583,53648,74231
1609147897000,20561,53503,74064
1609148197000,20647,53624,74271
1609148497000,20750,53710,74460
1609148834000,20902,53498,74400
1609148863000,20941,53571,74512
1609148902000,20922,53628,74550
1609148922000,20878,53477,74355
1609149048000,20921,53639,74560
1609149212000,20824,51605,72429
1609149397000,21041,53871,74912
1609149697000,21155,53638,74793
1609149997000,21243,53879,75122
1609150297000,21370,53971,75341
1609150597000,21391,53966,75357
1609150626000,21412,54032,75444
1609150665000,21423,54109,75532
1609150685000,21425,54129,75554
1609150897000,21621,54341,75962
1609151197000,21710,54639,76349
1609151497000,21886,54640,76526
1609151797000,22025,55239,77264
1609152097000,22093,55491,77584
1609152397000,22219,55231,77450
1609152697000,22428,55934,78362
1609152997000,22501,56160,78661
1609153297000,22478,55488,77966
1609153597000,22716,56508,79224
1609153897000,22778,56319,79097
1609154197000,22980,57020,80000
1609154497000,23078,57667,80745
1609154797000,23238,57912,81150
1609155097000,23217,58255,81472
1609155397000,23463,58494,81957
1609155697000,23579,58906,82485
1609155997000,23919,59033,82952
1609156297000,24196,59659,83855
1609156597000,24388,59860,84248
1609156897000,24509,60175,84684
1609157197000,24706,60620,85326
1609157496000,24819,60477,85296
1609157797000,24952,61485,86437
1609158097000,25283,62538,87821
1609158397000,25491,63179,88670
1609158697000,25706,63661,89367
1609158997000,25901,64152,90053
1609159297000,26136,64682,90818
1609159597000,26396,65093,91489
1609159897000,26528,65446,91974
1609160197000,26585,65916,92501
1609160497000,26757,66554,93311
1609160797000,26992,66963,93955
1609161098000,27370,67960,95330
1609161397000,27605,68611,96216
1609161697000,27948,69463,97411
1609161997000,28286,69942,98228
1609162297000,28523,70310,98833
1609162596000,28908,71088,99996
1609162897000,29044,70847,99891
1609163197000,29020,71783,100803
1609163497000,29484,72671,102155
1609163797000,29769,72940,102709
1609164097000,29887,73165,103052
1609164397000,30291,74677,104968
1609164697000,30677,75489,106166
1609164997000,30978,76084,107062
1609165296000,31237,76937,108174
1609165597000,31388,77525,108913
1609165897000,31317,78081,109398
1609166197000,31646,78654,110300
1609166497000,31956,79254,111210
1609166797000,32237,79545,111782
1609167097000,32573,80205,112778
1609167396000,32830,81072,113902
1609167697000,33106,81675,114781
1609167997000,33413,82538,115951
1609168297000,33701,83419,117120
1609168597000,33758,83895,117653
1609168897000,34032,84902,118934
1609169197000,34385,85254,119639
1609169497000,34739,85549,120288
1609169797000,35108,86311,121419
1609170097000,35280,86645,121925
1609170397000,35539,87253,122792
1609170697000,35887,87946,123833
1609170997000,36127,88312,124439
1609171297000,36242,88274,124516
1609171596000,36528,89258,125786
1609171897000,36633,89906,126539
1609172197000,36713,90304,127017
1609172497000,36976,90598,127574
1609172797000,37197,90885,128082
1609173097000,37191,90863,128054
1609173397000,37370,90806,128176
1609173697000,37550,91410,128960
1609173997000,37688,90997,128685
1609174297000,37872,91128,129000
1609174602000,38039,90816,128855
1609174897000,38131,91097,129228
1609175197000,38352,91187,129539
1609175496000,38468,91649,130117
1609175797000,38716,91831,130547
1609176097000,38947,92233,131180
1609176396000,39062,92437,131499
1609176697000,39161,92345,131506
1609176997000,39169,92770,131939
1609177297000,39356,93849,133205
1609177597000,39533,94807,134340
1609177897000,39726,94916,134642
1609178197000,39916,94998,134914
1609178497000,40010,94909,134919
1609178797000,40099,95097,135196
1609179096000,40193,95051,135244
1609179397000,40401,95882,136283
1609179697000,40625,96539,137164
1609179997000,40913,97125,138038
1609180297000,41090,97326,138416
1609180597000,41074,99236,140310
1609180897000,41239,100191,141430
1609181197000,41331,100657,141988
1609181497000,41492,101289,142781
1609181797000,41558,101510,143068
1609182097000,41540,101369,142909
1609182397000,41638,102103,143741
1609182697000,41863,102561,144424
1609183014000,41960,102516,144476
1609183297000,42081,102839,144920
1609183597000,42126,103012,145138
1609183898000,42248,103286,145534
1609184197000,42410,102858,145268
1609184497000,42464,103002,145466
1609184797000,42546,103288,145834
1609185097000,42670,103893,146563
1609185397000,42778,104076,146854
1609185697000,42706,103527,146233
1609185997000,42821,103901,146722
1609186297000,43028,104185,147213
1609186597000,43096,104474,147570
1609186896000,43113,104857,147970
1609187197000,43258,105255,148513
1609187497000,43306,104726,148032
1609187797000,43454,104878,148332
1609188096000,43581,105150,148731
1609188397000,43634,105243,148877
1609188697000,43656,105292,148948
1609188997000,43531,104992,148523
1609189296000,43443,103177,146620
1609189597000,43600,104821,148421
1609189897000,43712,106234,149946
1609190197000,43627,104971,148598
1609190497000,43710,105118,148828
1609190797000,43974,105133,149107
1609191096000,43659,104425,148084
1609191397000,43591,105005,148596
1609191696000,44379,105305,149684
1609191997000,44444,104880,149324
1609192297000,44527,104948,149475
1609192597000,45537,104294,149831
1609192897000,45532,104166,149698
1609193197000,45414,104179,149593
1609193497000,45265,103888,149153
1609193797000,45088,103586,148674
1609194096000,44832,102827,147659
1609194397000,44904,102703,147607
1609194697000,44617,101877,146494
1609194997000,44667,102668,147335
1609195297000,44759,102392,147151
1609195597000,44619,102229,146848
1609195897000,44527,101735,146262
1609196197000,44569,101141,145710
1609196497000,44488,100404,144892
1609196797000,44479,100470,144949
1609197097000,44484,100335,144819
1609197397000,44434,99486,143920
1609197697000,44044,99474,143518
1609197727000,43963,99125,143088
1609197765000,43984,99309,143293
1609197997000,43873,99136,143009
1609198297000,43899,98736,142635
1609198596000,43921,98432,142353
1609198897000,43972,98287,142259
1609199197000,43762,98303,142065
1609199497000,43764,98014,141778
1609199797000,43761,97845,141606
1609200097000,43814,96987,140801
1609200397000,44156,97511,141667
1609200697000,44191,97474,141665
1609200997000,44063,97322,141385
1609201297000,43927,96952,140879
1609201596000,43668,96945,140613
1609201897000,43557,96764,140321
1609202197000,43498,97010,140508
1609202497000,43285,96916,140201
1609202797000,43104,96851,139955
1609203097000,42929,96990,139919
1609203399000,42687,96698,139385
1609203697000,42408,95700,138108
1609203997000,42432,96216,138648
1609204297000,42416,96596,139012
1609204597000,42166,95848,138014
1609204897000,42069,96311,138380
1609205197000,42027,96242,138269
1609205496000,41821,95585,137406
1609205797000,41837,96278,138115
1609206097000,41652,96296,137948
1609206397000,41494,96208,137702
1609206697000,41272,96430,137702
1609206997000,41050,96422,137472
1609207297000,40593,95042,135635
1609207597000,40668,96283,136951
1609207896000,40476,95731,136207
1609208197000,40211,95541,135752
1609208497000,40012,95607,135619
1609208797000,39859,95214,135073
1609209097000,39713,95367,135080
1609209397000,39541,95022,134563
1609209697000,39369,94923,134292
1609209997000,39050,94772,133822
1609210296000,38977,94695,133672
1609210597000,38688,94128,132816
1609210896000,38437,93869,132306
1609211197000,38289,93514,131803
1609211497000,38135,92768,130903
1609211797000,37893,92527,130420
1609212102000,37733,92431,130164
1609212397000,37471,92452,129923
1609212697000,37188,91737,128925
1609212997000,37038,91798,128836
1609213297000,36835,91209,128044
1609213597000,36537,90689,127226
1609213897000,36269,90289,126558
1609214197000,36059,89301,125360
1609214497000,35889,88373,124262
1609214796000,35786,88113,123899
1609215097000,35387,87705,123092
1609215397000,35208,86824,122032
1609215697000,34610,86225,120835
1609215997000,34183,85675,119858
1609216296000,33782,85108,118890
1609216597000,33461,84651,118112
1609216897000,33164,83805,116969
1609217196000,32763,83088,115851
1609217497000,32469,82444,114913
1609217797000,32146,81402,113548
1609218097000,31844,80483,112327
1609218397000,31542,79789,111331
1609218696000,31210,79097,110307
1609218997000,30788,78130,108918
1609219297000,30507,77360,107867
1609219596000,30218,76513,106731
1609219897000,29884,76150,106034
1609220197000,29605,75672,105277
1609220497000,29354,75083,104437
1609220796000,29077,74449,103526
1609221097000,28708,73734,102442
1609221397000,28111,72789,100900
1609221697000,27608,71618,99226
1609221997000,27209,70663,97872
1609222315000,26962,69781,96743
1609222597000,26606,68885,95491
1609222905000,24797,68021,92818
1609223197000,25383,66964,92347
1609223497000,24481,65801,90282
1609223797000,24291,64634,88925
1609224096000,24355,63864,88219
1609224396000,23831,62980,86811
1609224697000,23678,62091,85769
1609224997000,23475,61318,84793
1609225297000,23190,60441,83631
1609225597000,22949,59701,82650
1609225897000,22823,59302,82125
1609226197000,22228,58667,80895
1609226497000,22152,58368,80520
1609226797000,22092,57725,79817
1609227097000,21987,57135,79122
1609227397000,21936,57012,78948
1609227697000,21765,57075,78840
1609227997000,21530,56837,78367
1609228296000,21430,56464,77894
1609228597000,21337,56002,77339
1609228897000,21238,55377,76615
1609229197000,21207,55108,76315
1609229497000,21038,54571,75609
1609229797000,20916,54746,75662
1609230097000,20862,54587,75449
1609230397000,20877,54341,75218
1609230697000,20809,54004,74813
1609230997000,20848,53943,74791
1609231297000,20813,54044,74857
1609231601000,20847,54129,74976
1609231631000,20839,54058,74897
1609231897000,20915,54171,75086
1609231926000,20900,54065,74965
1609232197000,20916,53922,74838
1609232497000,20944,53929,74873
1609232797000,21009,54045,75054
1609233097000,21122,54121,75243
1609233397000,21150,54336,75486
1609233697000,21248,54199,75447
1609233997000,21365,54227,75592
1609234297000,21374,54305,75679
1609234636000,21514,53832,75346
1609234897000,21715,53964,75679
1609235197000,21900,54019,75919
1609235497000,21923,54229,76152
1609235797000,21929,54295,76224
1609236146000,22026,53732,75758
1609236397000,21841,54342,76183
1609236697000,21841,54235,76076
1609236997000,22009,54579,76588
1609237297000,22133,54994,77127
1609237600000,22299,55055,77354
1609237897000,22366,55046,77412
1609238197000,22563,55322,77885
1609238497000,22670,55600,78270
1609238797000,22826,55852,78678
1609239097000,23073,56211,79284
1609239397000,23198,56432,79630
1609239697000,23374,56476,79850
1609239997000,23594,57110,80704
1609240297000,23658,57454,81112
1609240597000,23729,57703,81432
1609240897000,23879,58023,81902
1609241197000,23970,58112,82082
1609241497000,24179,58464,82643
1609241797000,24300,58782,83082
1609242097000,24480,59059,83539
1609242397000,24646,59408,84054
1609242697000,24807,59742,84549
1609242997000,25057,60132,85189
1609243297000,25108,60668,85776
1609243597000,25236,61201,86437
1609243897000,25442,61648,87090
1609244197000,25573,62103,87676
1609244517000,25752,62755,88507
1609244797000,25934,63060,88994
1609245097000,26061,63622,89683
1609245397000,26205,63983,90188
1609245697000,26421,64446,90867
1609245997000,26678,65143,91821
1609246297000,26941,65882,92823
1609246597000,27136,66467,93603
1609246897000,27258,67132,94390
1609247197000,27549,67621,95170
1609247497000,27848,68126,95974
1609247797000,28166,69565,97731
1609248097000,28363,70195,98558
1609248397000,28497,70933,99430
1609248697000,28784,71457,100241
1609248997000,28992,71793,100785
1609249297000,29311,71786,101097
1609249597000,29570,72783,102353
1609249896000,29792,73560,103352
1609250197000,30065,74167,104232
1609250497000,30299,75043,105342
1609250797000,30587,75886,106473
1609251097000,30870,76545,107415
1609251396000,31117,77119,108236
1609251697000,31327,77958,109285
1609252026000,31607,78763,110370
1609252297000,31760,79359,111119
1609252597000,32015,79911,111926
1609252897000,32207,80521,112728
1609253199000,32573,81455,114028
1609253497000,32823,82143,114966
1609253797000,33112,82677,115789
1609254096000,33468,83198,116666
1609254397000,33636,83793,117429
1609254697000,33836,84575,118411
1609254997000,34115,85380,119495
1609255297000,34397,86123,120520
1609255597000,34552,86693,121245
1609255897000,34807,87137,121944
1609256197000,35075,87918,122993
1609256497000,35323,87747,123070
1609256797000,35583,88112,123695
1609257097000,35813,88455,124268
1609257396000,36001,87631,123632
1609257697000,36239,88732,124971
1609257997000,36346,88373,124719
1609258297000,36572,89509,126081
1609258597000,36820,89459,126279
1609258897000,37005,89736,126741
1609259198000,37029,90024,127053
1609259497000,37147,90691,127838
1609259797000,37299,90231,127530
1609260097000,37478,90343,127821
1609260397000,37583,90730,128313
1609260697000,37759,91106,128865
1609260997000,37880,90788,128668
1609261297000,38015,90792,128807
1609261597000,37947,91014,128961
1609261897000,38060,91559,129619
1609262197000,38204,91737,129941
1609262497000,38432,92017,130449
1609262797000,38617,92562,131179
1609263096000,38731,92538,131269
1609263397000,39063,92912,131975
1609263697000,39310,92816,132126
1609263996000,39638,93244,132882
1609264296000,40009,93732,133741
1609264597000,39886,93617,133503
1609264897000,39828,93722,133550
1609265197000,39812,94238,134050
1609265497000,39931,94547,134478
1609265797000,40117,94863,134980
1609266097000,40200,95471,135671
1609266397000,40391,96008,136399
1609266697000,40544,96393,136937
1609266997000,40689,96503,137192
1609267297000,40752,97042,137794
1609267597000,40969,97913,138882
1609267897000,41156,98051,139207
1609268197000,41275,98869,140144
1609268497000,41279,98189,139468
1609268797000,41378,98344,139722
1609269097000,41510,98859,140369
1609269397000,41522,99900,141422
1609269697000,41750,100497,142247
1609269997000,41745,100791,142536
1609270297000,41828,101105,142933
1609270597000,41978,100554,142532
1609270896000,42050,101408,143458
1609271197000,42616,102244,144860
1609271497000,42741,102470,145211
1609271797000,42682,102547,145229
1609272107000,42644,102885,145529
1609272397000,43680,102879,146559
1609272697000,43886,103328,147214
1609272997000,43966,103453,147419
1609273297000,44659,102763,147422
1609273597000,45227,103682,148909
1609273897000,45299,103996,149295
1609274196000,45358,104320,149678
1609274497000,45336,104436,149772
1609274796000,45363,104657,150020
1609275097000,45543,104955,150498
1609275397000,45506,104987,150493
1609275713000,45525,104683,150208
1609275997000,45534,104825,150359
1609276297000,45546,104936,150482
1609276597000,45608,104868,150476
1609276896000,45594,104681,150275
1609277197000,45606,104637,150243
1609277497000,45606,104565,150171
1609277797000,45630,104387,150017
1609278097000,45623,104437,150060
1609278397000,45607,104549,150156
1609278697000,45544,104273,149817
1609278997000,45454,103717,149171
1609279296000,45447,103822,149269
1609279597000,45258,103096,148354
1609279897000,45113,103086,148199
1609280197000,45031,102965,147996
1609280497000,44983,102969,147952
1609280797000,45029,102859,147888
1609281097000,44995,102661,147656
1609281397000,45077,102228,147305
1609281697000,45063,101755,146818
1609282006000,44965,101409,146374
1609282297000,44751,101428,146179
1609282597000,44527,99484,144011
1609282897000,44319,100133,144452
1609283197000,44182,99701,143883
1609283497000,44052,99422,143474
1609283796000,43996,99346,143342
1609284097000,43796,99018,142814
1609284397000,43789,98704,142493
1609284697000,43686,98219,141905
1609284997000,43575,97962,141537
1609285297000,43549,97858,141407
1609285597000,43458,97703,141161
1609285896000,43416,97509,140925
1609286197000,43443,97126,140569
1609286497000,43563,96784,140347
1609286797000,43849,96699,140548
1609287097000,43826,95938,139764
1609287397000,43703,95077,138780
1609287697000,43616,96057,139673
1609287997000,43434,95460,138894
1609288299000,43354,95394,138748
1609288597000,43377,95551,138928
1609288896000,43302,95597,138899
1609289197000,43159,95564,138723
1609289497000,43024,94794,137818
1609289797000,42901,95443,138344
1609290097000,42808,94644,137452
1609290397000,42690,94681,137371
1609290697000,42459,94236,136695
1609290996000,42389,94156,136545
1609291297000,42198,95245,137443
1609291597000,41924,95327,137251
1609291897000,41826,95044,136870
1609292197000,41654,95249,136903
1609292496000,41458,94945,136403
1609292797000,41212,95119,136331
1609293096000,41199,94204,135403
1609293397000,41009,95165,136174
1609293697000,40982,94728,135710
1609293996000,40832,94586,135418
1609294297000,40735,94575,135310
1609294597000,40550,93755,134305
1609294897000,40351,93366,133717
1609295197000,40134,93039,133173
1609295498000,39863,92961,132824
1609295797000,39678,92849,132527
1609296097000,39514,92654,132168
1609296397000,39401,92045,131446
1609296697000,39234,91882,131116
1609296997000,39118,91448,130566
1609297297000,38954,90762,129716
1609297598000,38831,90443,129274
1609297897000,38562,90231,128793
1609298196000,38316,89999,128315
1609298497000,38137,89819,127956
1609298796000,37959,89305,127264
1609299097000,37889,89084,126973
1609299397000,37802,88675,126477
1609299697000,37306,88373,125679
1609299996000,36906,88265,125171
1609300297000,36680,87737,124417
1609300596000,36370,87064,123434
1609300896000,36017,86051,122068
1609301197000,35661,85371,121032
1609301497000,35302,84891,120193
1609301797000,34687,84285,118972
1609302096000,34197,84007,118204
1609302397000,33807,82868,116675
1609302697000,33415,82267,115682
1609302996000,33068,81519,114587
1609303297000,32685,81175,113860
1609303597000,32355,80254,112609
1609303897000,32015,79443,111458
1609304197000,31671,78770,110441
1609304497000,31319,77768,109087
1609304797000,30978,77006,107984
1609305096000,30643,76271,106914
1609305397000,30342,75522,105864
1609305697000,30096,74781,104877
1609305997000,29804,74053,103857
1609306297000,29537,73376,102913
1609306597000,29287,72460,101747
1609306896000,28979,71862,100841
1609307197000,28582,71345,99927
1609307497000,28295,70499,98794
1609307797000,27972,69798,97770
1609308097000,27637,69113,96750
1609308397000,27223,68227,95450
1609308697000,27006,67675,94681
1609308997000,26688,66595,93283
1609309297000,26470,65796,92266
1609309597000,26187,65045,91232
1609309897000,25870,63829,89699
1609310196000,24103,62928,87031
1609310497000,24046,62069,86115
1609310796000,24935,61298,86233
1609311097000,23952,60566,84518
1609311397000,23585,59814,83399
1609311698000,23471,59081,82552
1609311997000,23368,58534,81902
1609312297000,23116,59276,82392
1609312597000,22923,58413,81336
1609312897000,22705,56758,79463
1609313197000,22542,56197,78739
1609313499000,22409,56356,78765
1609313796000,22308,56757,79065
1609314097000,22247,56892,79139
1609314397000,22124,56294,78418
1609314697000,21973,55848,77821
1609314996000,21788,55156,76944
1609315297000,21269,54777,76046
1609315597000,21168,54350,75518
1609315897000,21068,54009,75077
1609316196000,21016,53344,74360
1609316497000,20978,53096,74074
1609316797000,20874,52603,73477
1609317097000,20900,52337,73237
1609317397000,20878,51939,72817
1609317697000,20797,51814,72611
1609317997000,20810,51499,72309
1609318296000,20827,51480,72307
1609318597000,20802,51025,71827
1609318897000,20882,51030,71912
1609319198000,20892,50997,71889
1609319497000,20873,50806,71679
1609319797000,20625,50967,71592
1609320097000,20647,51061,71708
1609320397000,20797,50940,71737
1609320697000,20882,51282,72164
1609320997000,21043,50990,72033
1609321297000,21189,51223,72412
1609321597000,21345,51149,72494
1609321897000,21461,51196,72657
1609322197000,21607,51106,72713
1609322497000,21717,51079,72796
1609322797000,21872,51246,73118
1609323096000,22022,51422,73444
1609323397000,22124,51524,73648
1609323697000,22303,51802,74105
1609323997000,22417,51939,74356
1609324297000,22532,52103,74635
1609324597000,22622,52591,75213
1609324897000,22780,52625,75405
1609325197000,22848,52970,75818
1609325497000,23054,53433,76487
1609325797000,23136,53459,76595
1609326097000,23220,53826,77046
1609326397000,23310,54157,77467
1609326697000,23446,53783,77229
1609326996000,23660,53966,77626
1609327296000,23617,54712,78329
1609327597000,23684,54766,78450
1609327897000,23839,55053,78892
1609328197000,23902,55294,79196
1609328497000,23901,55745,79646
1609328797000,24110,56091,80201
1609329097000,24298,56476,80774
1609329397000,24422,56768,81190
1609329697000,24660,57075,81735
1609329996000,24806,57431,82237
1609330297000,25010,58083,83093
1609330597000,25278,58445,83723
1609330897000,25449,58856,84305
1609331197000,25564,59055,84619
1609331497000,25618,59328,84946
1609331797000,25788,59881,85669
1609332097000,26109,60484,86593
1609332396000,26130,60921,87051
1609332697000,26249,61532,87781
1609332997000,26385,62072,88457
1609333297000,26693,62512,89205
1609333596000,26813,63187,90000
1609333897000,26988,63802,90790
1609334197000,27197,64545,91742
1609334497000,27492,65204,92696
1609334797000,27713,65694,93407
1609335097000,27831,66094,93925
1609335398000,28051,66793,94844
1609335697000,28292,67120,95412
1609335997000,28543,67908,96451
1609336297000,28885,68386,97271
1609336597000,29197,69220,98417
1609336897000,29472,69574,99046
1609337197000,29781,70342,100123
1609337497000,30031,70973,101004
1609337797000,30461,71648,102109
1609338096000,30854,72273,103127
1609338397000,31299,72727,104026
1609338697000,31644,73188,104832
1609338997000,31972,73714,105686
1609339297000,32218,74422,106640
1609339597000,32596,74639,107235
1609339897000,33000,75227,108227
1609340197000,33247,75803,109050
1609340496000,33584,76497,110081
1609340797000,34007,77485,111492
1609341097000,33253,77988,111241
1609341397000,33326,78207,111533
1609341696000,33568,78163,111731
1609341997000,33835,78808,112643
1609342297000,34018,79612,113630
1609342597000,34259,80010,114269
1609342897000,34506,80620,115126
1609343196000,34648,81005,115653
1609343497000,34981,81727,116708
1609343797000,35146,82166,117312
1609344096000,35375,82190,117565
1609344397000,35431,82849,118280
1609344696000,35499,83357,118856
1609344996000,35768,83795,119563
1609345297000,35909,84363,120272
1609345597000,36084,84624,120708
1609345896000,36215,84399,120614
1609346197000,36307,84528,120835
1609346496000,36516,84996,121512
1609346797000,36654,85075,121729
1609347097000,36951,85211,122162
1609347397000,37334,85259,122593
1609347697000,37450,85339,122789
1609347997000,37602,85515,123117
1609348298000,37820,85655,123475
1609348597000,38073,85958,124031
1609348897000,38219,86271,124490
1609349197000,38237,86535,124772
1609349497000,38305,86630,124935
1609349797000,38431,86910,125341
1609350097000,38451,87022,125473
1609350396000,38604,87701,126305
1609350703000,38717,88078,126795
1609350997000,38668,88458,127126
1609351297000,38902,88609,127511
1609351597000,39062,88956,128018
1609351897000,39273,89305,128578
1609352197000,39498,89659,129157
1609352497000,39593,90278,129871
1609352797000,39749,90567,130316
1609353096000,39939,91033,130972
1609353396000,40038,91367,131405
1609353697000,40217,91872,132089
1609353997000,40397,92278,132675
1609354297000,40637,92956,133593
1609354597000,40863,92993,133856
1609354897000,41003,93321,134324
1609355197000,41016,93714,134730
1609355497000,41223,94319,135542
1609355797000,41540,94687,136227
1609356097000,41745,95310,137055
1609356397000,41871,95560,137431
1609356697000,42749,96612,139361
1609357048000,42895,96938,139833
1609357077000,42876,96999,139875
1609357117000,42494,96999,139493
1609357136000,42624,97030,139654
1609357297000,42977,97118,140095
1609357597000,44106,96349,140455
1609357915000,44268,96667,140935
1609358197000,44294,96773,141067
1609358497000,44262,96936,141198
1609358797000,44336,97437,141773
1609359097000,44512,97488,142000
1609359397000,44630,97633,142263
1609359697000,44756,98022,142778
1609359997000,44934,97989,142923
1609360297000,44999,97122,142121
1609360597000,45075,97187,142262
1609360897000,45029,97709,142738
1609361197000,45125,98637,143762
1609361497000,45276,99450,144726
1609361796000,45236,100039,145275
1609362096000,45193,99677,144870
1609362397000,45160,99539,144699
1609362697000,45206,99469,144675
1609362997000,45203,99292,144495
1609363297000,45236,99559,144795
1609363597000,45233,99307,144540
1609363897000,45268,99350,144618
1609364197000,45327,99337,144664
1609364497000,45425,99231,144656
1609364797000,45352,99117,144469
1609365097000,45262,99203,144465
1609365396000,45266,98973,144239
1609365696000,45221,98727,143948
1609365997000,45110,98715,143825
1609366297000,45047,98500,143547
1609366597000,44866,98075,142941
1609366897000,44559,97786,142345
1609367196000,44452,97892,142344
1609367497000,44485,97521,142006
1609367797000,44403,96996,141399
1609368096000,44397,96693,141090
1609368397000,44396,96298,140694
1609368696000,44298,96348,140646
1609368997000,44211,96486,140697
1609369297000,44092,95731,139823
1609369598000,44080,95172,139252
1609369897000,43912,94948,138860
1609370197000,43772,94974,138746
1609370496000,43659,94663,138322
1609370796000,43569,94354,137923
1609371097000,43419,93938,137357
1609371397000,43308,93676,136984
1609371697000,43295,93580,136875
1609371997000,43207,93239,136446
1609372297000,43115,93027,136142
1609372597000,43191,92943,136134
1609372897000,43361,92564,135925
1609373197000,43602,92525,136127
1609373497000,43625,92486,136111
1609373797000,43527,92575,136102
1609374097000,43382,92486,135868
1609374397000,43321,92354,135675
1609374696000,43090,92338,135428
1609374997000,43056,92249,135305
1609375297000,42915,92199,135114
1609375597000,42651,92212,134863
1609375897000,42641,92262,134903
1609376197000,42475,91750,134225
1609376497000,42407,91490,133897
1609376797000,42213,91309,133522
1609377097000,42022,91476,133498
1609377396000,41865,91488,133353
1609377697000,41628,91556,133184
1609377997000,41433,91308,132741
1609378297000,41370,91763,133133
1609378597000,41176,91500,132676
1609378897000,41006,91339,132345
1609379196000,40780,91424,132204
1609379499000,40606,92021,132627
1609379796000,40439,91914,132353
1609380096000,40277,91874,132151
1609380397000,40196,91569,131765
1609380697000,40037,91216,131253
1609380996000,39993,90623,130616
1609381296000,39825,90332,130157
1609381597000,39686,90438,130124
1609381897000,39596,90204,129800
1609382197000,39349,90253,129602
1609382497000,39399,90163,129562
1609382796000,39309,90053,129362
1609383097000,39267,89762,129029
1609383397000,38948,89424,128372
1609383697000,38600,89244,127844
1609383997000,38272,88949,127221
1609384296000,38096,88470,126566
1609384597000,37787,88295,126082
1609384897000,37660,88029,125689
1609385197000,37423,87740,125163
1609385497000,37109,87802,124911
1609385797000,36876,87447,124323
1609386097000,36622,87237,123859
1609386397000,36435,86809,123244
1609386697000,36146,86189,122335
1609386997000,35909,86097,122006
1609387297000,35592,85520,121112
1609387597000,35250,84655,119905
1609387897000,34860,84031,118891
1609388197000,34563,83551,118114
1609388497000,34275,82323,116598
1609388797000,34033,81865,115898
1609389096000,33339,81537,114876
1609389396000,32770,80967,113737
1609389697000,32527,80058,112585
1609389996000,32084,79539,111623
1609390296000,31807,78782,110589
1609390597000,31571,77711,109282
1609390896000,31270,76901,108171
1609391197000,30901,76346,107247
1609391496000,30552,73835,104387
1609391797000,30252,72831,103083
1609392097000,29938,72320,102258
1609392397000,29623,72596,102219
1609392697000,29348,72336,101684
1609392996000,29023,71692,100715
1609393297000,28772,71473,100245
1609393597000,28487,70530,99017
1609393896000,28162,69757,97919
1609394197000,27871,68842,96713
1609394496000,27467,68057,95524
1609394796000,27135,67166,94301
1609395097000,26818,66252,93070
1609395396000,26512,65221,91733
1609395696000,26163,64334,90497
1609395996000,26070,63235,89305
1609396297000,25814,62367,88181
1609396597000,25534,61419,86953
1609396897000,24517,60991,85508
1609397197000,23848,60149,83997
1609397497000,23406,59135,82541
1609397796000,23287,58449,81736
1609398097000,23029,57448,80477
1609398397000,22872,56954,79826
1609398697000,22655,57146,79801
1609398997000,22431,56538,78969
1609399297000,22076,55929,78005
1609399597000,21934,54489,76423
1609399897000,21789,53963,75752
1609400196000,21667,54139,75806
1609400497000,21553,54543,76096
1609400796000,21458,54563,76021
1609401097000,21322,54396,75718
1609401397000,21233,53752,74985
1609401696000,21136,53293,74429
1609401996000,21023,53059,74082
1609402297000,20977,52433,73410
1609402599000,20795,52239,73034
1609402897000,20210,51897,72107
1609403197000,20124,51432,71556
1609403497000,20156,51310,71466
1609403797000,20198,50600,70798
1609404097000,20229,50681,70910
1609404397000,20285,50408,70693
1609404697000,20226,50573,70799
1609404997000,20172,50654,70826
1609405297000,20223,50612,70835
1609405597000,20204,50924,71128
1609405897000,20227,50858,71085
1609406197000,20265,50059,70324
1609406496000,20334,49814,70148
1609406797000,20313,49707,70020
1609407096000,20430,49715,70145
1609407397000,20443,49491,69934
1609407696000,20573,49553,70126
1609407997000,20736,49572,70308
1609408297000,20896,49940,70836
1609408597000,21113,50235,71348
1609408897000,21216,50442,71658
1609409196000,21375,50823,72198
1609409497000,21223,50909,72132
1609409797000,21292,50663,71955
1609410097000,21217,50791,72008
1609410397000,21367,51028,72395
1609410697000,21372,51168,72540
1609410997000,21613,50530,72143
1609411297000,21753,50847,72600
1609411597000,22005,50989,72994
1609411896000,22319,52214,74533
1609412197000,22525,51541,74066
1609412497000,22770,51755,74525
1609412797000,22905,51901,74806
1609413097000,23036,52137,75173
1609413397000,23173,52592,75765
1609413697000,23402,52856,76258
1609413997000,23624,53235,76859
1609414297000,23753,53180,76933
1609414597000,23108,53557,76665
1609414896000,23255,53609,76864
1609415197000,23402,54011,77413
1609415497000,23531,54149,77680
1609415796000,23714,54166,77880
1609416097000,23791,54818,78609
1609416397000,23949,55268,79217
1609416697000,23874,55827,79701
1609416997000,24142,56203,80345
1609417296000,24321,56475,80796
1609417597000,24454,56652,81106
1609417897000,24577,57098,81675
1609418197000,24811,57742,82553
1609418497000,25025,58221,83246
1609418797000,25272,58756,84028
1609419097000,25331,59210,84541
1609419397000,25509,59733,85242
1609419697000,25634,60125,85759
1609419996000,25958,60550,86508
1609420297000,26290,60614,86904
1609420596000,26477,61343,87820
1609420897000,26703,62154,88857
1609421197000,26990,62833,89823
1609421496000,27216,63579,90795
1609421797000,27435,64141,91576
1609422097000,27824,64923,92747
1609422397000,28002,65471,93473
1609422697000,28280,65644,93924
1609422997000,28463,65840,94303
1609423297000,28727,66233,94960
1609423597000,28997,67221,96218
1609423897000,29212,67992,97204
1609424197000,29416,68184,97600
1609424497000,29669,68486,98155
1609424797000,29955,68983,98938
1609425097000,30197,69592,99789
1609425396000,30424,69947,100371
1609425697000,30636,69964,100600
1609425997000,30819,70666,101485
1609426297000,30983,71150,102133
1609426597000,31210,71553,102763
1609426897000,31380,71743,103123
1609427196000,31551,71944,103495
1609427496000,31738,72734,104472
1609427797000,32054,72614,104668
1609428097000,32142,73404,105546
1609428397000,32233,73779,106012
1609428697000,32475,74579,107054
1609428997000,32574,74419,106993
1609429297000,32718,74294,107012
1609429597000,32940,74526,107466
1609429897000,33104,74906,108010
1609430197000,33347,75176,108523
1609430498000,33426,75662,109088
1609430797000,33603,75883,109486
1609431097000,33808,76074,109882
1609431397000,33862,76365,110227
1609431697000,34001,76398,110399
1609431997000,34169,76604,110773
1609432297000,34007,76718,110725
1609432596000,34006,77465,111471
1609432897000,34052,76946,110998
1609433197000,34178,77216,111394
1609433497000,34247,77090,111337
1609433796000,34272,77066,111338
1609434097000,34248,76968,111216
1609434397000,34284,77519,111803
1609434697000,34289,77911,112200
1609434997000,34310,77673,111983
1609435296000,34439,77679,112118
1609435597000,34511,77836,112347
1609435897000,34368,78330,112698
1609436197000,34351,78359,112710
1609436497000,34473,78518,112991
1609436797000,34506,78523,113029
1609437096000,34523,77946,112469
1609437397000,34482,78283,112765
1609437697000,34571,78446,113017
1609437997000,34519,78238,112757
1609438296000,34623,78508,113131
1609438597000,34628,78624,113252
1609438897000,34510,79345,113855
1609439197000,34545,79276,113821
1609439497000,34615,79170,113785
1609439797000,34626,79368,113994
1609440097000,34723,80033,114756
1609440397000,34761,79826,114587
1609440697000,35107,79643,114750
1609440997000,35122,79730,114852
1609441297000,35211,79305,114516
1609441597000,35195,79172,114367
1609441897000,35193,79691,114884
1609442197000,36034,80200,116234
1609442496000,36231,79710,115941
1609442797000,36270,80390,116660
1609443097000,37262,80121,117383
1609443397000,37479,80207,117686
1609443696000,37541,80278,117819
1609443997000,37658,80973,118631
1609444297000,37587,80607,118194
1609444597000,37673,80845,118518
1609444897000,37653,80376,118029
1609445196000,37744,80248,117992
1609445496000,37689,80700,118389
1609445797000,37797,79635,117432
1609446097000,37864,79843,117707
1609446397000,37896,79936,117832
1609446697000,37984,79980,117964
1609446997000,38100,79691,117791
1609447297000,38087,79708,117795
1609447596000,38162,80184,118346
1609447897000,38158,80359,118517
1609448197000,38197,80364,118561
1609448497000,38318,80075,118393
1609448796000,38304,80062,118366
1609449096000,38309,79767,118076
1609449396000,38317,80137,118454
1609449696000,38386,79643,118029
1609449997000,38462,79610,118072
1609450297000,38510,79958,118468
1609450597000,38560,79554,118114
1609450897000,38575,79298,117873
1609451196000,38675,78842,117517
1609451497000,38754,78742,117496
1609451797000,38408,78787,117195
1609452096000,38217,77724,115941
1609452397000,38209,77763,115972
1609452696000,38073,77683,115756
1609452997000,37838,77083,114921
1609453297000,37806,77460,115266
1609453596000,37820,77179,114999
1609454197000,37866,76828,114694
1609454497000,37875,76123,113998
1609454797000,37835,75754,113589
1609455097000,37692,75536,113228
1609455404000,37437,74594,112031
1609455697000,37229,73604,110833
1609455997000,37231,72890,110121
1609456297000,37208,73049,110257
1609456597000,37286,73591,110877
1609456897000,37296,73437,110733
1609457197000,37279,73028,110307
1609457497000,37291,73173,110464
1609457797000,37370,72845,110215
1609458096000,37395,72549,109944
1609458397000,37299,72502,109801
1609458697000,37241,71512,108753
1609458997000,37139,70749,107888
1609459297000,37221,69784,107005
1609459596000,37544,69271,106815
1609459897000,37833,69260,107093
1609460197000,37822,69644,107466
1609460497000,37837,70086,107923
1609460797000,37737,69708,107445
1609461097000,37615,69640,107255
1609461397000,37513,69674,107187
1609461696000,37374,69739,107113
1609461997000,37166,69835,107001
1609462296000,37096,70326,107422
1609462597000,36962,70014,106976
1609462897000,36785,69421,106206
1609463197000,36652,69131,105783
1609463497000,36463,68845,105308
1609463797000,36386,68643,105029
1609464097000,36249,68416,104665
1609464397000,36042,68349,104391
1609464697000,35935,68109,104044
1609464996000,35744,68008,103752
1609465297000,35599,67890,103489
1609465597000,35423,67843,103266
1609465897000,35273,67572,102845
1609466197000,35149,67461,102610
1609466497000,35053,67152,102205
1609466796000,34947,67550,102497
1609467097000,34665,67557,102222
1609467397000,34497,67011,101508
1609467696000,34414,67016,101430
1609467997000,34370,66805,101175
1609468297000,34418,66662,101080
1609468596000,34296,66489,100785
1609468897000,33967,66242,100209
1609469197000,33727,68018,101745
1609469497000,33427,66381,99808
1609469797000,33337,66342,99679
1609470097000,33164,65742,98906
1609470397000,33049,65668,98717
1609470697000,32866,65333,98199
1609470996000,32714,65266,97980
1609471297000,32642,65465,98107
1609471597000,32471,65237,97708
1609471897000,32454,65062,97516
1609472196000,32297,64764,97061
1609472497000,32088,64762,96850
1609472797000,31916,64518,96434
1609473097000,31831,64281,96112
1609473397000,31669,63926,95595
1609473697000,31540,63522,95062
1609473997000,31267,63206,94473
1609474296000,31180,62903,94083
1609474596000,31009,62924,93933
1609474898000,30811,62908,93719
1609475196000,30606,62802,93408
1609475497000,30508,62612,93120
1609475797000,30273,62324,92597
1609476097000,30018,62167,92185
1609476396000,29750,61936,91686
1609476697000,29510,61447,90957
1609476997000,29128,60652,89780
1609477296000,28725,59254,87979
1609477597000,28538,58637,87175
1609477896000,28299,59009,87308
1609478197000,28171,59215,87386
1609478497000,28007,59491,87498
1609478797000,27962,59370,87332
1609479097000,27793,59399,87192
1609479399000,27675,59184,86859
1609479696000,27543,59075,86618
1609479997000,27323,59049,86372
1609480297000,27217,58735,85952
1609480597000,26551,58275,84826
1609480897000,26048,57290,83338
1609481196000,25718,56882,82600
1609481497000,25813,56415,82228
1609481796000,25754,55866,81620
1609482096000,25569,55240,80809
1609482397000,25416,54696,80112
1609482697000,25302,53987,79289
1609482997000,25107,53531,78638
1609483297000,24898,53029,77927
1609483596000,24882,52601,77483
1609483897000,24757,52000,76757
1609484197000,24551,51684,76235
1609484496000,24233,50975,75208
1609484797000,23166,50348,73514
1609485097000,22952,50690,73642
1609485397000,22096,50597,72693
1609485696000,21947,50091,72038
1609485997000,21396,48554,69950
1609486297000,21311,48188,69499
1609486597000,21171,48196,69367
1609486897000,21053,48868,69921
1609487197000,20868,49281,70149
1609487497000,20665,48957,69622
1609487796000,20487,48347,68834
1609488096000,20239,47770,68009
1609488396000,20049,47326,67375
1609488696000,19927,47250,67177
1609488997000,19820,47017,66837
1609489297000,19797,46933,66730
1609489597000,19738,46721,66459
1609489897000,19705,46348,66053
1609490197000,19658,46205,65863
1609490497000,19558,45940,65498
1609490797000,19530,45494,65024
1609491097000,19390,45468,64858
1609491397000,19422,45073,64495
1609491697000,19424,45000,64424
1609491997000,19344,44774,64118
1609492297000,19294,44761,64055
1609492597000,19323,44522,63845
1609492897000,19359,44536,63895
1609493197000,19402,44451,63853
1609493497000,19442,44561,64003
1609493797000,19472,44402,63874
1609494097000,19656,44414,64070
1609494397000,19724,44216,63940
1609494696000,19821,44307,64128
1609494997000,19875,44337,64212
1609495297000,19983,44223,64206
1609495597000,20229,44336,64565
1609495897000,20388,44006,64394
1609496197000,20264,44133,64397
1609496497000,20240,44177,64417
1609496797000,20288,44353,64641
1609497096000,20389,44607,64996
1609497397000,20620,44626,65246
1609497697000,20759,44832,65591
1609497997000,20897,44839,65736
1609498297000,21067,44978,66045
1609498597000,21255,45020,66275
1609498896000,21440,45364,66804
1609499197000,21483,45560,67043
1609499497000,21541,45592,67133
1609499796000,21486,45770,67256
1609500097000,21557,45817,67374
1609500398000,21767,45989,67756
1609500698000,21970,46188,68158
1609500997000,22120,46522,68642
1609501297000,22255,46772,69027
1609501597000,22359,46891,69250
1609501897000,22443,47321,69764
1609502197000,22661,47741,70402
1609502506000,22926,48056,70982
1609502797000,22957,48651,71608
1609503097000,23195,49103,72298
1609503397000,23415,49480,72895
1609503697000,23668,49830,73498
1609503997000,23864,49984,73848
1609504297000,23978,49996,73974
1609504597000,24258,50155,74413
1609504897000,24504,50730,75234
1609505197000,24791,51140,75931
1609505497000,24992,51572,76564
1609505796000,25288,52005,77293
1609506096000,25488,52590,78078
1609506397000,25564,53096,78660
1609506697000,25721,53555,79276
1609506996000,25930,54165,80095
1609507296000,26190,54584,80774
1609507598000,26358,55214,81572
1609507897000,26632,55790,82422
1609508197000,26858,56468,83326
1609508497000,27188,57099,84287
1609508797000,27425,57578,85003
1609509097000,27601,58196,85797
1609509397000,27892,58899,86791
1609509697000,28115,59233,87348
1609509997000,28331,59823,88154
1609510297000,28594,60339,88933
1609510596000,28900,60951,89851
1609510897000,29244,61559,90803
1609511197000,29641,62104,91745
1609511497000,29953,62886,92839
1609511797000,30178,63346,93524
1609512097000,30546,64081,94627
1609512397000,30755,64448,95203
1609512697000,31077,64918,95995
1609512997000,31434,65602,97036
1609513298000,31786,66250,98036
1609513597000,31975,66931,98906
1609513897000,32215,67666,99881
1609514196000,32497,68316,100813
1609514497000,32844,68887,101731
1609514796000,33133,69785,102918
1609515097000,33369,70516,103885
1609515396000,33628,71384,105012
1609515697000,33919,72181,106100
1609515997000,34299,72598,106897
1609516297000,34630,73158,107788
1609516597000,34904,73440,108344
1609516897000,35157,74019,109176
1609517197000,35389,74629,110018
1609517497000,35534,75628,111162
1609517797000,35901,76471,112372
1609518097000,36324,77031,113355
1609518397000,36291,77602,113893
1609518697000,36442,77919,114361
1609518996000,36597,78510,115107
1609519297000,36817,78451,115268
1609519597000,36922,78543,115465
1609519897000,37142,78891,116033
1609520196000,37379,79169,116548
1609520496000,37682,79601,117283
1609520797000,37826,80194,118020
1609521096000,37975,80596,118571
1609521396000,38244,80899,119143
1609521697000,38484,81348,119832
1609521997000,38643,81835,120478
1609522297000,38872,82460,121332
1609522596000,38956,83212,122168
1609522897000,39119,83446,122565
1609523197000,39284,84050,123334
1609523496000,39381,84297,123678
1609523797000,39663,84667,124330
1609524097000,39991,84907,124898
1609524397000,40188,85208,125396
1609524697000,40394,85814,126208
1609524997000,40444,86178,126622
1609525297000,40715,86454,127169
1609525597000,40921,86996,127917
1609525896000,41212,87553,128765
1609526197000,41370,88082,129452
1609526497000,41682,88568,130250
1609526796000,41848,88907,130755
1609527097000,42030,89426,131456
1609527396000,43527,89795,133322
1609527697000,42332,90132,132464
1609527997000,42839,90640,133479
1609528297000,43149,91088,134237
1609528597000,43308,91552,134860
1609528896000,44312,92247,136559
1609529197000,44542,93379,137921
1609529497000,44590,92921,137511
1609529797000,45842,93232,139074
1609530096000,46064,93783,139847
1609530397000,46160,94333,140493
1609530697000,46255,94360,140615
1609530997000,46457,94775,141232
1609531297000,46591,94846,141437
1609531597000,46652,95415,142067
1609531897000,46862,95844,142706
1609532197000,47168,96117,143285
1609532496000,47312,96411,143723
1609532797000,47419,96826,144245
1609533096000,47482,97245,144727
1609533397000,47462,97302,144764
1609533696000,47639,97581,145220
1609533996000,47848,97649,145497
1609534297000,47956,97753,145709
1609534597000,48109,98024,146133
1609534897000,48204,98110,146314
1609535197000,48113,98302,146415
1609535497000,47944,98447,146391
1609535797000,47985,98560,146545
1609536098000,48068,98616,146684
1609536396000,47992,99042,147034
1609536696000,47975,99098,147073
1609536997000,47839,99113,146952
1609537297000,48040,99415,147455
1609537597000,47974,99164,147138
1609537896000,48019,99395,147414
1609538196000,48049,99446,147495
1609538497000,47935,99287,147222
1609538797000,47777,99221,146998
1609539097000,47551,98879,146430
1609539398000,47408,98922,146330
1609539697000,47326,98605,145931
1609539997000,47205,98743,145948
1609540297000,47118,98903,146021
1609540596000,46997,98550,145547
1609540897000,47004,98812,145816
1609541197000,46991,98441,145432
1609541497000,46989,98155,145144
1609541797000,46864,97841,144705
1609542097000,46791,97508,144299
1609542397000,46579,97257,143836
1609542696000,46506,96993,143499
1609542997000,46370,96751,143121
1609543297000,46119,96675,142794
1609543597000,45927,96476,142403
1609543897000,45787,95675,141462
1609544197000,45733,95157,140890
1609544497000,45668,94840,140508
1609544797000,45654,94448,140102
1609545096000,45589,94276,139865
1609545397000,45456,94064,139520
1609545697000,45534,93775,139309
1609545997000,45739,93404,139143
1609546297000,45784,93215,138999
1609546597000,45618,92854,138472
1609546897000,45480,92770,138250
1609547197000,45358,92553,137911
1609547497000,45130,92505,137635
1609547797000,45084,92145,137229
1609548097000,44887,92145,137032
1609548397000,44738,91972,136710
1609548699000,44708,91917,136625
1609548997000,44489,92070,136559
1609549296000,44427,92589,137016
1609549597000,44273,92474,136747
1609549897000,44217,92399,136616
1609550197000,44168,92111,136279
1609550497000,44128,91806,135934
1609550796000,43714,91822,135536
1609551097000,43440,91782,135222
1609551396000,43342,91736,135078
1609551697000,43131,91849,134980
1609551997000,42936,91980,134916
1609552296000,42830,92028,134858
1609552597000,42615,91983,134598
1609552897000,42424,91541,133965
1609553197000,42246,91094,133340
1609553497000,42111,90831,132942
1609553797000,41914,90705,132619
1609554097000,41825,90496,132321
1609554396000,41688,90244,131932
1609554697000,41486,90133,131619
1609554997000,41350,89885,131235
1609555297000,41191,89841,131032
1609555597000,41074,89161,130235
1609555896000,40817,89462,130279
1609556197000,40666,89616,130282
1609556497000,40427,89456,129883
1609556797000,40327,89076,129403
1609557097000,40250,88911,129161
1609557396000,40067,88665,128732
1609557697000,39885,88345,128230
1609557997000,39702,88211,127913
1609558297000,39462,88000,127462
1609558597000,39250,87840,127090
1609558896000,39042,87523,126565
1609559197000,38823,87255,126078
1609559497000,38606,87072,125678
1609559797000,38367,86628,124995
1609560097000,38021,85997,124018
1609560397000,37767,85012,122779
1609560697000,37503,84789,122292
1609560997000,37326,84449,121775
1609561297000,37105,83970,121075
1609561597000,36819,83716,120535
1609561897000,36544,83226,119770
1609562197000,36232,82604,118836
1609562497000,36002,82290,118292
1609562797000,35658,81852,117510
1609563097000,35344,81409,116753
1609563397000,35041,80816,115857
1609563697000,34602,80159,114761
1609563997000,34302,79428,113730
1609564297000,33848,78813,112661
1609564597000,33581,78195,111776
1609564897000,33506,77733,111239
1609565197000,33314,77069,110383
1609565497000,32996,76224,109220
1609565797000,32674,75586,108260
1609566097000,32325,75115,107440
1609566397000,32010,74267,106277
1609566697000,31764,73834,105598
1609566997000,31366,73412,104778
1609567297000,30574,72234,102808
1609567597000,30075,71354,101429
1609567897000,29816,70537,100353
1609568197000,29536,69758,99294
1609568497000,29239,68920,98159
1609568797000,29006,67952,96958
1609569097000,28695,66961,95656
1609569397000,28400,66081,94481
1609569698000,28332,65340,93672
1609569996000,28387,64611,92998
1609570297000,28194,63372,91566
1609570597000,27684,63136,90820
1609570897000,27642,62432,90074
1609571197000,27519,61660,89179
1609571497000,25641,61929,87570
1609571796000,25283,61230,86513
1609572097000,25940,60538,86478
1609572397000,24731,58895,83626
1609572697000,24664,58252,82916
1609572996000,24409,58156,82565
1609573297000,24121,58198,82319
1609573597000,23883,58526,82409
1609573897000,23693,58316,82009
1609574197000,23521,57861,81382
1609574497000,23427,57455,80882
1609574797000,23224,57060,80284
1609575097000,22958,56141,79099
1609575396000,22396,56261,78657
1609575696000,22393,56230,78623
1609575997000,22262,56046,78308
1609576297000,22290,55449,77739
1609576597000,22270,55072,77342
1609576896000,22154,54569,76723
1609577197000,22139,54222,76361
1609577496000,21979,53661,75640
1609577797000,22028,53634,75662
1609578097000,22011,53343,75354
1609578397000,22078,53120,75198
1609578697000,22114,53185,75299
1609578997000,22174,53030,75204
1609579297000,22319,53064,75383
1609579597000,22409,52999,75408
1609579897000,22470,52180,74650
1609580197000,22580,52632,75212
1609580496000,22629,52845,75474
1609580796000,22689,52870,75559
1609581097000,22759,52668,75427
1609581397000,22877,52824,75701
1609581697000,22989,52860,75849
1609581997000,23084,52896,75980
1609582297000,23155,53087,76242
1609582597000,23272,53279,76551
1609582897000,23069,53301,76370
1609583196000,23131,53340,76471
1609583497000,23287,53405,76692
1609583797000,23454,53658,77112
1609584097000,23614,53902,77516
1609584397000,23795,54260,78055
1609584697000,23908,54300,78208
1609584997000,24111,54314,78425
1609585297000,24196,54788,78984
1609585597000,24273,55098,79371
1609585897000,24453,55547,80000
1609586197000,24600,55574,80174
1609586497000,24625,55343,79968
1609586797000,24810,55953,80763
1609587097000,24988,56598,81586
1609587397000,25126,56929,82055
1609587697000,25315,57209,82524
1609587997000,25431,57430,82861
1609588296000,25665,57618,83283
1609588597000,25815,58040,83855
1609588897000,25974,58352,84326
1609589196000,26138,58719,84857
1609589496000,26344,59283,85627
1609589797000,26571,59591,86162
1609590097000,26725,60201,86926
1609590397000,26780,60438,87218
1609590697000,26884,61046,87930
1609590997000,27156,61545,88701
1609591297000,27415,61980,89395
1609591597000,27481,61892,89373
1609591897000,27679,62947,90626
1609592197000,28110,63564,91674
1609592497000,28293,64094,92387
1609592797000,28577,64609,93186
1609593097000,28824,65347,94171
1609593397000,29012,65751,94763
1609593697000,29378,65815,95193
1609593997000,29709,66277,95986
1609594297000,29918,66872,96790
1609594597000,30181,67236,97417
1609594897000,30385,68174,98559
1609595197000,30507,68785,99292
1609595497000,30808,69263,100071
1609595797000,31083,69922,101005
1609596096000,31393,70468,101861
1609596397000,31725,71099,102824
1609596697000,32117,71992,104109
1609596997000,32489,72762,105251
1609597296000,32807,73570,106377
1609597597000,32923,74174,107097
1609597897000,33112,74839,107951
1609598197000,33380,75517,108897
1609598497000,33647,76407,110054
1609598797000,33791,77178,110969
1609599097000,34137,77529,111666
1609599397000,34428,78165,112593
1609599697000,34680,78691,113371
1609599997000,34859,79458,114317
1609600297000,35107,80412,115519
1609600597000,35455,81269,116724
1609600897000,35682,82197,117879
1609601197000,35974,82647,118621
1609601497000,36211,83739,119950
1609601797000,36250,84172,120422
1609602097000,36526,85056,121582
1609602397000,36829,85526,122355
1609602697000,37124,86093,123217
1609602997000,37384,86008,123392
1609603296000,37552,86769,124321
1609603597000,37744,87350,125094
1609603897000,38011,88157,126168
1609604197000,38207,88572,126779
1609604497000,38526,89064,127590
1609604797000,38797,89492,128289
1609605096000,39061,89962,129023
1609605397000,39347,90389,129736
1609605697000,39471,90555,130026
1609605996000,39543,90533,130076
1609606297000,39839,90499,130338
1609606597000,40030,90956,130986
1609606897000,40102,91098,131200
1609607196000,40253,91515,131768
1609607497000,40351,92047,132398
1609607797000,40491,92576,133067
1609608097000,40788,92823,133611
1609608397000,41066,92251,133317
1609608697000,41131,92743,133874
1609608997000,41245,93320,134565
1609609297000,41415,93820,135235
1609609597000,41621,94453,136074
1609609897000,41814,94807,136621
1609610220000,42033,94899,136932
1609610497000,42190,94510,136700
1609610797000,42335,94854,137189
1609611097000,42391,95523,137914
1609611397000,42543,96040,138583
1609611697000,42831,96554,139385
1609611997000,43049,96939,139988
1609612296000,43164,97779,140943
1609612596000,43298,98092,141390
1609612897000,43379,98700,142079
1609613197000,43576,99073,142649
1609613496000,43746,99563,143309
1609613797000,43922,99980,143902
1609614097000,44185,100212,144397
1609614396000,44299,100365,144664
1609614697000,44446,100774,145220
1609614997000,44803,101036,145839
1609615297000,44794,101305,146099
1609615597000,44737,101353,146090
1609615897000,45101,101570,146671
1609616197000,45394,101838,147232
1609616497000,45556,102336,147892
1609616797000,45639,102720,148359
1609617097000,45801,102811,148612
1609617397000,47034,103125,150159
1609617697000,47129,103196,150325
1609617997000,47189,103394,150583
1609618297000,47297,103803,151100
1609618597000,47401,103905,151306
1609618897000,47519,104314,151833
1609619197000,47657,104901,152558
1609619497000,47612,105084,152696
1609619796000,47672,105187,152859
1609620097000,47701,105362,153063
1609620397000,47820,105499,153319
1609620697000,47863,105505,153368
1609620997000,47875,105691,153566
1609621296000,47923,105715,153638
1609621597000,47984,105595,153579
1609621896000,47998,105666,153664
1609622197000,48075,105729,153804
1609622497000,48141,105645,153786
1609622797000,48169,105773,153942
1609623097000,48154,106068,154222
1609623397000,48284,106000,154284
1609623697000,48248,105837,154085
1609623997000,48416,105674,154090
1609624297000,48307,105715,154022
1609624597000,48268,106045,154313
1609624896000,48292,105812,154104
1609625197000,48155,105756,153911
1609625497000,47904,105559,153463
1609625797000,47728,105317,153045
1609626097000,47696,105125,152821
1609626397000,47749,105082,152831
1609626701000,47710,104668,152378
1609626997000,47618,104363,151981
1609627297000,47603,104079,151682
1609627597000,47497,103734,151231
1609627896000,47480,103366,150846
1609628197000,47377,103461,150838
1609628497000,47335,102683,150018
1609628797000,47152,102674,149826
1609629097000,46987,102291,149278
1609629400000,46791,102176,148967
1609629697000,46636,101774,148410
1609629997000,46576,101652,148228
1609630297000,46382,101075,147457
1609630597000,46342,100695,147037
1609630897000,46431,100556,146987
1609631197000,46158,100183,146341
1609631497000,45912,100061,145973
1609631797000,45735,99544,145279
1609632097000,45805,99412,145217
1609632397000,45933,98911,144844
1609632697000,45850,98845,144695
1609632996000,45825,98729,144554
1609633297000,45621,98419,144040
1609633597000,45494,98120,143614
1609633897000,45243,97779,143022
1609634196000,45122,97458,142580
1609634496000,44938,97486,142424
1609634797000,44734,97402,142136
1609635097000,44551,97444,141995
1609635396000,44285,97438,141723
1609635696000,44096,97147,141243
1609635996000,43881,96894,140775
1609636297000,43764,96540,140304
1609636597000,43680,96575,140255
1609636897000,43558,96242,139800
1609637197000,43372,96212,139584
1609637497000,43271,96239,139510
1609637797000,43111,96123,139234
1609638097000,43006,96094,139100
1609638397000,42936,96128,139064
1609638696000,42761,96032,138793
1609638997000,42552,95846,138398
1609639297000,42403,95664,138067
1609639597000,42195,95412,137607
1609639897000,42045,95293,137338
1609640197000,41985,95237,137222
1609640497000,41752,95136,136888
1609640797000,41582,94874,136456
1609641096000,41405,94749,136154
1609641396000,41362,94688,136050
1609641697000,41091,94602,135693
1609641997000,40948,94464,135412
1609642297000,40784,94371,135155
1609642597000,40498,94003,134501
1609642897000,40465,94073,134538
1609643196000,40254,93794,134048
1609643497000,40107,93558,133665
1609643797000,39912,93553,133465
1609644097000,39766,92993,132759
1609644397000,39613,92625,132238
1609644697000,39373,92395,131768
1609644996000,39216,91458,130674
1609645297000,39045,91176,130221
1609645597000,38874,91006,129880
1609645897000,38751,90485,129236
1609646197000,38520,90278,128798
1609646497000,38122,89761,127883
1609646796000,37880,89353,127233
1609647097000,37732,88919,126651
1609647397000,37504,88490,125994
1609647697000,37325,88170,125495
1609647997000,37209,87737,124946
1609648297000,36838,87030,123868
1609648597000,36406,86409,122815
1609648897000,36095,86004,122099
1609649197000,35768,85365,121133
1609649497000,35397,84813,120210
1609649797000,35079,84256,119335
1609650097000,34838,83475,118313
1609650397000,34589,82646,117235
1609650696000,34241,81971,116212
1609650997000,33953,81468,115421
1609651297000,33633,80768,114401
1609651597000,33312,80202,113514
1609651897000,33078,79312,112390
1609652197000,32816,78591,111407
1609652497000,32578,78280,110858
1609652797000,32228,77566,109794
1609653097000,31945,76927,108872
1609653396000,31586,76204,107790
1609653697000,31276,75035,106311
1609653997000,30938,74194,105132
1609654297000,30604,73277,103881
1609654597000,30130,72280,102410
1609654897000,29796,71535,101331
1609655197000,29487,70317,99804
1609655496000,29064,69586,98650
1609655797000,28915,68538,97453
1609656097000,28826,67597,96423
1609656397000,28743,66660,95403
1609656697000,28543,65837,94380
1609656996000,28330,64802,93132
1609657297000,27966,63990,91956
1609657596000,26539,63400,89939
1609657897000,25943,63208,89151
1609658197000,25693,62709,88402
1609658497000,26493,61827,88320
1609658797000,25344,60202,85546
1609659096000,25126,59449,84575
1609659397000,24911,59326,84237
1609659697000,24768,59640,84408
1609659997000,24696,59890,84586
1609660297000,24493,59593,84086
1609660597000,24278,59108,83386
1609660897000,24080,58492,82572
1609661197000,24052,58084,82136
1609661497000,23826,57484,81310
1609661797000,23645,57144,80789
1609662097000,23012,56661,79673
1609662397000,22911,55937,78848
1609662697000,22836,55617,78453
1609662997000,22837,55574,78411
1609663296000,22861,55226,78087
1609663596000,22817,55471,78288
1609663897000,22842,54821,77663
1609664197000,22828,54209,77037
1609664497000,22784,54115,76899
1609664797000,22847,54130,76977
1609665097000,22866,54210,77076
1609665397000,22910,53828,76738
1609665697000,22957,54144,77101
1609665997000,23030,53743,76773
1609666297000,23137,53575,76712
1609666596000,23191,53485,76676
1609666897000,23311,53498,76809
1609667197000,23364,53355,76719
1609667496000,23486,53593,77079
1609667797000,23503,53833,77336
1609668096000,23611,53685,77296
1609668397000,23669,53590,77259
1609668697000,23640,53631,77271
1609668997000,23645,53688,77333
1609669296000,23888,53748,77636
1609669597000,24002,53943,77945
1609669897000,24179,54138,78317
1609670196000,24316,54252,78568
1609670497000,24428,54577,79005
1609670797000,24566,54803,79369
1609671097000,24596,55080,79676
1609671397000,24715,55156,79871
1609671697000,24998,55589,80587
1609671997000,25208,55521,80729
1609672296000,25212,55858,81070
1609672597000,25209,55976,81185
1609672897000,25288,56632,81920
1609673196000,25425,56617,82042
1609673497000,25585,57092,82677
1609673797000,25778,57367,83145
1609674097000,26102,57867,83969
1609674397000,26249,58147,84396
1609674696000,26449,58714,85163
1609674997000,26652,59103,85755
1609675297000,26958,59258,86216
1609675596000,27127,59595,86722
1609675897000,27279,59923,87202
1609676197000,27465,60175,87640
1609676497000,27541,60618,88159
1609676797000,27770,61139,88909
1609677097000,27983,61644,89627
1609677397000,28088,62280,90368
1609677697000,28294,63009,91303
1609677997000,28529,63444,91973
1609678297000,28818,64058,92876
1609678597000,28966,64495,93461
1609678897000,29142,64929,94071
1609679197000,29326,65432,94758
1609679497000,29574,65822,95396
1609679796000,29815,66397,96212
1609680096000,30128,67035,97163
1609680397000,30259,67642,97901
1609680697000,30566,68255,98821
1609680997000,30811,69022,99833
1609681297000,30981,69632,100613
1609681596000,31252,70161,101413
1609681897000,31532,71202,102734
1609682197000,31666,71979,103645
1609682497000,31889,72358,104247
1609682797000,32104,73028,105132
1609683097000,32387,73972,106359
1609683397000,32729,74434,107163
1609683697000,32950,75115,108065
1609683997000,33217,75717,108934
1609684297000,33436,76419,109855
1609684597000,33724,77224,110948
1609684896000,34060,78023,112083
1609685197000,34557,78772,113329
1609685496000,34909,79618,114527
1609685797000,35243,80383,115626
1609686097000,35587,81023,116610
1609686396000,35842,81693,117535
1609686696000,36101,82539,118640
1609686996000,36517,83330,119847
1609687297000,36803,84221,121024
1609687597000,37079,85261,122340
1609687897000,37428,86113,123541
1609688197000,37789,87203,124992
1609688497000,38113,87599,125712
1609688797000,38348,88214,126562
1609689097000,38709,88844,127553
1609689397000,38949,89769,128718
1609689697000,39195,89946,129141
1609689997000,39460,90743,130203
1609690297000,39869,91441,131310
1609690597000,40082,92028,132110
1609690897000,40366,92948,133314
1609691197000,40651,93283,133934
1609691497000,40503,93426,133929
1609691797000,40675,93703,134378
1609692097000,40945,93979,134924
1609692397000,41067,94148,135215
1609692697000,41146,94524,135670
1609692997000,41223,95253,136476
1609693297000,41322,95486,136808
1609693597000,41479,95588,137067
1609693897000,41650,96101,137751
1609694197000,41635,96189,137824
1609694496000,41744,97028,138772
1609694797000,41923,97155,139078
1609695097000,42353,97602,139955
1609695397000,42532,98247,140779
1609695697000,42680,98747,141427
1609695997000,42774,98927,141701
1609696297000,42982,99462,142444
1609696597000,43247,99852,143099
1609696897000,43405,100242,143647
1609697196000,43515,100100,143615
1609697497000,43739,101085,144824
1609697797000,43904,101510,145414
1609698096000,44033,102167,146200
1609698397000,44198,102871,147069
1609698697000,44347,103142,147489
1609698997000,44563,103561,148124
1609699297000,45231,104140,149371
1609699597000,45502,104808,150310
1609699897000,45701,105558,151259
1609700197000,46667,106972,153639
1609700497000,46912,107618,154530
1609700797000,47076,108030,155106
1609701097000,48296,108199,156495
1609701397000,48461,107348,155809
1609701697000,48479,107356,155835
1609701997000,48652,107733,156385
1609702297000,48750,108079,156829
1609702597000,48853,108511,157364
1609702897000,48844,108970,157814
1609703197000,48898,108946,157844
1609703497000,49053,109183,158236
1609703797000,49250,109622,158872
1609704097000,49334,109387,158721
1609704397000,49306,109831,159137
1609704697000,49442,110038,159480
1609704997000,49440,110302,159742
1609705297000,49485,110766,160251
1609705596000,49736,110878,160614
1609705897000,49839,110941,160780
1609706196000,49774,110921,160695
1609706497000,49713,110963,160676
1609706797000,49739,111151,160890
1609707097000,49696,111374,161070
1609707397000,49616,111049,160665
1609707697000,49475,111444,160919
1609707997000,49289,111231,160520
1609708297000,49157,111428,160585
1609708596000,49159,111294,160453
1609708896000,49113,110235,159348
1609709196000,49110,111277,160387
1609709496000,49129,110774,159903
1609709796000,49125,110722,159847
1609710097000,49040,110770,159810
1609710397000,48907,110488,159395
1609710697000,48779,112067,160846
1609710996000,48721,109860,158581
1609711297000,48669,109535,158204
1609711597000,48484,109050,157534
1609711897000,48155,108733,156888
1609712197000,47962,108251,156213
1609712497000,47753,108150,155903
1609712797000,47540,108789,156329
1609713097000,47371,107242,154613
1609713397000,47139,106891,154030
1609713697000,46996,106484,153480
1609713997000,46841,105961,152802
1609714297000,46604,106013,152617
1609714597000,46471,105581,152052
1609714897000,46338,105313,151651
1609715197000,45981,103794,149775
1609715497000,45866,102776,148642
1609715797000,45623,102872,148495
1609716097000,45468,102941,148409
1609716397000,45329,102451,147780
1609716697000,45289,102014,147303
1609716997000,45106,101719,146825
1609717297000,44981,101394,146375
1609717597000,44978,101356,146334
1609717897000,44850,100848,145698
1609718197000,44897,100529,145426
1609718497000,44825,100248,145073
1609718797000,45324,98685,144009
1609719096000,45173,98444,143617
1609719397000,44795,98098,142893
1609719697000,44599,97995,142594
1609719997000,44484,97744,142228
1609720297000,44881,97663,142544
1609720597000,44450,97691,142141
1609720897000,44161,97774,141935
1609721197000,44148,97694,141842
1609721496000,44184,97740,141924
1609721797000,44183,97768,141951
1609722097000,44323,97913,142236
1609722397000,43775,97809,141584
1609722697000,43640,97696,141336
1609722997000,43482,97681,141163
1609723298000,43455,97889,141344
1609723597000,43357,97913,141270
1609723897000,43563,98083,141646
1609724197000,42933,98091,141024
1609724496000,42844,98074,140918
1609724797000,42799,98044,140843
1609725097000,42525,98168,140693
1609725397000,42442,98195,140637
1609725697000,42717,97886,140603
1609725997000,41851,97497,139348
1609726297000,41776,97928,139704
1609726597000,41497,97922,139419
1609726897000,41551,97655,139206
1609727197000,41466,97359,138825
1609727497000,41425,97359,138784
1609727797000,40989,97158,138147
1609728097000,40799,97260,138059
1609728397000,40593,96940,137533
1609728697000,40282,96864,137146
1609728997000,40167,96310,136477
1609729297000,40053,95835,135888
1609729597000,39561,95136,134697
1609729897000,39166,94849,134015
1609730197000,38846,94198,133044
1609730496000,38665,93835,132500
1609730797000,38505,93064,131569
1609731097000,38449,92904,131353
1609731397000,38034,92384,130418
1609731697000,37864,91634,129498
1609731997000,37622,91334,128956
1609732297000,37433,90823,128256
1609732597000,37133,89851,126984
1609732897000,37089,89247,126336
1609733197000,36740,88281,125021
1609733497000,36259,87387,123646
1609733796000,35677,86481,122158
1609734097000,35275,85831,121106
1609734397000,34891,85107,119998
1609734697000,34632,84247,118879
1609734997000,34235,83407,117642
1609735297000,33809,82728,116537
1609735597000,33456,81415,114871
1609735897000,33108,81104,114212
1609736197000,32802,80079,112881
1609736497000,32594,79265,111859
1609736797000,32143,78303,110446
1609737097000,31775,77578,109353
1609737397000,31332,76604,107936
1609737697000,31041,76195,107236
1609737996000,30701,75497,106198
1609738297000,30503,74717,105220
1609738597000,29693,73851,103544
1609738897000,29394,73029,102423
1609739197000,29171,72174,101345
1609739497000,28999,71580,100579
1609739797000,28692,70996,99688
1609740097000,28414,70011,98425
1609740397000,27814,68918,96732
1609740697000,27486,67856,95342
1609740997000,27171,67181,94352
1609741297000,27022,66393,93415
1609741597000,26722,65393,92115
1609741897000,26463,64545,91008
1609742197000,26190,63337,89527
1609742497000,26052,63037,89089
1609742797000,25894,62003,87897
1609743097000,25657,61323,86980
1609743397000,25417,60458,85875
1609743697000,25375,59467,84842
1609743997000,23725,59055,82780
1609744297000,23450,59337,82787
1609744597000,23262,59228,82490
1609744897000,23520,58802,82322
1609745197000,23013,56900,79913
1609745497000,23017,56135,79152
1609745797000,22363,56280,78643
1609746096000,22268,56896,79164
1609746397000,22218,57498,79716
1609746697000,22159,57266,79425
1609746997000,21978,56630,78608
1609747297000,22081,55738,77819
1609747597000,21893,55605,77498
1609747896000,21722,55231,76953
1609748197000,21777,55252,77029
1609748496000,21854,54967,76821
1609748797000,21953,54492,76445
1609749097000,22019,54253,76272
1609749402000,22049,54151,76200
1609749697000,22218,53650,75868
1609749997000,22314,53510,75824
1609750297000,22433,53360,75793
1609750597000,22521,53485,76006
1609750897000,22736,53232,75968
1609751197000,22729,52997,75726
1609751497000,22737,52901,75638
1609751797000,22768,52732,75500
1609752097000,21971,52440,74411
1609752397000,22092,52778,74870
1609752697000,22286,52591,74877
1609752997000,22305,52626,74931
1609753297000,22184,52649,74833
1609753597000,22283,52538,74821
1609753897000,22494,52516,75010
1609754197000,22743,52569,75312
1609754497000,22922,52744,75666
1609754797000,22969,52839,75808
1609755097000,23156,52741,75897
1609755396000,23372,53232,76604
1609755697000,23596,53221,76817
1609755997000,23922,53372,77294
1609756297000,24267,53490,77757
1609756597000,23845,53615,77460
1609756897000,23629,53575,77204
1609757197000,23395,54052,77447
1609757497000,22947,53945,76892
1609757798000,22261,54301,76562
1609758096000,19141,54623,73764
1609758397000,6540,54850,61390
1609758697000,12524,55099,67623
1609758997000,15123,55020,70143
1609759297000,16848,55376,72224
1609759597000,17847,55129,72976
1609759897000,18875,55136,74011
1609760196000,19692,55240,74932
1609760497000,20394,55422,75816
1609760797000,21068,55756,76824
1609761097000,21694,56048,77742
1609761397000,22236,56489,78725
1609761697000,22998,56819,79817
1609761996000,23593,57062,80655
1609762296000,23799,57561,81360
1609762597000,24372,58108,82480
1609762897000,24726,58601,83327
1609763196000,25032,59073,84105
1609763497000,25468,59501,84969
1609763797000,25773,60212,85985
1609764096000,26168,60896,87064
1609764397000,26430,61407,87837
1609764697000,26757,61976,88733
1609764997000,27042,62436,89478
1609765297000,27418,62822,90240
1609765596000,27605,63402,91007
1609765897000,27925,64058,91983
1609766197000,27937,64785,92722
1609766497000,28238,65330,93568
1609766797000,28616,65792,94408
1609767097000,29037,66318,95355
1609767397000,29329,67025,96354
1609767697000,29719,68182,97901
1609767996000,30011,69370,99381
1609768297000,30362,70453,100815
1609768596000,29553,71038,100591
1609768897000,29977,70171,100148
1609769197000,30181,70584,100765
1609769497000,30380,71441,101821
1609769797000,30658,72344,103002
1609770097000,30954,73224,104178
1609770397000,31180,74575,105755
1609770697000,31551,75316,106867
1609770996000,31811,75877,107688
1609771298000,31917,76597,108514
1609771597000,32138,77324,109462
1609771897000,32518,78025,110543
1609772196000,32804,78810,111614
1609772497000,33203,79333,112536
1609772797000,33351,79920,113271
1609773097000,33511,80798,114309
1609773396000,33723,81638,115361
1609773697000,34065,82368,116433
1609773997000,34482,82710,117192
1609774296000,34679,83171,117850
1609774596000,34877,83404,118281
1609774897000,35136,84399,119535
1609775197000,35262,85074,120336
1609775497000,35531,85532,121063
1609775797000,35916,85992,121908
1609776097000,36372,86440,122812
1609776397000,36450,87087,123537
1609776697000,36699,87822,124521
1609776997000,37066,88385,125451
1609777297000,37314,87855,125169
1609777597000,37624,88010,125634
1609777897000,38096,88484,126580
1609778197000,38287,88733,127020
1609778497000,38712,88945,127657
1609778797000,38953,89183,128136
1609779097000,39339,89471,128810
1609779397000,39583,89746,129329
1609779697000,40115,89762,129877
1609779997000,40129,89826,129955
1609780297000,40380,90044,130424
1609780597000,40692,90477,131169
1609780897000,40932,90804,131736
1609781196000,41229,91567,132796
1609781496000,40051,91652,131703
1609781797000,40108,91865,131973
1609782096000,40266,92376,132642
1609782397000,40471,92821,133292
1609782697000,40803,93188,133991
1609782996000,41116,93669,134785
1609783297000,42115,93865,135980
1609783597000,42471,94149,136620
1609783897000,42903,94515,137418
1609784197000,43156,95321,138477
1609784497000,44422,95733,140155
1609784797000,44659,96278,140937
1609785096000,45026,96624,141650
1609785397000,46141,97018,143159
1609785697000,46558,97541,144099
1609785996000,46759,98178,144937
1609786296000,47000,98225,145225
1609786597000,47187,98474,145661
1609786897000,47540,99040,146580
1609787197000,47594,99190,146784
1609787496000,47696,99532,147228
1609787797000,47888,100154,148042
1609788097000,48049,100573,148622
1609788396000,48277,101006,149283
1609788697000,48444,101397,149841
1609788997000,48459,101778,150237
1609789297000,46146,102225,148371
1609789597000,46145,102361,148506
1609789897000,46194,102508,148702
1609790197000,46296,102519,148815
1609790496000,46294,102434,148728
1609790797000,46125,102175,148300
1609791097000,45960,102397,148357
1609791397000,46078,102627,148705
1609791697000,46213,102997,149210
1609791997000,46185,103184,149369
1609792297000,46220,103424,149644
1609792596000,46096,103415,149511
1609792897000,46029,103770,149799
1609793197000,46035,103944,149979
1609793497000,46020,103903,149923
1609793797000,46088,104146,150234
1609794097000,46116,103899,150015
1609794397000,46007,103988,149995
1609794697000,45868,103834,149702
1609794997000,45910,104005,149915
1609795297000,45901,103877,149778
1609795597000,46035,103593,149628
1609795897000,46037,103124,149161
1609796197000,45915,102863,148778
1609796497000,45854,102954,148808
1609796796000,45850,102834,148684
1609797097000,45775,102611,148386
1609797397000,45672,102206,147878
1609797696000,45554,101547,147101
1609797997000,45325,100683,146008
1609798300000,45206,100389,145595
1609798597000,45225,100049,145274
1609798897000,44992,99884,144876
1609799197000,44994,99445,144439
1609799497000,44979,99547,144526
1609799797000,44855,99270,144125
1609800097000,44661,98952,143613
1609800397000,44463,98536,142999
1609800697000,44494,98376,142870
1609800997000,44437,98136,142573
1609801297000,44403,97268,141671
1609801596000,44030,96464,140494
1609801897000,43952,96200,140152
1609802196000,43850,95937,139787
1609802498000,43807,95824,139631
1609802797000,43757,95583,139340
1609803097000,43840,95190,139030
1609803397000,43533,95207,138740
1609803697000,43407,95157,138564
1609803997000,43369,95063,138432
1609804297000,43437,95066,138503
1609804598000,43459,94739,138198
1609804897000,43780,94614,138394
1609805197000,44004,94262,138266
1609805497000,43975,94525,138500
1609805797000,43935,95039,138974
1609806096000,43897,95408,139305
1609806397000,43849,95403,139252
1609806697000,43752,95253,139005
1609806997000,43604,95445,139049
1609807297000,43619,94064,137683
1609807597000,43448,94608,138056
1609807897000,43352,94742,138094
1609808197000,43183,94821,138004
1609808497000,43075,95007,138082
1609808797000,42838,95290,138128
1609809096000,42714,95615,138329
1609809397000,42695,95698,138393
1609809731000,42518,95931,138449
1609809997000,42407,96109,138516
1609810296000,42407,96126,138533
1609810597000,42201,95675,137876
1609810897000,42171,96502,138673
1609811197000,42014,96862,138876
1609811497000,41951,96919,138870
1609811797000,41823,96759,138582
1609812096000,41593,96931,138524
1609812397000,41276,97010,138286
1609812697000,41193,96884,138077
1609812997000,41096,96744,137840
1609813297000,40968,96783,137751
1609813597000,40802,96730,137532
1609813897000,40740,96660,137400
1609814227000,40557,96552,137109
1609814497000,40308,96388,136696
1609814797000,40073,96454,136527
1609815097000,39834,95881,135715
1609815397000,39539,94481,134020
1609815696000,39260,94687,133947
1609815997000,38929,94475,133404
1609816297000,38752,94083,132835
1609816597000,38477,93507,131984
1609816897000,38209,93130,131339
1609817197000,37946,92689,130635
1609817497000,37705,91930,129635
1609817797000,37315,91688,129003
1609818097000,36986,91006,127992
1609818397000,36764,90629,127393
1609818697000,36547,89794,126341
1609818997000,36189,89277,125466
1609819297000,35836,88524,124360
1609819597000,35404,87755,123159
1609819896000,35066,86956,122022
1609820196000,34666,86096,120762
1609820497000,34320,84922,119242
1609820797000,33995,84728,118723
1609821097000,33634,83947,117581
1609821397000,33348,83333,116681
1609821697000,33006,81028,114034
1609821997000,32635,80733,113368
1609822297000,32425,80229,112654
1609822597000,32018,79506,111524
1609822896000,31402,78663,110065
1609823197000,30927,77882,108809
1609823497000,30512,77086,107598
1609823797000,29988,74642,104630
1609824096000,29662,74398,104060
1609824397000,29357,73815,103172
1609824697000,29121,73087,102208
1609824998000,28872,72036,100908
1609825296000,28520,70770,99290
1609825597000,28180,70909,99089
1609825897000,27933,70421,98354
1609826197000,27673,69445,97118
1609826497000,27381,68874,96255
1609826797000,26998,67886,94884
1609827099000,26802,67027,93829
1609827397000,26731,66119,92850
1609827696000,26644,65381,92025
1609827997000,26517,64546,91063
1609828297000,26422,63471,89893
1609828597000,26316,62492,88808
1609828897000,26014,61661,87675
1609829196000,25681,60947,86628
1609829496000,25487,60356,85843
1609829797000,25357,59690,85047
1609830097000,25137,57890,83027
1609830397000,24896,58178,83074
1609830696000,23516,59324,82840
1609830997000,23194,58802,81996
1609831297000,22592,57070,79662
1609831597000,23064,56484,79548
1609831897000,22574,56695,79269
1609832197000,22567,57597,80164
1609832497000,22558,57649,80207
1609832797000,22432,57337,79769
1609833097000,22310,57054,79364
1609833397000,22208,56605,78813
1609833697000,22177,56236,78413
1609833997000,22037,55950,77987
1609834297000,21854,55714,77568
1609834597000,21799,55642,77441
1609834897000,21840,54311,76151
1609835197000,21754,55115,76869
1609835496000,21752,55198,76950
1609835797000,21786,54902,76688
1609836097000,21797,54662,76459
1609836397000,21740,54358,76098
1609836697000,21840,54350,76190
1609836997000,21867,54282,76149
1609837297000,21854,54043,75897
1609837597000,21867,54052,75919
1609837897000,21842,54306,76148
1609838197000,21917,54241,76158
1609838498000,21973,54353,76326
1609838797000,22034,54517,76551
1609839097000,21992,54534,76526
1609839397000,22054,54261,76315
1609839698000,22060,53899,75959
1609839997000,22089,53830,75919
1609840296000,22013,53669,75682
1609840597000,22076,53617,75693
1609840897000,22179,53517,75696
1609841197000,22253,53491,75744
1609841497000,22272,53277,75549
1609841797000,22528,53470,75998
1609842097000,22755,53651,76406
1609842397000,22871,53843,76714
1609842697000,22904,53646,76550
1609842997000,22955,53677,76632
1609843296000,23131,53660,76791
1609843597000,22945,53865,76810
1609843897000,23023,53882,76905
1609844197000,23079,53740,76819
1609844496000,23001,53944,76945
1609844797000,23029,54134,77163
1609845097000,23161,54301,77462
1609845397000,23232,54672,77904
1609845697000,23350,55154,78504
1609845997000,23426,55510,78936
1609846297000,23627,55783,79410
1609846596000,23762,55725,79487
1609846896000,23928,56271,80199
1609847197000,24146,56714,80860
1609847497000,24275,57314,81589
1609847796000,24438,57553,81991
1609848096000,24553,57642,82195
1609848397000,24779,58200,82979
1609848697000,24998,58530,83528
1609848997000,25295,59006,84301
1609849297000,25626,59577,85203
1609849597000,25916,60160,86076
1609849897000,26218,60429,86647
1609850197000,26466,60964,87430
1609850497000,26726,61628,88354
1609850797000,27040,62113,89153
1609851097000,27362,62845,90207
1609851397000,26783,63087,89870
1609851697000,26962,63405,90367
1609851997000,27097,63782,90879
1609852297000,27313,64526,91839
1609852597000,27474,65350,92824
1609852897000,27693,66293,93986
1609853197000,27921,67044,94965
1609853497000,28231,67828,96059
1609853797000,28341,68569,96910
1609854097000,28555,69191,97746
1609854397000,28771,69913,98684
1609854696000,28987,70532,99519
1609854997000,29267,70989,100256
1609855297000,29553,71656,101209
1609855597000,29822,72784,102606
1609855897000,30143,73640,103783
1609856197000,30255,74239,104494
1609856497000,30625,75085,105710
1609856797000,30985,75794,106779
1609857096000,31243,76411,107654
1609857397000,31604,77088,108692
1609857696000,31874,77944,109818
1609857997000,32118,78703,110821
1609858297000,32383,79239,111622
1609858597000,32541,80012,112553
1609858897000,32738,80461,113199
1609859197000,32937,81139,114076
1609859497000,33204,81752,114956
1609859797000,33402,82255,115657
1609860097000,33630,82892,116522
1609860396000,33848,83353,117201
1609860697000,34109,83643,117752
1609860997000,34355,84458,118813
1609861297000,34544,85298,119842
1609861597000,34693,86325,121018
1609861897000,34884,86502,121386
1609862197000,35086,86744,121830
1609862496000,35326,86947,122273
1609862797000,35534,86998,122532
1609863097000,35661,87742,123403
1609863396000,35811,88206,124017
1609863725000,36039,88809,124848
1609863996000,36251,88918,125169
1609864297000,36560,89142,125702
1609864597000,36969,89387,126356
1609864897000,37239,89247,126486
1609865197000,37625,89337,126962
1609865497000,37936,89815,127751
1609865797000,38121,89901,128022
1609866097000,38398,89813,128211
1609866397000,38789,89688,128477
1609866697000,39251,89983,129234
1609866997000,39552,90214,129766
1609867297000,39987,90684,130671
1609867597000,40357,91034,131391
1609867897000,39060,91265,130325
1609868197000,39341,91848,131189
1609868497000,39566,92213,131779
1609868797000,39871,92559,132430
1609869097000,39986,92946,132932
1609869397000,40185,93185,133370
1609869697000,40463,93236,133699
1609869997000,40565,93723,134288
1609870297000,40933,94775,135708
1609870597000,40929,95263,136192
1609870897000,41181,96037,137218
1609871197000,42337,96689,139026
1609871497000,42877,97210,140087
1609871797000,43212,97369,140581
1609872097000,44615,97940,142555
1609872397000,44883,98535,143418
1609872697000,45108,98925,144033
1609872997000,45452,99428,144880
1609873297000,45616,100176,145792
1609873597000,45825,100701,146526
1609873897000,46056,101194,147250
1609874197000,46285,101466,147751
1609874497000,46552,101946,148498
1609874527000,46589,101991,148580
1609874865000,46753,102258,149011
1609874893000,46772,102279,149051
1609874931000,46828,102372,149200
1609874951000,46873,102339,149212
1609875037000,46900,102419,149319
1609875175000,46977,102721,149698
1609875397000,47051,103131,150182
1609875697000,47244,103370,150614
1609875999000,47350,103759,151109
1609876297000,47530,104113,151643
1609876597000,47717,104072,151789
1609876897000,47899,104790,152689
1609877198000,45768,104547,150315
1609877497000,45885,104994,150879
1609877797000,45848,105196,151044
1609878097000,45928,104999,150927
1609878397000,45979,104972,150951
1609878697000,45959,104904,150863
1609878997000,46024,104952,150976
1609879297000,46046,105058,151104
1609879597000,46080,105196,151276
1609879897000,46147,105387,151534
1609880198000,46009,105332,151341
1609880496000,45953,104823,150776
1609880797000,45935,104693,150628
1609881097000,45853,104411,150264
1609881397000,45712,104417,150129
1609881697000,45775,104299,150074
1609881997000,45626,104043,149669
1609882297000,45608,103702,149310
1609882596000,45447,103189,148636
1609882897000,45415,103262,148677
1609883197000,45355,103181,148536
1609883497000,45274,102618,147892
1609883797000,45199,102512,147711
1609884097000,45043,101956,146999
1609884398000,44935,101559,146494
1609884697000,44725,101355,146080
1609884997000,44531,101102,145633
1609885297000,44420,100546,144966
1609885597000,44303,100163,144466
1609885897000,44265,99720,143985
1609886197000,44083,99508,143591
1609886497000,44066,98958,143024
1609886797000,44057,98282,142339
1609887096000,43961,98100,142061
1609887397000,43950,97735,141685
1609887697000,43870,97225,141095
1609887997000,43732,96568,140300
1609888297000,43431,96561,139992
1609888597000,43430,96379,139809
1609888897000,43356,96087,139443
1609889197000,43449,95636,139085
1609889497000,43357,95340,138697
1609889797000,43312,95392,138704
1609890097000,43219,95143,138362
1609890397000,43152,95149,138301
1609890696000,43210,94953,138163
1609890997000,43149,94416,137565
1609891297000,43361,94196,137557
1609891597000,43805,94345,138150
1609891897000,43779,94394,138173
1609892197000,43759,94254,138013
1609892497000,43669,94095,137764
1609892797000,43570,94432,138002
1609893097000,43475,94478,137953
1609893397000,43401,94516,137917
1609893697000,43242,95068,138310
1609893997000,43218,95062,138280
1609894297000,43078,95446,138524
1609894597000,42925,95326,138251
1609894897000,42810,95330,138140
1609895197000,42733,95210,137943
1609895497000,42629,95252,137881
1609895797000,42519,95335,137854
1609896097000,42399,95456,137855
1609896397000,42280,95510,137790
1609896697000,42197,96816,139013
1609896997000,42206,97336,139542
1609897297000,42133,97634,139767
1609897597000,42103,97338,139441
1609897896000,41970,97552,139522
1609898199000,41866,97575,139441
1609898497000,41729,97174,138903
1609898797000,41611,97082,138693
1609899097000,41383,97551,138934
1609899397000,41210,97737,138947
1609899697000,41073,97466,138539
1609899997000,40900,97142,138042
1609900297000,40707,96990,137697
1609900597000,40549,96878,137427
1609900897000,40438,96656,137094
1609901197000,40308,98146,138454
1609901497000,40191,95806,135997
1609901797000,40036,95907,135943
1609902097000,39759,95716,135475
1609902397000,39516,95284,134800
1609902697000,39260,94837,134097
1609902997000,38943,94328,133271
1609903297000,38716,94154,132870
1609903597000,38479,93509,131988
1609903897000,38085,92927,131012
1609904197000,37661,92359,130020
1609904497000,37515,91969,129484
1609904797000,37181,91339,128520
1609905097000,36843,90614,127457
1609905397000,36504,89937,126441
1609905697000,36062,89090,125152
1609905997000,35701,88877,124578
1609906308000,35351,87428,122779
1609906597000,35077,87273,122350
1609906899000,34898,86290,121188
1609907197000,34592,85111,119703
1609907497000,34209,84488,118697
1609907797000,33837,83589,117426
1609908097000,33537,82658,116195
1609908397000,33090,81869,114959
1609908697000,32693,81358,114051
1609908996000,32452,80271,112723
1609909297000,32079,79424,111503
1609909597000,31590,78443,110033
1609909897000,30993,77630,108623
1609910198000,30648,76551,107199
1609910497000,30291,75771,106062
1609910797000,30016,74969,104985
1609911097000,29639,74058,103697
1609911397000,29242,73489,102731
1609911699000,28918,72904,101822
1609911996000,28620,72381,101001
1609912297000,28441,71679,100120
1609912597000,28063,70865,98928
1609912897000,27631,69681,97312
1609913197000,27267,68328,95595
1609913497000,26981,67526,94507
1609913797000,26713,66682,93395
1609914097000,26493,65938,92431
1609914397000,26259,65133,91392
1609914697000,25952,64207,90159
1609914996000,25767,63332,89099
1609915297000,25495,62459,87954
1609915607000,25257,61752,87009
1609915897000,25009,60895,85904
1609916196000,24809,60112,84921
1609916497000,24747,59221,83968
1609916797000,24606,58536,83142
1609917097000,23268,59294,82562
1609917397000,22548,59100,81648
1609917697000,22519,56851,79370
1609917999000,22407,56101,78508
1609918297000,22327,56500,78827
1609918597000,22293,57429,79722
1609918898000,22265,57347,79612
1609919197000,22268,56990,79258
1609919497000,22288,56530,78818
1609919799000,22187,56016,78203
1609920097000,22100,55868,77968
1609920397000,21968,55320,77288
1609920697000,21908,54892,76800
1609920997000,21909,54754,76663
1609921297000,21984,54291,76275
1609921597000,22011,54157,76168
1609921897000,22128,53929,76057
1609922197000,22112,53823,75935
1609922497000,22090,53966,76056
1609922797000,22013,53758,75771
1609923097000,22003,53065,75068
1609923397000,21984,53604,75588
1609923702000,21981,53273,75254
1609923998000,21951,53450,75401
1609924296000,21992,53495,75487
1609924597000,22130,53722,75852
1609924896000,22115,53881,75996
1609925197000,22144,54177,76321
1609925498000,22217,53632,75849
1609925797000,22332,54149,76481
1609926097000,22418,54200,76618
1609926397000,22528,54404,76932
1609926696000,22655,54539,77194
1609926997000,22859,54637,77496
1609927297000,23027,54882,77909
1609927597000,23100,53628,76728
1609927897000,23242,53943,77185
1609928197000,23378,54117,77495
1609928510000,23500,53849,77349
1609928796000,23637,54464,78101
1609929097000,23764,54656,78420
1609929397000,24040,54817,78857
1609929697000,24180,55245,79425
1609929997000,24327,54888,79215
1609930296000,24405,55469,79874
1609930597000,23704,56366,80070
1609930897000,23743,56286,80029
1609931197000,23868,56399,80267
1609931496000,23981,56387,80368
1609931797000,24077,56664,80741
1609932097000,24125,56446,80571
1609932397000,24291,56471,80762
1609932697000,24453,56772,81225
1609932997000,24558,56885,81443
1609933297000,24720,57270,81990
1609933597000,24862,56756,81618
1609933897000,25108,55920,81028
1609934197000,25293,55389,80682
1609934497000,25609,54671,80280
1609934797000,25785,53252,79037
1609935096000,26041,50383,76424
1609935397000,26387,9345,35732
1609935697000,26656,26192,52848
1609935997000,26852,33989,60841
1609936297000,27069,38799,65868
1609936603000,27361,42832,70193
1609936897000,27604,45886,73490
1609937197000,27902,48444,76346
1609937497000,28167,50686,78853
1609937797000,28476,53994,82470
1609938107000,28664,56431,85095
1609938397000,27910,57886,85796
1609938697000,28193,59325,87518
1609938997000,28399,60820,89219
1609939297000,28549,62197,90746
1609939597000,28601,63143,91744
1609939897000,28888,63169,92057
1609940197000,29139,64795,93934
1609940497000,29514,65935,95449
1609940797000,29872,66963,96835
1609941097000,30228,68165,98393
1609941397000,30501,68863,99364
1609941697000,30835,69621,100456
1609941997000,31197,70419,101616
1609942302000,31524,71516,103040
1609942597000,31930,72368,104298
1609942897000,31274,73213,104487
1609943197000,31592,74042,105634
1609943497000,31747,74927,106674
1609943798000,31923,75800,107723
1609944097000,32315,76544,108859
1609944397000,32610,76979,109589
1609944697000,32824,77666,110490
1609944997000,33189,78496,111685
1609945297000,33589,78903,112492
1609945597000,34005,79914,113919
1609945902000,34374,80801,115175
1609946197000,34753,81597,116350
1609946497000,35200,82163,117363
1609946797000,35506,82684,118190
1609947097000,35744,83044,118788
1609947397000,36122,83409,119531
1609947696000,35285,84128,119413
1609947997000,35511,84792,120303
1609948297000,35863,85280,121143
1609948597000,35991,85809,121800
1609948897000,36182,86264,122446
1609949197000,36409,87044,123453
1609949497000,36583,87675,124258
1609949797000,36754,88170,124924
1609950097000,37040,88528,125568
1609950397000,37254,89068,126322
1609950698000,37441,89375,126816
1609950996000,37652,89434,127086
1609951297000,37782,89472,127254
1609951597000,38015,89707,127722
1609951897000,38238,89883,128121
1609952197000,38480,89765,128245
1609952496000,38539,89719,128258
1609952797000,38605,89963,128568
1609953096000,38666,89815,128481
1609953397000,38892,90252,129144
1609953697000,39169,90565,129734
1609953997000,39355,91182,130537
1609954317000,39628,91555,131183
1609954597000,39813,92047,131860
1609954914000,39896,92581,132477
1609955197000,40042,93453,133495
1609955497000,40241,94065,134306
1609955797000,40263,94272,134535
1609956097000,40458,94982,135440
1609956397000,40898,95302,136200
1609956697000,41297,96113,137410
1609956997000,41293,96738,138031
1609957297000,42145,97279,139424
1609957597000,42433,97985,140418
1609957897000,42474,98732,141206
1609958197000,43170,99310,142480
1609958497000,43882,99827,143709
1609959097000,44277,100567,144844
1609959397000,44418,100824,145242
1609959697000,44616,101177,145793
1609959997000,44716,101623,146339
1609960297000,44942,101876,146818
1609960597000,44943,102180,147123
1609960897000,45162,102489,147651
1609961197000,45222,102757,147979
1609961497000,45282,102999,148281
1609961797000,45347,103222,148569
1609962097000,45496,103387,148883
1609962397000,45586,103605,149191
1609962697000,45723,103732,149455
1609963012000,45847,103888,149735
1609963297000,45800,103874,149674
1609963597000,45774,103749,149523
1609963897000,45821,103627,149448
1609964197000,45879,103837,149716
1609964497000,45752,104041,149793
1609964797000,45884,104172,150056
1609965097000,45820,104321,150141
1609965397000,45798,104427,150225
1609965697000,45756,104208,149964
1609966012000,45719,104217,149936
1609966297000,45735,104013,149748
1609966597000,45619,103884,149503
1609966897000,45544,103653,149197
1609967197000,45409,103457,148866
1609967497000,45354,103779,149133
1609967797000,45220,103702,148922
1609968097000,45284,103388,148672
1609968397000,45210,103168,148378
1609968713000,44992,103028,148020
1609968997000,44930,102580,147510
1609969297000,44860,102592,147452
1609969597000,44789,102495,147284
1609969897000,44804,102268,147072
1609970197000,44707,101987,146694
1609970497000,44532,101621,146153
1609970796000,44423,101168,145591
1609971108000,44128,100763,144891
1609971397000,44142,100588,144730
1609971697000,44035,100304,144339
1609971997000,44015,100174,144189
1609972297000,43857,99834,143691
1609972597000,43826,99247,143073
1609972897000,43771,99065,142836
1609973197000,43723,98856,142579
1609973497000,43644,98333,141977
1609973797000,43519,97906,141425
1609974097000,43455,97248,140703
1609974397000,43277,96578,139855
1609974719000,43008,95962,138970
1609974997000,42970,95749,138719
1609975297000,42865,95329,138194
1609975597000,42899,95207,138106
1609975897000,42827,95001,137828
1609976197000,42723,94890,137613
1609976497000,42773,94869,137642
1609976797000,42747,94823,137570
1609977097000,42753,94629,137382
1609977397000,42835,94705,137540
1609977697000,43095,94366,137461
1609977997000,43381,94028,137409
1609978297000,43346,94047,137393
1609978597000,43367,93802,137169
1609978897000,43259,93851,137110
1609979197000,43150,93977,137127
1609979497000,42955,94247,137202
1609979797000,42795,94402,137197
1609980097000,42805,94373,137178
1609980397000,42616,94402,137018
1609980697000,42408,94246,136654
1609980996000,42358,94052,136410
1609981297000,42210,93977,136187
1609981597000,42120,94017,136137
1609981897000,42086,94275,136361
1609982197000,42016,94334,136350
1609982497000,41870,94663,136533
1609982797000,41765,94895,136660
1609983097000,41640,94883,136523
1609983396000,41570,94981,136551
1609983697000,41434,94872,136306
1609983997000,41381,94742,136123
1609984297000,41283,94426,135709
1609984597000,41090,93727,134817
1609984897000,40948,94188,135136
1609985197000,40831,94462,135293
1609985497000,40700,94700,135400
1609985796000,40617,94571,135188
1609986097000,40459,94844,135303
1609986397000,40303,94732,135035
1609986698000,40044,94675,134719
1609986997000,39959,94828,134787
1609987297000,39863,94627,134490
1609987597000,39713,94346,134059
1609987897000,39455,93991,133446
1609988197000,39119,93789,132908
1609988497000,38975,93113,132088
1609988798000,38794,92701,131495
1609989097000,38531,92378,130909
1609989397000,38325,91817,130142
1609989697000,38087,91531,129618
1609989997000,37809,91084,128893
1609990297000,37604,90506,128110
1609990597000,37374,90106,127480
1609990897000,37001,89500,126501
1609991197000,36726,88971,125697
1609991497000,36475,88565,125040
1609991797000,36168,87934,124102
1609992097000,35856,87144,123000
1609992397000,35556,86277,121833
1609992696000,35173,85685,120858
1609992997000,34914,85067,119981
1609993297000,34650,83866,118516
1609993597000,34366,83115,117481
1609993897000,34035,82253,116288
1609994197000,33708,81534,115242
1609994496000,33425,80845,114270
1609994797000,33195,80287,113482
1609995097000,32909,79510,112419
1609995397000,32551,78844,111395
1609995697000,31842,77624,109466
1609995997000,31297,76668,107965
1609996297000,30840,75763,106603
1609996597000,30375,75726,106101
1609996897000,29967,74960,104927
1609997197000,29642,74121,103763
1609997497000,29342,72859,102201
1609997797000,29029,72222,101251
1609998097000,28693,71434,100127
1609998397000,28261,70793,99054
1609998697000,27919,69957,97876
1609998997000,27650,69406,97056
1609999297000,27192,68923,96115
1609999597000,26791,67407,94198
1609999897000,26635,66618,93253
1610000197000,26447,65505,91952
1610000496000,26246,64647,90893
1610000797000,26031,63794,89825
1610001097000,25792,62885,88677
1610001397000,25537,62213,87750
1610001696000,25323,61491,86814
1610001997000,25223,60860,86083
1610002297000,25052,60018,85070
1610002597000,24865,59465,84330
1610002896000,24707,59419,84126
1610003197000,24513,58142,82655
1610003497000,24336,57490,81826
1610003797000,24204,57008,81212
1610004097000,22933,56530,79463
1610004397000,22577,56272,78849
1610004697000,22417,55763,78180
1610004997000,22493,55425,77918
1610005297000,22268,55285,77553
1610005597000,22947,55043,77990
1610005897000,22030,54829,76859
1610006197000,21950,54501,76451
1610006497000,21931,53844,75775
1610006797000,21749,53587,75336
1610007097000,21716,53167,74883
1610007397000,21621,53021,74642
1610007697000,21217,52757,73974
1610007997000,21320,52665,73985
1610008297000,21301,52462,73763
1610008597000,21310,52301,73611
1610008896000,21420,51752,73172
1610009197000,21418,51490,72908
1610009497000,21361,51423,72784
1610009797000,21438,51426,72864
1610010096000,21241,51311,72552
1610010397000,21358,51364,72722
1610010697000,21599,51458,73057
1610010997000,21634,51578,73212
1610011297000,21658,51716,73374
1610011597000,21753,51754,73507
1610011897000,21755,51973,73728
1610012197000,21884,51759,73643
1610012497000,22008,51815,73823
1610012797000,22041,51713,73754
1610013097000,22081,51643,73724
1610013397000,22148,51830,73978
1610013697000,22194,51824,74018
1610013996000,22246,51788,74034
1610014297000,22329,51739,74068
1610014598000,22473,52055,74528
1610014897000,22589,52124,74713
1610015197000,22648,51983,74631
1610015497000,22803,51855,74658
1610015797000,22954,52219,75173
1610016097000,23008,52464,75472
1610016397000,23097,52612,75709
1610016696000,23209,52929,76138
1610016997000,23226,53220,76446
1610017297000,23326,53325,76651
1610017597000,23409,53608,77017
1610017897000,23481,53984,77465
1610018196000,23702,54134,77836
1610018497000,23746,54417,78163
1610018801000,23911,54533,78444
1610019096000,23974,54880,78854
1610019397000,24026,55137,79163
1610019698000,23626,56660,80286
1610019997000,23768,56935,80703
1610020297000,23984,57113,81097
1610020597000,24239,56495,80734
1610020897000,24342,56757,81099
1610021197000,24483,56953,81436
1610021497000,24707,57460,82167
1610021797000,24934,57774,82708
1610022109000,25166,58316,83482
1610022397000,25305,58934,84239
1610022697000,25429,59257,84686
1610022997000,25720,59720,85440
1610023297000,25915,60193,86108
1610023597000,26069,60807,86876
1610023897000,26370,61363,87733
1610024197000,26528,62142,88670
1610024497000,26733,62673,89406
1610024797000,26966,63375,90341
1610025097000,27171,63990,91161
1610025397000,27424,64286,91710
1610025697000,27735,64717,92452
1610025997000,28116,65428,93544
1610026297000,28350,66078,94428
1610026597000,28641,66682,95323
1610026897000,28970,67356,96326
1610027197000,29190,67824,97014
1610027497000,29381,69001,98382
1610027799000,29675,69464,99139
1610028097000,29864,70038,99902
1610028397000,30146,70877,101023
1610028697000,30317,71669,101986
1610028997000,30570,72272,102842
1610029297000,30804,72933,103737
1610029609000,31175,73736,104911
1610029900000,31522,73739,105261
1610030198000,31665,74691,106356
1610030498000,32003,75121,107124
1610030797000,32243,75643,107886
1610031097000,32463,76577,109040
1610031397000,32753,77395,110148
1610031697000,32951,78171,111122
1610032017000,33222,78960,112182
1610032297000,33501,79626,113127
1610032597000,33725,80840,114565
1610032900000,34085,81608,115693
1610033197000,34315,82378,116693
1610033497000,34565,82636,117201
1610033797000,34939,83244,118183
1610034097000,35332,83904,119236
1610034397000,35665,84481,120146
1610034697000,35984,84828,120812
1610034997000,36383,85138,121521
1610035297000,36611,85377,121988
1610035597000,36820,85882,122702
1610035897000,37070,86493,123563
1610036197000,37358,86611,123969
1610036497000,37618,87086,124704
1610036798000,37795,87470,125265
1610037097000,38131,87613,125744
1610037396000,38341,87855,126196
1610037697000,37098,88248,125346
1610037997000,37188,88676,125864
1610038297000,37326,88930,126256
1610038597000,37519,89120,126639
1610038897000,37563,88880,126443
1610039197000,37632,89184,126816
1610039497000,37841,89278,127119
1610039797000,38010,89756,127766
1610040097000,37991,90289,128280
1610040400000,38395,90672,129067
1610040697000,38539,90855,129394
1610040997000,38738,91176,129914
1610041297000,38911,91730,130641
1610041596000,39144,92036,131180
1610041897000,39410,92601,132011
1610042197000,39551,93377,132928
1610042497000,39645,94865,134510
1610042797000,39930,95293,135223
1610043097000,40094,95508,135602
1610043397000,41600,95998,137598
1610043697000,40634,96380,137014
1610044000000,40821,96627,137448
1610044297000,40917,97321,138238
1610044597000,42013,97864,139877
1610044897000,42298,98300,140598
1610045196000,43644,99025,142669
1610045497000,44221,99235,143456
1610045797000,44525,99506,144031
1610046097000,44774,100038,144812
1610046411000,45010,100386,145396
1610046697000,45381,100881,146262
1610046997000,45672,101122,146794
1610047304000,46019,101515,147534
1610047597000,46256,102052,148308
1610047897000,46495,102245,148740
1610048197000,46599,102760,149359
1610048497000,46849,103451,150300
1610048797000,47066,103678,150744
1610049097000,45577,104061,149638
1610049397000,45435,103930,149365
1610049697000,45527,104254,149781
1610049997000,45471,104386,149857
1610050297000,45403,104448,149851
1610050597000,45523,104779,150302
1610050897000,45659,104523,150182
1610051197000,45731,104551,150282
1610051497000,45630,104301,149931
1610051797000,45674,104338,150012
1610052096000,45707,104057,149764
1610052397000,45727,103982,149709
1610052697000,45795,103962,149757
1610052997000,45752,104064,149816
1610053297000,45692,103645,149337
1610053597000,45650,103253,148903
1610053897000,45611,103808,149419
1610054197000,45615,102895,148510
1610054497000,45451,102856,148307
1610054797000,45467,103433,148900
1610055096000,45374,103236,148610
1610055397000,45436,102307,147743
1610055697000,45337,102151,147488
1610055997000,45225,102618,147843
1610056297000,45023,102338,147361
1610056597000,44804,102326,147130
1610056897000,44531,101821,146352
1610057196000,44478,101643,146121
1610057497000,44202,100875,145077
1610057797000,44200,99937,144137
1610058097000,44088,99542,143630
1610058397000,44086,100176,144262
1610058697000,43957,100148,144105
1610058996000,43980,99697,143677
1610059297000,43989,99044,143033
1610059596000,43852,98838,142690
1610059897000,43741,97500,141241
1610060196000,43560,98055,141615
1610060497000,43398,97552,140950
1610060797000,43178,97093,140271
1610061097000,43064,95808,138872
1610061397000,43063,95554,138617
1610061697000,43094,95099,138193
1610061997000,43020,95839,138859
1610062297000,42840,95530,138370
1610062597000,42800,95006,137806
1610062897000,42773,95229,138002
1610063196000,42653,94795,137448
1610063497000,42703,94596,137299
1610063796000,42713,94461,137174
1610064097000,42929,94193,137122
1610064397000,43252,93874,137126
1610064697000,43131,93589,136720
1610064997000,43094,93732,136826
1610065297000,43052,93897,136949
1610065597000,42979,93847,136826
1610065897000,42859,93916,136775
1610066197000,42743,93897,136640
1610066497000,42571,93997,136568
1610066797000,42469,94227,136696
1610067097000,42391,94447,136838
1610067397000,42362,94441,136803
1610067697000,42245,94362,136607
1610067996000,42115,94289,136404
1610068297000,41987,94238,136225
1610068597000,41833,94261,136094
1610068897000,41809,94498,136307
1610069197000,41735,94670,136405
1610069497000,41633,94559,136192
1610069797000,41523,94521,136044
1610070097000,41417,94533,135950
1610070397000,41271,94594,135865
1610070697000,41287,94789,136076
1610070997000,41053,94312,135365
1610071297000,40970,94618,135588
1610071597000,40644,94678,135322
1610071897000,40512,94733,135245
1610072200000,40449,94837,135286
1610072516000,40295,94677,134972
1610072797000,40108,94592,134700
1610073097000,40021,94615,134636
1610073397000,39805,94577,134382
1610073697000,39724,94267,133991
1610073997000,39528,94380,133908
1610074297000,39423,94087,133510
1610074597000,39200,93687,132887
1610074897000,38952,93449,132401
1610075197000,38639,92672,131311
1610075498000,38312,92576,130888
1610075797000,38157,91319,129476
1610076097000,37823,91706,129529
1610076397000,37666,90850,128516
1610076697000,37427,90322,127749
1610076997000,37251,89754,127005
1610077297000,36986,89224,126210
1610077596000,36689,88889,125578
1610077897000,36435,88248,124683
1610078197000,36142,87935,124077
1610078497000,35796,87082,122878
1610078797000,35525,86405,121930
1610079097000,35302,85666,120968
1610079397000,35036,85135,120171
1610079697000,34674,84783,119457
1610079997000,34337,83936,118273
1610080297000,33964,83186,117150
1610080597000,33724,82294,116018
1610080897000,33328,81726,115054
1610081197000,32997,80866,113863
1610081502000,32736,79994,112730
1610081797000,32463,79153,111616
1610082097000,32105,77193,109298
1610082397000,31810,76576,108386
1610082697000,31416,75816,107232
1610082997000,30801,75139,105940
1610083297000,30303,74395,104698
1610083597000,29928,73926,103854
1610083897000,29665,73108,102773
1610084197000,29304,72421,101725
1610084496000,28967,71770,100737
1610084797000,28631,71124,99755
1610085097000,28318,70255,98573
1610085397000,28026,69251,97277
1610085697000,27707,68422,96129
1610085997000,27389,67418,94807
1610086297000,27229,66709,93938
1610086597000,27158,65723,92881
1610086896000,26800,64990,91790
1610087197000,26471,64251,90722
1610087496000,26170,63399,89569
1610087797000,26015,62759,88774
1610088096000,25850,61993,87843
1610088397000,25685,61602,87287
1610088697000,25394,60915,86309
1610088997000,25172,60314,85486
1610089299000,25014,59478,84492
1610089597000,24906,58704,83610
1610089897000,23438,59447,82885
1610090197000,22991,58869,81860
1610090497000,22801,56864,79665
1610090797000,23228,56466,79694
1610091097000,22824,56438,79262
1610091397000,22968,57561,80529
1610091697000,22768,57631,80399
1610091998000,22625,57559,80184
1610092301000,22626,56857,79483
1610092597000,22374,56486,78860
1610092897000,22237,56177,78414
1610093197000,22221,55889,78110
1610093497000,22216,55630,77846
1610093797000,22304,55220,77524
1610094097000,22275,54984,77259
1610094397000,22200,54693,76893
1610094732000,22208,54320,76528
1610094997000,22336,54187,76523
1610095297000,22394,53952,76346
1610095597000,22531,53488,76019
1610095897000,22581,53761,76342
1610096197000,22520,53781,76301
1610096501000,22479,53733,76212
1610096797000,22649,53754,76403
1610097097000,22443,53889,76332
1610097397000,22821,53839,76660
1610097697000,22959,53831,76790
1610097997000,23084,53887,76971
1610098297000,23125,53746,76871
1610098597000,22163,53765,75928
1610098897000,22082,53664,75746
1610099197000,22354,53644,75998
1610099497000,22503,53751,76254
1610099797000,22591,53905,76496
1610100097000,22655,53934,76589
1610100397000,22929,53802,76731
1610100697000,23054,53943,76997
1610101006000,23223,54048,77271
1610101297000,23473,54342,77815
1610101597000,23691,54424,78115
1610101897000,23860,54572,78432
1610102197000,23959,54643,78602
1610102497000,24099,54697,78796
1610102797000,24277,54975,79252
1610103097000,24457,55078,79535
1610103397000,23849,55298,79147
1610103699000,23865,55433,79298
1610103997000,23891,55774,79665
1610104297000,23889,56106,79995
1610104597000,23898,55944,79842
1610104897000,24036,56351,80387
1610105197000,24134,56515,80649
1610105497000,24251,56930,81181
1610105797000,24384,56939,81323
1610106097000,24518,57139,81657
1610106397000,24687,57552,82239
1610106697000,24809,58035,82844
1610106997000,24946,58776,83722
1610107297000,25068,59151,84219
1610107597000,25170,59309,84479
1610107897000,25446,59807,85253
1610108197000,25485,60190,85675
1610108497000,25631,60999,86630
1610108797000,25743,61780,87523
1610109097000,25873,62330,88203
1610109396000,26148,62610,88758
1610109697000,26452,62985,89437
1610109997000,26585,63338,89923
1610110297000,26860,64140,91000
1610110597000,27077,64629,91706
1610110897000,27272,65098,92370
1610111197000,27452,65766,93218
1610111497000,27803,66300,94103
1610111797000,28149,67077,95226
1610112097000,28388,67720,96108
1610112396000,28667,68454,97121
1610112697000,28907,69156,98063
1610112997000,29111,69118,98229
1610113297000,29451,70280,99731
1610113597000,29853,71096,100949
1610113897000,29864,72082,101946
1610114197000,30156,72720,102876
1610114497000,30545,73330,103875
1610114797000,30878,74035,104913
1610115097000,31252,75082,106334
1610115396000,31580,75856,107436
1610115697000,31998,76707,108705
1610115997000,32202,77258,109460
1610116297000,32525,77968,110493
1610116597000,31951,78598,110549
1610116897000,32295,79028,111323
1610117197000,32813,79103,111916
1610117497000,33238,79750,112988
1610117797000,33472,80307,113779
1610118097000,33822,80822,114644
1610118398000,34225,81409,115634
1610118697000,34565,82247,116812
1610118997000,34810,82792,117602
1610119314000,35150,83413,118563
1610119597000,35555,83912,119467
1610119897000,35849,84519,120368
1610120197000,36222,85181,121403
1610120497000,36452,85321,121773
1610120797000,36753,85649,122402
1610121097000,36732,86075,122807
1610121397000,37129,86129,123258
1610121697000,37386,86609,123995
1610121997000,37752,87174,124926
1610122297000,38108,87828,125936
1610122616000,38220,88008,126228
1610122897000,38484,88246,126730
1610123197000,38715,88416,127131
1610123497000,38872,88743,127615
1610123797000,39045,89456,128501
1610124097000,37504,89495,126999
1610124397000,37767,89753,127520
1610124997000,38304,90371,128675
1610125297000,38495,89903,128398
1610125597000,38620,90050,128670
1610125896000,38914,90183,129097
1610126197000,39215,90510,129725
1610126506000,39434,90684,130118
1610126797000,39709,90595,130304
1610127097000,39994,91061,131055
1610127397000,40303,91313,131616
1610127697000,39053,91662,130715
1610127997000,39206,92008,131214
1610128297000,39454,92325,131779
1610128597000,39724,92557,132281
1610128897000,39994,92616,132610
1610129197000,40198,92719,132917
1610129497000,41102,93156,134258
1610129797000,41193,93634,134827
1610130097000,42570,94000,136570
1610130397000,42752,94605,137357
1610130697000,42927,94961,137888
1610131024000,43020,95272,138292
1610131297000,43195,95635,138830
1610131597000,43450,95980,139430
1610131897000,43651,96346,139997
1610132212000,43712,97083,140795
1610132497000,43756,97410,141166
1610132799000,43785,97645,141430
1610133097000,44002,98211,142213
1610133397000,44176,98263,142439
1610133697000,44408,98687,143095
1610133997000,44479,99138,143617
1610134297000,44515,99534,144049
1610134597000,44658,99749,144407
1610134897000,44670,100055,144725
1610135197000,44809,100347,145156
1610135497000,45022,100609,145631
1610135797000,45146,100770,145916
1610136097000,45042,100701,145743
1610136397000,45090,101012,146102
1610136697000,45209,101300,146509
1610136997000,45512,101660,147172
1610137297000,45729,101959,147688
1610137598000,45912,101963,147875
1610137897000,46057,101911,147968
1610138197000,46295,101904,148199
1610138497000,46613,102301,148914
1610138797000,46788,102539,149327
1610139097000,46969,103039,150008
1610139404000,47128,102277,149405
1610139697000,47196,102469,149665
1610139997000,47218,102351,149569
1610140297000,47301,102289,149590
1610140597000,45818,102204,148022
1610140897000,45868,101872,147740
1610141197000,45744,102276,148020
1610141531000,45771,102396,148167
1610141797000,45651,102568,148219
1610142097000,45780,102430,148210
1610142397000,45829,102252,148081
1610142697000,45834,102160,147994
1610142997000,45723,102233,147956
1610143297000,45632,101904,147536
1610143597000,45535,101758,147293
1610143897000,45468,101650,147118
1610144197000,45411,101291,146702
1610144497000,45427,101267,146694
1610144797000,45289,101000,146289
1610145097000,45169,100590,145759
1610145397000,45163,100270,145433
1610145697000,45305,100191,145496
1610145997000,45195,100006,145201
1610146297000,45183,99782,144965
1610146600000,45035,99732,144767
1610146897000,44801,99032,143833
1610147197000,44672,98397,143069
1610147496000,44511,98037,142548
1610147797000,44406,97839,142245
1610148098000,44182,97713,141895
1610148397000,44112,97384,141496
1610148697000,44038,96924,140962
1610148997000,43954,96471,140425
1610149310000,43885,96109,139994
1610149597000,43853,95785,139638
1610149897000,43780,95551,139331
1610150202000,43819,95246,139065
1610150497000,43917,94919,138836
1610150797000,44226,94458,138684
1610151097000,44200,94235,138435
1610151397000,43966,94126,138092
1610151697000,43997,94275,138272
1610151997000,43876,94141,138017
1610152297000,43660,94212,137872
1610152597000,43604,94197,137801
1610152896000,43413,94429,137842
1610153222000,43290,94282,137572
1610153496000,43188,94304,137492
1610153797000,43030,94398,137428
1610154097000,42870,94561,137431
1610154397000,42804,94494,137298
1610154697000,42732,94414,137146
1610154997000,42539,94062,136601
1610155297000,42334,94458,136792
1610155597000,42065,94515,136580
1610155897000,42009,94623,136632
1610156197000,41841,94534,136375
1610156497000,41850,94626,136476
1610156805000,41651,94627,136278
1610157097000,41550,94635,136185
1610157397000,41380,94833,136213
1610157697000,41284,94510,135794
1610157997000,41059,94589,135648
1610158297000,40815,94429,135244
1610158597000,40675,95528,136203
1610158897000,40613,95076,135689
1610159197000,40649,95299,135948
1610159497000,40477,95364,135841
1610159797000,40317,94316,134633
1610160097000,40082,93979,134061
1610160397000,40012,93952,133964
1610160697000,39910,93761,133671
1610160996000,39664,93575,133239
1610161297000,39498,93440,132938
1610161597000,39330,93295,132625
1610161897000,39083,92658,131741
1610162197000,38986,92251,131237
1610162497000,38876,92039,130915
1610162797000,38706,91550,130256
1610163097000,38400,91282,129682
1610163397000,38278,91019,129297
1610163697000,38162,90509,128671
1610163998000,38105,90353,128458
1610164296000,37785,90080,127865
1610164597000,37632,89484,127116
1610164896000,37280,88849,126129
1610165197000,37136,88024,125160
1610165496000,36919,87709,124628
1610165797000,36669,87297,123966
1610166117000,36390,86919,123309
1610166396000,36142,86443,122585
1610166697000,36027,86038,122065
1610166997000,35791,85200,120991
1610167297000,35564,84933,120497
1610167597000,35316,84332,119648
1610167897000,34693,83893,118586
1610168197000,34257,83083,117340
1610168497000,33789,82470,116259
1610168797000,33330,81510,114840
1610169097000,32878,80940,113818
1610169397000,32626,80426,113052
1610169697000,32280,79846,112126
1610169996000,32015,79302,111317
1610170297000,31584,78559,110143
1610170597000,31316,77782,109098
1610170897000,30963,76720,107683
1610171197000,30596,76163,106759
1610171497000,30389,75621,106010
1610171797000,30051,75060,105111
1610172097000,29753,74405,104158
1610172397000,29412,73297,102709
1610172697000,29203,72246,101449
1610172997000,28903,70993,99896
1610173297000,28695,69858,98553
1610173597000,28375,69062,97437
1610173896000,28164,68035,96199
1610174197000,27997,66974,94971
1610174497000,27724,66209,93933
1610174797000,27222,65565,92787
1610175097000,26836,64695,91531
1610175397000,26749,63883,90632
1610175696000,26526,63162,89688
1610175996000,26311,62362,88673
1610176296000,26086,63133,89219
1610176597000,24606,62500,87106
1610176897000,24386,60798,85184
1610177196000,24372,60366,84738
1610177497000,24268,60472,84740
1610177797000,24487,61255,85742
1610178096000,24710,61465,86175
1610178397000,23915,60971,84886
1610178697000,23775,60658,84433
1610178996000,23552,59691,83243
1610179297000,23448,58942,82390
1610179597000,23332,58456,81788
1610179897000,23283,58162,81445
1610180197000,23162,57819,80981
1610180497000,23208,57627,80835
1610180797000,23137,57187,80324
1610181097000,23146,56584,79730
1610181397000,23017,56181,79198
1610181696000,23045,55929,78974
1610181997000,22964,55663,78627
1610182297000,22862,55530,78392
1610182598000,22778,55547,78325
1610182897000,22836,55459,78295
1610183197000,22863,55318,78181
1610183497000,22772,55246,78018
1610183797000,22730,55448,78178
1610184096000,22756,55421,78177
1610184397000,22845,55417,78262
1610184697000,22934,55332,78266
1610184997000,22970,54875,77845
1610185297000,22988,54711,77699
1610185597000,23074,54949,78023
1610185897000,23213,54976,78189
1610186197000,23334,55002,78336
1610186497000,23515,55165,78680
1610186797000,23562,55322,78884
1610187097000,23622,55505,79127
1610187397000,23788,55478,79266
1610187697000,23914,55627,79541
1610187997000,24008,55779,79787
1610188297000,24207,56059,80266
1610188597000,24320,56151,80471
1610188897000,24498,56357,80855
1610189212000,24736,56601,81337
1610189497000,24470,56800,81270
1610189797000,24631,57078,81709
1610190097000,24775,57105,81880
1610190397000,24924,57483,82407
1610190697000,25101,57803,82904
1610190997000,25289,58080,83369
1610191297000,25428,58653,84081
1610191597000,25704,59188,84892
1610191897000,25853,59559,85412
1610192197000,25923,59918,85841
1610192497000,26024,60477,86501
1610192797000,26194,60800,86994
1610193097000,26458,61011,87469
1610193397000,26662,61232,87894
1610193696000,26870,61738,88608
1610193997000,26990,62169,89159
1610194297000,27161,62657,89818
1610194597000,27229,63107,90336
1610194897000,27498,63519,91017
1610195197000,27689,63738,91427
1610195497000,27853,64149,92002
1610195797000,28034,64627,92661
1610196097000,28342,65198,93540
1610196397000,28553,65666,94219
1610196697000,28782,65971,94753
1610196997000,28967,66547,95514
1610197297000,29218,67414,96632
1610197597000,29408,67950,97358
1610197897000,29604,68573,98177
1610198197000,29796,69176,98972
1610198497000,30068,70012,100080
1610198797000,30291,70565,100856
1610199097000,30583,71265,101848
1610199397000,30927,72054,102981
1610199697000,31214,72674,103888
1610199997000,31366,73671,105037
1610200297000,31511,74321,105832
1610200597000,31829,74944,106773
1610200897000,32118,75403,107521
1610201197000,32401,76101,108502
1610201497000,32712,76628,109340
1610201797000,33034,77446,110480
1610202097000,33421,77735,111156
1610202398000,33706,78240,111946
1610202697000,33998,78745,112743
1610202996000,34318,79259,113577
1610203296000,34594,79815,114409
1610203597000,34882,80492,115374
1610203897000,35177,81330,116507
1610204197000,35618,82058,117676
1610204497000,35851,82868,118719
1610204797000,36067,83218,119285
1610205097000,36384,84217,120601
1610205397000,36630,84992,121622
1610205697000,36922,85927,122849
1610205997000,37150,86548,123698
1610206297000,37333,87154,124487
1610206597000,37486,87636,125122
1610206897000,37688,88306,125994
1610207197000,37912,88850,126762
1610207497000,38233,89372,127605
1610207797000,38432,89818,128250
1610208097000,38651,90489,129140
1610208397000,38776,91041,129817
1610208709000,39117,91703,130820
1610208996000,39227,92039,131266
1610209297000,39426,92705,132131
1610209597000,39618,93036,132654
1610209896000,39833,93309,133142
1610210197000,40019,93308,133327
1610210497000,40105,93507,133612
1610210797000,40328,93906,134234
1610211097000,40532,94148,134680
1610211418000,40765,94595,135360
1610211697000,40655,94604,135259
1610211997000,40768,94552,135320
1610212297000,40869,94879,135748
1610212597000,41118,95155,136273
1610212897000,41321,95374,136695
1610213197000,41561,95409,136970
1610213497000,41801,95785,137586
1610213797000,41849,96059,137908
1610214097000,42181,96315,138496
1610214397000,42291,96907,139198
1610214702000,42511,97274,139785
1610214997000,42710,97662,140372
1610215297000,43514,97833,141347
1610215597000,43120,98083,141203
1610215897000,43319,98509,141828
1610216197000,43768,98980,142748
1610216497000,43728,99523,143251
1610216796000,43913,99963,143876
1610217097000,44925,100378,145303
1610217397000,45093,100715,145808
1610217697000,45110,100909,146019
1610217997000,46469,99025,145494
1610218297000,46654,99464,146118
1610218597000,46693,100080,146773
1610218918000,46781,100170,146951
1610219196000,46753,100427,147180
1610219497000,46944,100833,147777
1610219796000,46961,101070,148031
1610220097000,47118,101513,148631
1610220397000,47227,101720,148947
1610220697000,47337,101855,149192
1610220996000,47443,102502,149945
1610221297000,47712,102764,150476
1610221597000,47854,103320,151174
1610221897000,47997,103662,151659
1610222197000,48198,103920,152118
1610222497000,48220,104109,152329
1610222797000,48282,104292,152574
1610223096000,48460,104488,152948
1610223397000,48562,104546,153108
1610223697000,48767,105646,154413
1610223997000,48702,106016,154718
1610224297000,48790,106089,154879
1610224597000,48758,105853,154611
1610224897000,48951,106452,155403
1610225197000,48956,106408,155364
1610225497000,48934,106225,155159
1610225797000,49044,106646,155690
1610226097000,49116,106453,155569
1610226397000,49140,106344,155484
1610226697000,49156,106158,155314
1610226997000,49196,105314,154510
1610227297000,49163,105158,154321
1610227596000,49230,105489,154719
1610227897000,49278,105399,154677
1610228197000,49194,105194,154388
1610228497000,49119,105494,154613
1610228797000,49005,105515,154520
1610229097000,49003,105823,154826
1610229397000,48981,105942,154923
1610229697000,48949,105674,154623
1610229997000,48979,104919,153898
1610230297000,48923,105367,154290
1610230597000,48870,105224,154094
1610230897000,48792,104261,153053
1610231197000,48751,104989,153740
1610231497000,48775,104642,153417
1610231797000,48618,103969,152587
1610232097000,48559,103876,152435
1610232397000,48355,103444,151799
1610232697000,48326,102837,151163
1610232996000,48151,103412,151563
1610233297000,48073,102722,150795
1610233599000,47885,101896,149781
1610233897000,47749,101747,149496
1610234197000,47619,101109,148728
1610234496000,47535,100390,147925
1610234804000,47315,100512,147827
1610235097000,47109,100139,147248
1610235397000,47058,99629,146687
1610235697000,46908,100027,146935
1610235997000,46753,99608,146361
1610236297000,46675,98728,145403
1610236597000,46648,98457,145105
1610236897000,46668,98047,144715
1610237197000,46966,97222,144188
1610237497000,47031,97707,144738
1610237797000,47061,97717,144778
1610238104000,46781,97239,144020
1610238397000,46497,97158,143655
1610238697000,46370,96434,142804
1610238997000,46254,96074,142328
1610239296000,46135,96230,142365
1610239597000,45954,95326,141280
1610239897000,45789,95056,140845
1610240197000,45612,94740,140352
1610240497000,45299,94508,139807
1610240797000,45111,94398,139509
1610241096000,44937,94081,139018
1610241397000,44755,94005,138760
1610241697000,44650,93877,138527
1610241996000,44480,94091,138571
1610242298000,44270,94170,138440
1610242597000,44116,94011,138127
1610242896000,43992,94066,138058
1610243197000,43936,94015,137951
1610243497000,43794,93857,137651
1610243797000,43593,93615,137208
1610244097000,43389,93295,136684
1610244397000,43280,93135,136415
1610244697000,43082,93092,136174
1610244997000,42973,93305,136278
1610245297000,42751,93159,135910
1610245597000,42543,92746,135289
1610245897000,42402,92860,135262
1610246197000,42191,92551,134742
1610246497000,42081,92651,134732
1610246797000,41911,92668,134579
1610247097000,41684,92360,134044
1610247397000,41594,92113,133707
1610247697000,41429,91603,133032
1610247997000,41323,91081,132404
1610248297000,41127,91122,132249
1610248596000,40851,90936,131787
1610248897000,40726,90610,131336
1610249197000,40585,90168,130753
1610249497000,40381,89806,130187
1610249797000,40117,89448,129565
1610250097000,39871,89185,129056
1610250396000,39678,88700,128378
1610250697000,39413,88547,127960
1610250997000,39214,87939,127153
1610251026000,39178,87874,127052
1610251297000,38920,87453,126373
1610251596000,38653,86862,125515
1610251897000,38461,86408,124869
1610252196000,38241,85932,124173
1610252497000,38042,85259,123301
1610252797000,37746,85145,122891
1610253097000,37479,84696,122175
1610253397000,37309,83856,121165
1610253697000,37192,82946,120138
1610253997000,36837,82485,119322
1610254297000,36534,81580,118114
1610254597000,36358,80992,117350
1610254897000,36077,80458,116535
1610255197000,35531,79940,115471
1610255497000,35012,79390,114402
1610255797000,34605,78839,113444
1610256097000,34290,78381,112671
1610256400000,33913,77688,111601
1610256697000,33478,77176,110654
1610256997000,33139,76395,109534
1610257297000,32821,75845,108666
1610257597000,32556,75174,107730
1610257896000,32215,74610,106825
1610258197000,31791,73858,105649
1610258497000,31326,73039,104365
1610258801000,30912,72283,103195
1610259097000,30702,71882,102584
1610259410000,30481,71154,101635
1610259697000,30223,70383,100606
1610259997000,29888,69172,99060
1610260297000,29639,68756,98395
1610260597000,29356,67925,97281
1610260897000,29109,67112,96221
1610261197000,28854,66363,95217
1610261497000,28618,64067,92685
1610261797000,28417,63303,91720
1610262097000,28072,62368,90440
1610262397000,27858,61578,89436
1610262697000,27575,62088,89663
1610262997000,27409,61534,88943
1610263297000,26212,59665,85877
1610263597000,25938,58889,84827
1610263897000,25833,58722,84555
1610264197000,25650,59454,85104
1610264496000,25876,59348,85224
1610264798000,24886,58866,83752
1610265096000,24770,58420,83190
1610265398000,24640,57820,82460
1610265697000,24587,57528,82115
1610265997000,24424,57238,81662
1610266316000,24296,56933,81229
1610266597000,24171,56688,80859
1610266897000,24058,56197,80255
1610267197000,23972,55790,79762
1610267497000,23868,55364,79232
1610267797000,23719,55421,79140
1610268096000,23745,55387,79132
1610268398000,23697,54706,78403
1610268697000,23617,54555,78172
1610268997000,23534,54430,77964
1610269297000,23605,53776,77381
1610269597000,23562,53563,77125
1610269897000,23512,53524,77036
1610270197000,23615,53723,77338
1610270497000,23634,53670,77304
1610270797000,23665,53973,77638
1610271097000,23691,53916,77607
1610271397000,23782,53997,77779
1610271697000,23874,53790,77664
1610271997000,24015,53754,77769
1610272297000,24083,53939,78022
1610272597000,24195,54178,78373
1610272897000,24310,54020,78330
1610273197000,24418,53876,78294
1610273497000,24546,53938,78484
1610273797000,24749,54231,78980
1610274097000,24879,54492,79371
1610274397000,25094,54657,79751
1610274697000,25221,55025,80246
1610274997000,25332,55204,80536
1610275297000,25480,55513,80993
1610275597000,25575,55770,81345
1610275897000,25692,55967,81659
1610276197000,25836,56202,82038
1610276498000,25878,56194,82072
1610276797000,25907,56295,82202
1610277097000,26065,56534,82599
1610277396000,26163,56905,83068
1610277696000,26318,57242,83560
1610277997000,26139,57709,83848
1610278297000,26217,58024,84241
1610278597000,26507,58281,84788
1610278897000,26762,58668,85430
1610279197000,26974,59160,86134
1610279497000,27175,59486,86661
1610279797000,27437,59990,87427
1610280097000,27688,60212,87900
1610280397000,27784,60376,88160
1610280697000,27969,60966,88935
1610280997000,28084,61093,89177
1610281297000,28281,61587,89868
1610281597000,28564,62075,90639
1610281897000,28894,62807,91701
1610282197000,29185,63242,92427
1610282497000,29436,63793,93229
1610282797000,29665,64437,94102
1610283097000,29757,64913,94670
1610283397000,29980,65476,95456
1610283697000,30208,65963,96171
1610283997000,30362,66292,96654
1610284297000,30639,66944,97583
1610284597000,30976,67584,98560
1610284897000,31291,68406,99697
1610285197000,31464,68776,100240
1610285497000,31782,69565,101347
1610285797000,32147,70276,102423
1610286097000,32494,71286,103780
1610286397000,32811,71962,104773
1610286697000,33057,72706,105763
1610286997000,33281,73623,106904
1610287297000,33598,74408,108006
1610287597000,33954,74903,108857
1610287897000,34265,75322,109587
1610288197000,34498,75287,109785
1610288497000,34819,76325,111144
1610288797000,35082,77029,112111
1610289097000,35399,78041,113440
1610289397000,35606,78724,114330
1610289697000,35941,79576,115517
1610289997000,36134,80532,116666
1610290297000,36390,81294,117684
1610290597000,36693,82069,118762
1610290897000,36869,82566,119435
1610291197000,37128,83056,120184
1610291497000,37365,83990,121355
1610291797000,37694,85158,122852
1610292097000,38058,86081,124139
1610292397000,38310,86852,125162
1610292697000,38565,87717,126282
1610292997000,39008,88427,127435
1610293297000,39363,88901,128264
1610293598000,39657,89699,129356
1610293897000,39812,90363,130175
1610294197000,40055,91029,131084
1610294497000,40232,91028,131260
1610294797000,40510,91591,132101
1610295097000,40775,92502,133277
1610295397000,41037,93299,134336
1610295697000,41322,94029,135351
1610295997000,41365,94629,135994
1610296297000,41635,94771,136406
1610296597000,41994,95426,137420
1610296897000,42219,95756,137975
1610297197000,42364,96231,138595
1610297497000,42588,96643,139231
1610297797000,42779,97237,140016
1610298097000,42882,97280,140162
1610298397000,43071,97469,140540
1610298697000,43200,97721,140921
1610298997000,43379,98218,141597
1610299297000,43604,98622,142226
1610299597000,43883,99453,143336
1610299897000,44043,99701,143744
1610300197000,44291,100446,144737
1610300497000,44524,100895,145419
1610300797000,44973,101306,146279
1610301097000,45045,101586,146631
1610301397000,45505,101869,147374
1610301697000,45577,102169,147746
1610301997000,45916,102634,148550
1610302297000,46959,103536,150495
1610302597000,47127,104310,151437
1610302897000,47523,105067,152590
1610303219000,48738,105508,154246
1610303497000,48849,106065,154914
1610303797000,49036,106778,155814
1610304097000,49359,107379,156738
1610304397000,49553,107739,157292
1610304697000,49679,108199,157878
1610304997000,49978,108933,158911
1610305297000,50192,109224,159416
1610305597000,50303,109447,159750
1610305897000,50441,110087,160528
1610306210000,50627,110679,161306
1610306497000,50698,111462,162160
1610306797000,50849,111742,162591
1610307098000,51031,111827,162858
1610307397000,51102,112559,163661
1610307697000,51180,112870,164050
1610307997000,51357,113347,164704
1610308296000,51425,113588,165013
1610308597000,51743,113712,165455
1610308897000,51748,113770,165518
1610309197000,51724,114004,165728
1610309497000,51878,114270,166148
1610309797000,51886,114358,166244
1610310097000,52033,114536,166569
1610310412000,51914,114595,166509
1610310697000,52002,114595,166597
1610310997000,51973,115107,167080
1610311297000,51819,114896,166715
1610311597000,51762,114657,166419
1610311897000,51681,115023,166704
1610312197000,51561,114667,166228
1610312497000,51513,114109,165622
1610312797000,51461,113851,165312
1610313097000,51472,114128,165600
1610313397000,51401,113752,165153
1610313699000,51275,113914,165189
1610313997000,51186,113333,164519
1610314297000,51069,113445,164514
1610314597000,50991,112619,163610
1610314897000,50874,112152,163026
1610315197000,50719,111775,162494
1610315497000,50557,111992,162549
1610315797000,50339,111288,161627
1610316097000,50242,110669,160911
1610316397000,49977,110415,160392
1610316697000,49612,110312,159924
1610316997000,49327,109619,158946
1610317297000,49064,108985,158049
1610317597000,48848,108753,157601
1610317897000,48589,108547,157136
1610318197000,48353,107638,155991
1610318496000,48299,107253,155552
1610318797000,48075,106237,154312
1610319097000,47885,106064,153949
1610319397000,47672,105264,152936
1610319696000,47409,104677,152086
1610319997000,47251,103912,151163
1610320297000,46983,103978,150961
1610320597000,46837,103177,150014
1610320897000,46691,102213,148904
1610321197000,46525,101765,148290
1610321497000,46491,101566,148057
1610321797000,46167,101263,147430
1610322097000,46156,100884,147040
1610322397000,45997,100457,146454
1610322697000,45939,100489,146428
1610322996000,45893,100082,145975
1610323297000,46145,99273,145418
1610323597000,46381,98770,145151
1610323897000,46401,98734,145135
1610324197000,46283,98199,144482
1610324498000,46245,97621,143866
1610324797000,46036,97634,143670
1610325097000,45886,97509,143395
1610325397000,45875,97545,143420
1610325697000,45726,97534,143260
1610325997000,45638,97791,143429
1610326297000,45521,97960,143481
1610326597000,45323,98480,143803
1610326897000,45164,97781,142945
1610327225000,45034,98505,143539
1610327497000,44958,97689,142647
1610327797000,44866,97636,142502
1610327826000,44818,97760,142578
1610328097000,44682,97900,142582
1610328397000,44549,97902,142451
1610328697000,44453,98178,142631
1610328997000,44448,97907,142355
1610329297000,44370,97802,142172
1610329597000,44254,98029,142283
1610329897000,44067,98145,142212
1610330218000,43940,98157,142097
1610330516000,43871,97890,141761
1610330797000,43642,97747,141389
1610331097000,43333,98053,141386
1610331397000,43177,97723,140900
1610331697000,43122,97515,140637
1610331997000,43012,97450,140462
1610332297000,42714,96992,139706
1610332597000,42469,96760,139229
1610332897000,42303,96705,139008
1610333197000,41974,96340,138314
1610333497000,41669,96299,137968
1610333797000,41430,95634,137064
1610334098000,41114,94985,136099
1610334397000,40703,94017,134720
1610334697000,40413,94127,134540
1610334997000,40286,93612,133898
1610335297000,40022,93030,133052
1610335597000,39691,92603,132294
1610335897000,39508,92351,131859
1610336197000,39158,91190,130348
1610336497000,38846,90872,129718
1610336797000,38578,90176,128754
1610337097000,38243,89460,127703
1610337397000,37907,88603,126510
1610337697000,37503,87651,125154
1610337997000,37142,86822,123964
1610338297000,36858,86332,123190
1610338597000,36529,85349,121878
1610338897000,36134,84825,120959
1610339197000,35775,83952,119727
1610339503000,35437,83385,118822
1610339797000,35172,82611,117783
1610340097000,34838,82213,117051
1610340397000,34464,81168,115632
1610340697000,34024,80696,114720
1610340997000,33527,79885,113412
1610341296000,32898,79062,111960
1610341597000,32495,78049,110544
1610341897000,32153,77151,109304
1610342197000,31639,76584,108223
1610342497000,31282,75492,106774
1610342797000,30966,74677,105643
1610343097000,30621,73865,104486
1610343396000,30290,73050,103340
1610343697000,29997,72453,102450
1610343997000,29686,71058,100744
1610344297000,29328,69469,98797
1610344597000,29042,68580,97622
1610344897000,28677,67208,95885
1610345197000,28260,65982,94242
1610345497000,27912,66316,94228
1610345797000,27766,65645,93411
1610346096000,27474,64803,92277
1610346398000,27178,63718,90896
1610346697000,26889,63186,90075
1610346997000,26776,62313,89089
1610347297000,26532,61217,87749
1610347597000,26380,60315,86695
1610347897000,26194,59058,85252
1610348197000,25858,58170,84028
1610348497000,25702,57437,83139
1610348797000,25527,56507,82034
1610349097000,25389,56953,82342
1610349397000,23601,56758,80359
1610349697000,23348,56380,79728
1610349997000,23398,54498,77896
1610350297000,23483,54108,77591
1610350597000,23737,54437,78174
1610350897000,24443,55212,79655
1610351197000,23364,55643,79007
1610351496000,23302,55950,79252
1610351797000,23214,55307,78521
1610352097000,23097,55460,78557
1610352397000,23006,54233,77239
1610352697000,22902,54691,77593
1610352997000,22833,54903,77736
1610353296000,22850,54770,77620
1610353597000,22855,54899,77754
1610353897000,22832,54150,76982
1610354196000,22857,54292,77149
1610354497000,22961,54246,77207
1610354797000,23090,54182,77272
1610355097000,23232,53962,77194
1610355397000,23330,53972,77302
1610355697000,23343,54651,77994
1610355997000,23431,54135,77566
1610356297000,23283,53914,77197
1610356597000,23390,54126,77516
1610356897000,23485,54330,77815
1610357197000,23654,54082,77736
1610357497000,23699,53980,77679
1610357801000,23774,53778,77552
1610358105000,23974,53893,77867
1610358397000,24066,53859,77925
1610358697000,24128,54091,78219
1610358997000,24282,53951,78233
1610359297000,24380,53636,78016
1610359597000,24502,53535,78037
1610359897000,24584,53768,78352
1610360197000,24652,54007,78659
1610360509000,24804,54255,79059
1610360797000,24832,54629,79461
1610361097000,24815,54109,78924
1610361397000,24559,53735,78294
1610361697000,24471,54020,78491
1610361997000,23781,54325,78106
1610362297000,23345,54574,77919
1610362596000,22305,54696,77001
1610362897000,5192,54832,60024
1610363196000,9438,54757,64195
1610363497000,13111,55011,68122
1610363798000,15250,55379,70629
1610364097000,16794,55347,72141
1610364397000,18284,55419,73703
1610364697000,19432,55442,74874
1610364997000,20274,55646,75920
1610365297000,20674,56067,76741
1610365612000,21522,56451,77973
1610365896000,22124,56821,78945
1610366197000,22637,57110,79747
1610366497000,23113,57392,80505
1610366796000,23582,57420,81002
1610367116000,24138,57758,81896
1610367397000,24420,58357,82777
1610367697000,24801,59188,83989
1610367997000,25290,60008,85298
1610368297000,25621,60400,86021
1610368596000,25956,60897,86853
1610368897000,26191,61712,87903
1610369197000,26536,62411,88947
1610369497000,26813,63040,89853
1610369797000,27118,63127,90245
1610370097000,27494,63714,91208
1610370397000,27894,64187,92081
1610370697000,28414,64863,93277
1610370997000,28665,65547,94212
1610371297000,28853,66336,95189
1610371597000,29175,67164,96339
1610371897000,29588,67658,97246
1610372197000,29337,68467,97804
1610372497000,29694,69472,99166
1610372798000,29946,70545,100491
1610373097000,30243,71052,101295
1610373397000,30541,71788,102329
1610373698000,30916,72583,103499
1610373997000,31328,72880,104208
1610374297000,31761,73627,105388
1610374597000,32108,74636,106744
1610374897000,32516,75532,108048
1610375198000,32868,76274,109142
1610375497000,33290,76854,110144
1610375797000,33656,77539,111195
1610376097000,34048,78053,112101
1610376396000,34389,78578,112967
1610376697000,34696,79044,113740
1610376997000,35105,79633,114738
1610377297000,34666,80474,115140
1610377597000,35069,80953,116022
1610377897000,35482,81566,117048
1610378197000,35853,82527,118380
1610378497000,36218,83448,119666
1610378797000,36667,84055,120722
1610379097000,37036,84656,121692
1610379397000,37408,85723,123131
1610379697000,37791,85645,123436
1610379997000,38039,86149,124188
1610380297000,38453,86602,125055
1610380597000,38622,87089,125711
1610380897000,38881,87379,126260
1610381197000,39232,87528,126760
1610381497000,39478,88324,127802
1610381797000,39770,88751,128521
1610382097000,40055,89345,129400
1610382397000,40194,89638,129832
1610382697000,40458,89781,130239
1610382997000,40807,89982,130789
1610383297000,41080,90314,131394
1610383597000,41268,90698,131966
1610383897000,41385,90921,132306
1610384197000,41536,91288,132824
1610384499000,41645,91473,133118
1610384797000,41917,91685,133602
1610385097000,42198,91717,133915
1610385397000,42520,92534,135054
1610385697000,42853,93072,135925
1610385997000,43228,93243,136471
1610386297000,43517,93549,137066
1610386597000,41199,93875,135074
1610386898000,41304,94393,135697
1610387197000,41561,94753,136314
1610387497000,41849,95079,136928
1610387797000,42076,95502,137578
1610388097000,42401,95809,138210
1610388397000,44893,96170,141063
1610388697000,43072,96619,139691
1610388997000,43284,97128,140412
1610389297000,43321,97526,140847
1610389597000,43923,98280,142203
1610389897000,44976,98697,143673
1610390197000,44899,99271,144170
1610390497000,45394,100024,145418
1610390796000,46709,100442,147151
1610391097000,46814,101026,147840
1610391397000,46986,101411,148397
1610391697000,47020,101541,148561
1610391997000,47100,101883,148983
1610392297000,47160,102594,149754
1610392597000,47426,103110,150536
1610392897000,47571,103640,151211
1610393197000,47761,103995,151756
1610393497000,47796,104286,152082
1610393797000,47925,104645,152570
1610394097000,48110,104951,153061
1610394397000,48349,106946,155295
1610394697000,48469,105484,153953
1610394997000,48489,105815,154304
1610395296000,48586,106030,154616
1610395597000,48517,106254,154771
1610395897000,48560,106397,154957
1610396197000,48670,106705,155375
1610396497000,48744,106625,155369
1610396797000,48755,106389,155144
1610397097000,48706,106336,155042
1610397397000,48679,106398,155077
1610397697000,48647,106340,154987
1610397997000,48626,106298,154924
1610398297000,48752,106304,155056
1610398597000,48703,106295,154998
1610398897000,48541,106309,154850
1610399197000,48490,106157,154647
1610399497000,48404,106027,154431
1610399797000,48181,105923,154104
1610400097000,48176,105876,154052
1610400397000,48050,105648,153698
1610400697000,47928,105260,153188
1610400997000,47792,105120,152912
1610401297000,47685,104914,152599
1610401596000,47682,104483,152165
1610401897000,47525,104100,151625
1610402197000,47379,103762,151141
1610402497000,47089,103368,150457
1610402797000,46880,102890,149770
1610403097000,46765,102175,148940
1610403397000,46602,102181,148783
1610403697000,46406,101974,148380
1610403997000,46232,101219,147451
1610404297000,46102,100917,147019
1610404597000,46076,100037,146113
1610404897000,46054,99790,145844
1610405197000,45971,99570,145541
1610405497000,45860,98979,144839
1610405797000,45761,98633,144394
1610406097000,45623,97958,143581
1610406397000,45441,97626,143067
1610406697000,45194,97142,142336
1610406997000,45094,96819,141913
1610407297000,44924,96631,141555
1610407597000,44883,96484,141367
1610407897000,44713,96149,140862
1610408197000,44604,95971,140575
1610408497000,44622,96784,141406
1610408797000,44558,96573,141131
1610409097000,44546,95562,140108
1610409397000,44484,95583,140067
1610409697000,44784,95086,139870
1610409996000,44907,94970,139877
1610410297000,45026,94899,139925
1610410597000,45003,94738,139741
1610410897000,44614,94984,139598
1610411196000,44557,95028,139585
1610411497000,44399,95137,139536
1610411797000,44200,95143,139343
1610412097000,44046,95159,139205
1610412397000,43870,95010,138880
1610412697000,43856,95147,139003
1610412997000,43667,95015,138682
1610413297000,43556,94722,138278
1610413597000,43566,94834,138400
1610413897000,43460,95160,138620
1610414197000,43331,95191,138522
1610414497000,43298,95317,138615
1610414797000,43204,95694,138898
1610415097000,43225,95971,139196
1610415397000,43096,95965,139061
1610415697000,43127,96139,139266
1610415996000,43007,96042,139049
1610416297000,42822,96114,138936
1610416597000,42650,96193,138843
1610416897000,42435,95842,138277
1610417197000,42268,95740,138008
1610417497000,42064,96038,138102
1610417797000,41961,96162,138123
1610418097000,41805,95956,137761
1610418397000,41614,95776,137390
1610418697000,41393,95359,136752
1610418997000,41279,95121,136400
1610419297000,41134,95220,136354
1610419597000,40899,94810,135709
1610419897000,40654,94730,135384
1610420197000,40396,94419,134815
1610420497000,40164,94170,134334
1610420797000,39790,93701,133491
1610421097000,39549,93256,132805
1610421397000,39512,92773,132285
1610421697000,39255,92223,131478
1610421997000,38980,91659,130639
1610422297000,38565,91310,129875
1610422596000,38482,90839,129321
1610422898000,38216,90324,128540
1610423197000,37965,89747,127712
1610423496000,37620,89061,126681
1610423797000,37394,88391,125785
1610424097000,37076,87506,124582
1610424397000,36753,86692,123445
1610424697000,36496,86003,122499
1610424997000,36046,85225,121271
1610425297000,35754,84863,120617
1610425597000,35349,84324,119673
1610425897000,35049,83351,118400
1610426197000,34697,82740,117437
1610426497000,34447,81871,116318
1610426797000,34089,81109,115198
1610427097000,33726,80370,114096
1610427397000,33401,79333,112734
1610427697000,33046,78420,111466
1610427997000,32298,77641,109939
1610428297000,31618,76955,108573
1610428597000,31289,76192,107481
1610428897000,30792,75061,105853
1610429197000,30502,74353,104855
1610429497000,30237,73652,103889
1610429797000,29833,72796,102629
1610430097000,29464,72314,101778
1610430397000,29176,71855,101031
1610430697000,28834,71150,99984
1610430997000,28551,70256,98807
1610431297000,28116,69393,97509
1610431597000,27857,68391,96248
1610431897000,27545,67544,95089
1610432196000,27326,66472,93798
1610432497000,27040,65719,92759
1610432797000,26753,64759,91512
1610433097000,26395,63861,90256
1610433397000,26336,62945,89281
1610433697000,25976,62114,88090
1610433997000,25834,61266,87100
1610434297000,25757,60258,86015
1610434597000,25479,59780,85259
1610434897000,25255,59170,84425
1610435197000,25087,58671,83758
1610435497000,24941,58856,83797
1610435797000,24803,58482,83285
1610436097000,23362,58195,81557
1610436397000,23237,56452,79689
1610436697000,22923,56180,79103
1610436997000,23319,56418,79737
1610437297000,22939,57096,80035
1610437597000,23415,57565,80980
1610437897000,22684,57652,80336
1610438197000,22740,57280,80020
1610438497000,22739,56888,79627
1610438797000,22798,56704,79502
1610439097000,22517,56362,78879
1610439397000,22408,56246,78654
1610439697000,22562,56052,78614
1610439997000,22677,55751,78428
1610440297000,22737,55570,78307
1610440597000,22807,55363,78170
1610440897000,22933,55183,78116
1610441197000,23026,55110,78136
1610441497000,20318,47114,67432
1610441797000,21786,53578,75364
1610442097000,22190,53997,76187
1610442397000,21696,52628,74324
1610442697000,21817,54120,75937
1610442997000,21952,54283,76235
1610443297000,22079,54682,76761
1610443597000,22230,54706,76936
1610443897000,22364,54911,77275
1610444197000,22470,55228,77698
1610444497000,22679,55265,77944
1610444797000,22862,55489,78351
1610445097000,23018,55628,78646
1610445398000,23135,55303,78438
1610445697000,23151,55423,78574
1610445997000,23156,55308,78464
1610446297000,23340,55526,78866
1610446597000,23440,55632,79072
1610446897000,23506,55687,79193
1610447197000,23472,55510,78982
1610447497000,23483,55511,78994
1610447798000,23615,55562,79177
1610448100000,23690,55872,79562
1610448397000,23766,56023,79789
1610448697000,23833,56315,80148
1610448997000,23883,56091,79974
1610449297000,23864,56269,80133
1610449597000,23921,56419,80340
1610449897000,24071,56631,80702
1610450197000,24241,56922,81163
1610450497000,24390,57020,81410
1610450797000,24442,57213,81655
1610451097000,24406,57650,82056
1610451396000,24518,57827,82345
1610451697000,24646,57999,82645
1610451997000,24672,58383,83055
1610452297000,24911,58624,83535
1610452597000,25108,59088,84196
1610452897000,25335,59242,84577
1610453197000,25539,59355,84894
1610453497000,25770,59791,85561
1610453797000,25985,60312,86297
1610454097000,26089,60892,86981
1610454397000,26256,61287,87543
1610454697000,26590,61917,88507
1610454997000,26790,62399,89189
1610455297000,26957,62763,89720
1610455597000,27073,63393,90466
1610455897000,27277,63885,91162
1610456197000,27650,64409,92059
1610456497000,27830,64738,92568
1610456797000,28046,65633,93679
1610457097000,28327,66318,94645
1610457397000,28503,67155,95658
1610457697000,28730,67802,96532
1610457997000,29088,68440,97528
1610458297000,29188,68879,98067
1610458597000,29493,69670,99163
1610458897000,29858,70668,100526
1610459197000,30124,71480,101604
1610459798000,30496,73004,103500
1610460097000,30625,73390,104015
1610460397000,31110,74162,105272
1610460697000,31352,75113,106465
1610460997000,31746,75954,107700
1610461297000,32229,76973,109202
1610461597000,32567,77711,110278
1610461897000,32894,78393,111287
1610462197000,33301,78928,112229
1610462497000,33754,79411,113165
1610462797000,34117,80236,114353
1610463097000,34421,80995,115416
1610463397000,34782,81486,116268
1610463697000,34993,82266,117259
1610463997000,35331,83094,118425
1610464297000,34619,83895,118514
1610464596000,35045,83937,118982
1610464896000,35281,84542,119823
1610465197000,35422,85062,120484
1610465497000,35479,85609,121088
1610465797000,35664,86506,122170
1610466097000,35942,86918,122860
1610466397000,36187,87443,123630
1610466697000,36501,87762,124263
1610466997000,36734,88110,124844
1610467297000,36927,88620,125547
1610467597000,37221,89182,126403
1610467897000,37529,89647,127176
1610468197000,37686,90276,127962
1610468497000,37859,90701,128560
1610468797000,38104,90816,128920
1610469097000,38289,91827,130116
1610469397000,38504,91077,129581
1610469697000,38693,90736,129429
1610469996000,38797,90564,129361
1610470297000,38882,90690,129572
1610470597000,39100,90937,130037
1610470897000,39205,91042,130247
1610471197000,39280,91159,130439
1610471497000,39529,91394,130923
1610471797000,39886,91611,131497
1610472097000,40246,92169,132415
1610472397000,40606,92536,133142
1610472697000,40952,92886,133838
1610472997000,41167,93111,134278
1610473297000,41522,93723,135245
1610473597000,41861,94184,136045
1610473897000,42223,94653,136876
1610474197000,42415,95100,137515
1610474497000,42709,95611,138320
1610474797000,43400,96065,139465
1610475097000,43745,96528,140273
1610475397000,44102,96992,141094
1610475697000,45220,97563,142783
1610475997000,45496,98400,143896
1610476297000,45370,98368,143738
1610476597000,45272,98850,144122
1610476897000,45525,99318,144843
1610477197000,45751,99669,145420
1610477497000,45882,100230,146112
1610477797000,45945,100556,146501
1610478097000,46188,100784,146972
1610478397000,46564,101175,147739
1610478711000,46962,101655,148617
1610478997000,47193,102037,149230
1610479298000,47558,102325,149883
1610479597000,47803,102790,150593
1610479897000,48053,103262,151315
1610480197000,48264,103432,151696
1610480497000,48456,103854,152310
1610480797000,48730,104126,152856
1610481098000,48994,104348,153342
1610481397000,49192,104316,153508
1610481696000,47715,104384,152099
1610481997000,47719,104393,152112
1610482297000,47659,104753,152412
1610482597000,47653,104753,152406
1610482897000,47639,104811,152450
1610483197000,47567,104596,152163
1610483497000,47552,104570,152122
1610483797000,47506,104508,152014
1610484097000,47532,104604,152136
1610484396000,47454,104488,151942
1610484696000,47441,104565,152006
1610484997000,47415,104313,151728
1610485297000,47332,104206,151538
1610485597000,47232,103848,151080
1610485898000,47207,103878,151085
1610486197000,47048,103711,150759
1610486497000,46997,103772,150769
1610486797000,46938,103341,150279
1610487097000,46856,102946,149802
1610487397000,46846,102944,149790
1610487697000,46795,102892,149687
1610487997000,46647,102743,149390
1610488297000,46577,102432,149009
1610488597000,46492,102228,148720
1610488897000,46258,101754,148012
1610489197000,46117,103452,149569
1610489497000,45959,102779,148738
1610489797000,45804,102380,148184
1610490097000,45577,99695,145272
1610490397000,45409,99444,144853
1610490697000,45202,98996,144198
1610490997000,45142,98653,143795
1610491297000,45105,98463,143568
1610491598000,44812,98007,142819
1610491626000,44822,97977,142799
1610491981000,44450,97413,141863
1610492010000,44456,97071,141527
1610492048000,44407,97420,141827
1610492068000,44425,97451,141876
1610492196000,44312,97116,141428
1610492497000,44094,96191,140285
1610492797000,43859,96648,140507
1610493097000,43593,95394,138987
1610493397000,43527,95029,138556
1610493697000,43567,94793,138360
1610493997000,43610,94681,138291
1610494297000,43624,94200,137824
1610494597000,43515,93852,137367
1610494896000,43613,93814,137427
1610495197000,43430,93519,136949
1610495496000,43377,93514,136891
1610495797000,43373,92891,136264
1610496097000,43501,92788,136289
1610496397000,43754,92604,136358
1610496697000,43846,92716,136562
1610496997000,43744,92681,136425
1610497297000,43747,93125,136872
1610497597000,43544,93148,136692
1610497897000,43390,93171,136561
1610498197000,43391,93394,136785
1610498497000,43401,93438,136839
1610498797000,43332,93603,136935
1610499097000,43269,93686,136955
1610499397000,43146,93793,136939
1610499697000,43028,93693,136721
1610499997000,42905,94011,136916
1610500297000,42862,93931,136793
1610500597000,42709,93951,136660
1610500897000,42669,94118,136787
1610501197000,42731,94362,137093
1610501497000,42586,94560,137146
1610501797000,42434,94691,137125
1610502097000,42317,94905,137222
1610502397000,42221,94778,136999
1610502697000,42072,94954,137026
1610502997000,41900,94857,136757
1610503297000,41783,94872,136655
1610503597000,41584,95094,136678
1610503897000,41409,94789,136198
1610504197000,41150,94885,136035
1610504497000,40978,94809,135787
1610504797000,40852,94746,135598
1610505097000,40761,94468,135229
1610505397000,40595,94494,135089
1610505697000,40469,94401,134870
1610505997000,40334,93961,134295
1610506297000,40142,93594,133736
1610506597000,39964,93154,133118
1610506897000,39742,92889,132631
1610507196000,39465,92183,131648
1610507497000,39221,91851,131072
1610507797000,39011,91474,130485
1610508097000,38827,91156,129983
1610508397000,38583,90815,129398
1610508697000,38320,90272,128592
1610508997000,38018,89739,127757
1610509297000,37632,89052,126684
1610509597000,37347,88327,125674
1610509897000,37084,87856,124940
1610510197000,36714,87155,123869
1610510497000,36468,86330,122798
1610510797000,36127,85414,121541
1610511097000,35832,84634,120466
1610511397000,35446,84151,119597
1610511697000,35106,83154,118260
1610511997000,34772,82366,117138
1610512297000,34376,81727,116103
1610512597000,34038,81028,115066
1610512897000,33725,80108,113833
1610513197000,33322,79329,112651
1610513497000,32959,78550,111509
1610513797000,32639,77942,110581
1610514097000,31706,77019,108725
1610514397000,31227,76242,107469
1610514697000,30826,75190,106016
1610514997000,30451,74643,105094
1610515297000,30047,73870,103917
1610515597000,29640,73157,102797
1610515897000,29222,72172,101394
1610516197000,28879,71415,100294
1610516497000,28594,70698,99292
1610516797000,28352,69983,98335
1610517097000,28083,69165,97248
1610517397000,27817,68364,96181
1610517697000,27459,67635,95094
1610517997000,27110,66972,94082
1610518297000,26844,66314,93158
1610518597000,26665,65531,92196
1610518897000,26433,65204,91637
1610519197000,26135,64580,90715
1610519497000,25895,63692,89587
1610519797000,25682,62896,88578
1610520097000,25491,62327,87818
1610520398000,25311,61858,87169
1610520697000,25144,60900,86044
1610520997000,24941,58640,83581
1610521297000,24684,58125,82809
1610521597000,24599,57560,82159
1610521897000,24377,59333,83710
1610522197000,24265,59047,83312
1610522497000,22963,57506,80469
1610522797000,22253,55528,77781
1610523097000,22221,54991,77212
1610523397000,22468,55146,77614
1610523697000,23280,56124,79404
1610523997000,22217,56425,78642
1610524297000,22125,56187,78312
1610524597000,22014,56095,78109
1610524897000,22005,55746,77751
1610525197000,21926,55404,77330
1610525497000,21825,55085,76910
1610525797000,21823,54931,76754
1610526097000,21691,54280,75971
1610526397000,21643,54267,75910
1610526697000,21679,53915,75594
1610526997000,21681,53859,75540
1610527297000,21743,53943,75686
1610527597000,21692,54649,76341
1610527897000,21771,54304,76075
1610528197000,21778,54285,76063
1610528497000,21853,54332,76185
1610528797000,22010,54295,76305
1610529097000,22208,54583,76791
1610529397000,22234,54520,76754
1610529697000,22475,54554,77029
1610529997000,22570,54424,76994
1610530297000,22696,54360,77056
1610530597000,22883,54393,77276
1610530897000,23034,54560,77594
1610531197000,23066,54445,77511
1610531497000,23302,54584,77886
1610531797000,23502,54607,78109
1610532097000,23591,54792,78383
1610532397000,23704,54770,78474
1610532697000,23151,54779,77930
1610532997000,23228,55142,78370
1610533297000,23336,55501,78837
1610533597000,23523,55492,79015
1610533897000,23471,55653,79124
1610534196000,23515,55811,79326
1610534497000,23643,55923,79566
1610534797000,23782,56225,80007
1610535097000,23808,56400,80208
1610535397000,23994,56246,80240
1610535697000,24087,55764,79851
1610535997000,24318,54917,79235
1610536297000,24470,54132,78602
1610536597000,24629,53461,78090
1610536897000,24889,51830,76719
1610537197000,24976,48424,73400
1610537497000,25133,6983,32116
1610537797000,25389,22649,48038
1610538096000,25624,29692,55316
1610538397000,25789,34094,59883
1610538697000,25863,37489,63352
1610538997000,25990,40344,66334
1610539297000,26168,42514,68682
1610539597000,26354,44306,70660
1610539897000,26591,46105,72696
1610540196000,26898,47783,74681
1610540497000,27132,49431,76563
1610540797000,27451,50531,77982
1610541097000,27579,51760,79339
1610541397000,27818,52659,80477
1610541697000,28112,53843,81955
1610541997000,28417,54935,83352
1610542297000,28721,56306,85027
1610542597000,28861,57234,86095
1610542897000,29086,57973,87059
1610543197000,29415,58880,88295
1610543497000,29695,59893,89588
1610543797000,29924,60796,90720
1610544097000,30163,61788,91951
1610544397000,30428,62768,93196
1610544697000,30632,63521,94153
1610544997000,30949,64511,95460
1610545297000,31280,65619,96899
1610545596000,31599,66544,98143
1610545897000,31755,67361,99116
1610546197000,31780,67915,99695
1610546497000,32064,68581,100645
1610546797000,32293,69238,101531
1610547097000,32638,70010,102648
1610547397000,33043,70809,103852
1610547697000,33408,71524,104932
1610547997000,33797,72210,106007
1610548297000,34093,72950,107043
1610548597000,34481,74852,109333
1610548897000,34817,76536,111353
1610549197000,35232,77113,112345
1610549497000,35346,77559,112905
1610549797000,35571,78140,113711
1610550097000,35904,78717,114621
1610550402000,36252,79787,116039
1610550697000,36590,80591,117181
1610550997000,36932,81133,118065
1610551297000,37234,81998,119232
1610551597000,37613,82553,120166
1610551897000,37969,83266,121235
1610552197000,38239,83824,122063
1610552497000,38447,84699,123146
1610552797000,38659,85372,124031
1610553097000,38916,85811,124727
1610553397000,39160,86188,125348
1610553697000,39445,86361,125806
1610553997000,39744,86819,126563
1610554297000,40070,87413,127483
1610554596000,40321,87903,128224
1610554897000,40594,88300,128894
1610555197000,38009,88501,126510
1610555497000,38235,88701,126936
1610555797000,38332,88691,127023
1610556097000,38467,89153,127620
1610556397000,38694,89312,128006
1610556697000,38805,89524,128329
1610556997000,38926,89977,128903
1610557297000,39003,89564,128567
1610557597000,39081,89968,129049
1610557897000,39135,90227,129362
1610558197000,39243,90543,129786
1610558497000,39449,90776,130225
1610558797000,39689,91282,130971
1610559097000,39792,91616,131408
1610559396000,40154,91772,131926
1610559697000,40426,92420,132846
1610559997000,41476,92953,134429
1610560297000,40565,93442,134007
1610560597000,40963,94854,135817
1610560897000,40826,95147,135973
1610561200000,41722,95307,137029
1610561497000,41375,95755,137130
1610561797000,41570,96491,138061
1610562097000,42499,97228,139727
1610562397000,42956,97826,140782
1610562696000,42980,98376,141356
1610562997000,44209,98693,142902
1610563297000,44397,99109,143506
1610563597000,44512,99446,143958
1610563897000,44769,99763,144532
1610564196000,44896,100167,145063
1610564497000,45066,100358,145424
1610564797000,45216,100877,146093
1610565097000,45336,101490,146826
1610565398000,45476,101888,147364
1610565697000,45680,102251,147931
1610565996000,45837,101440,147277
1610566297000,45810,101707,147517
1610566597000,45952,103028,148980
1610566897000,46137,104379,150516
1610567197000,46318,103510,149828
1610567497000,46400,103499,149899
1610567796000,46552,103444,149996
1610568097000,46571,103324,149895
1610568397000,46431,103381,149812
1610568697000,46508,103324,149832
1610568997000,46495,103453,149948
1610569297000,46604,103795,150399
1610569597000,46649,103928,150577
1610569897000,46700,103951,150651
1610570497000,46737,104621,151358
1610570797000,46687,104875,151562
1610571097000,46641,104488,151129
1610571397000,46662,103961,150623
1610571697000,46462,103984,150446
1610571996000,46295,103050,149345
1610572298000,46201,103049,149250
1610572597000,46270,102881,149151
1610572897000,46267,101584,147851
1610573197000,46271,100995,147266
1610573497000,46126,101015,147141
1610573797000,46039,101046,147085
1610574097000,46021,101135,147156
1610574397000,45830,100762,146592
1610574697000,45590,100705,146295
1610574997000,45479,100133,145612
1610575297000,45314,99698,145012
1610575597000,45107,98930,144037
1610575897000,44863,98540,143403
1610576197000,44623,98244,142867
1610576497000,44391,97516,141907
1610576797000,44234,97417,141651
1610577097000,44068,96987,141055
1610577397000,43807,96334,140141
1610577697000,43810,96652,140462
1610577997000,43680,96020,139700
1610578297000,43515,96156,139671
1610578597000,43453,95641,139094
1610578897000,43261,94733,137994
1610579197000,43110,94134,137244
1610579497000,42906,93659,136565
1610579801000,42713,93814,136527
1610579826000,42699,93602,136301
1610580097000,42605,93087,135692
1610580397000,42601,92858,135459
1610580697000,42514,92588,135102
1610580997000,42403,92329,134732
1610581297000,42305,92192,134497
1610581597000,42207,91939,134146
1610581897000,42153,91905,134058
1610582210000,42262,91728,133990
1610582239000,42299,91749,134048
1610582497000,42587,91522,134109
1610582797000,42770,91006,133776
1610583097000,42798,91140,133938
1610583397000,42733,91105,133838
1610583697000,42622,91237,133859
1610583996000,42572,90993,133565
1610584297000,42447,91160,133607
1610584597000,42375,91277,133652
1610584897000,42320,91476,133796
1610585197000,42179,91659,133838
1610585497000,42005,91985,133990
1610585797000,41928,92262,134190
1610586097000,41937,92359,134296
1610586396000,41922,92447,134369
1610586697000,41810,92609,134419
1610586997000,41805,92866,134671
1610587297000,41774,93042,134816
1610587597000,41811,93441,135252
1610587897000,41607,93306,134913
1610588197000,41632,93387,135019
1610588497000,41499,93501,135000
1610588797000,41327,93714,135041
1610589097000,41162,93651,134813
1610589397000,41104,93663,134767
1610589697000,40889,94049,134938
1610589997000,40653,93992,134645
1610590297000,40440,94081,134521
1610590597000,40294,94013,134307
1610590897000,40127,94008,134135
1610591197000,39969,93521,133490
1610591497000,39823,93380,133203
1610591797000,39619,93119,132738
1610592097000,39433,93158,132591
1610592397000,39150,92942,132092
1610592697000,38925,92582,131507
1610592997000,38698,92123,130821
1610593297000,38608,91919,130527
1610593597000,38375,91447,129822
1610593897000,38063,91090,129153
1610594197000,37878,90646,128524
1610594497000,37718,90371,128089
1610594796000,37448,89731,127179
1610595097000,37218,89016,126234
1610595397000,36935,88578,125513
1610595697000,36706,87971,124677
1610595997000,36396,87573,123969
1610596297000,36084,87049,123133
1610596597000,35835,86277,122112
1610596897000,35475,85543,121018
1610597197000,35036,84775,119811
1610597497000,34733,83817,118550
1610597796000,34424,83027,117451
1610598097000,34253,82255,116508
1610598397000,33859,81473,115332
1610598697000,33562,80621,114183
1610598996000,33292,79888,113180
1610599296000,33018,80491,113509
1610599597000,32591,79588,112179
1610599897000,32140,79168,111308
1610600197000,31612,78232,109844
1610600510000,31129,76292,107421
1610600539000,31101,76118,107219
1610600584000,30696,76062,106758
1610600632000,30950,75819,106769
1610600903000,30447,75108,105555
1610600933000,30413,75090,105503
1610600972000,30348,74978,105326
1610600995000,30322,74936,105258
1610601087000,30205,74875,105080
1610601177000,30192,74508,104700
1610601417000,29967,73808,103775
1610601446000,29903,73714,103617
1610601485000,29839,73686,103525
1610601627000,29660,73265,102925
1610601646000,29657,73242,102899
1610601794000,29478,71752,101230
1610601823000,29456,72485,101941
1610601861000,29452,72524,101976
1610601997000,29292,72192,101484
1610602026000,29279,72030,101309
1610602065000,29264,71931,101195
1610602110000,29211,71892,101103
1610602203000,29093,73443,102536
1610602389000,28898,71579,100477
1610602419000,28909,72433,101342
1610602457000,28849,72467,101316
1610602495000,28809,72602,101411
1610602571000,28741,72491,101232
1610602768000,28594,72176,100770
1610602897000,28393,70066,98459
1610603196000,28054,69287,97341
1610603497000,27810,68902,96712
1610603797000,27476,68391,95867
1610604097000,27221,67018,94239
1610604397000,26830,67483,94313
1610604697000,26527,66740,93267
1610604997000,26387,65847,92234
1610605297000,26182,64508,90690
1610605597000,25858,65349,91207
1610605897000,25577,64826,90403
1610606197000,25414,63055,88469
1610606497000,25280,62605,87885
1610606797000,25072,62465,87537
1610607097000,24851,60813,85664
1610607397000,24713,58968,83681
1610607697000,24532,59177,83709
1610607997000,24421,57401,81822
1610608297000,24361,58375,82736
1610608597000,24437,57687,82124
1610608897000,24337,57524,81861
1610609197000,23071,55746,78817
1610609497000,22732,55216,77948
1610609797000,22588,55437,78025
1610610097000,22613,56303,78916
1610610397000,23519,56649,80168
1610610697000,22246,56573,78819
1610610997000,21788,56345,78133
1610611297000,21826,55391,77217
1610611598000,21813,55476,77289
1610611897000,21861,55652,77513
1610612197000,21917,55658,77575
1610612497000,21830,55403,77233
1610612797000,21815,54832,76647
1610613097000,21841,54934,76775
1610613397000,21930,54842,76772
1610613697000,21963,54636,76599
1610613997000,21905,54979,76884
1610614297000,22045,55053,77098
1610614597000,22014,54730,76744
1610614897000,22070,54702,76772
1610615197000,22060,54717,76777
1610615496000,22093,54160,76253
1610615816000,22136,54924,77060
1610616097000,22255,55193,77448
1610616396000,22303,55334,77637
1610616697000,22376,54992,77368
1610616997000,22460,55326,77786
1610617297000,22617,54796,77413
1610617597000,22625,55199,77824
1610617897000,22718,55357,78075
1610618197000,22758,55457,78215
1610618497000,22848,54921,77769
1610618796000,22945,55430,78375
1610619097000,22950,55513,78463
1610619397000,22920,55943,78863
1610619697000,23062,56035,79097
1610619996000,23148,55845,78993
1610620297000,23255,55842,79097
1610620597000,23335,56063,79398
1610620897000,23420,55182,78602
1610621197000,23443,54438,77881
1610621497000,23495,53813,77308
1610621797000,23542,52697,76239
1610622097000,23597,51030,74627
1610622396000,23719,47689,71408
1610622697000,23800,17081,40881
1610622996000,23994,32302,56296
1610623297000,24108,38622,62730
1610623597000,24228,42685,66913
1610623897000,24409,45621,70030
1610624197000,24479,48207,72686
1610624497000,24701,49758,74459
1610624797000,24890,51429,76319
1610625097000,25054,52767,77821
1610625397000,25278,54014,79292
1610625697000,25433,55014,80447
1610626004000,25718,55812,81530
1610626301000,25907,56666,82573
1610626597000,26144,58321,84465
1610626898000,26350,59150,85500
1610627197000,26570,60056,86626
1610627503000,26790,60838,87628
1610627796000,27092,61575,88667
1610628098000,27335,62081,89416
1610628397000,27516,63055,90571
1610628697000,27680,63904,91584
1610628997000,28010,64555,92565
1610629297000,28178,65412,93590
1610629597000,28433,66284,94717
1610629897000,28784,66889,95673
1610630197000,28923,67781,96704
1610630497000,29106,68512,97618
1610630797000,29410,69510,98920
1610631097000,28455,70274,98729
1610631397000,28714,71069,99783
1610631697000,29041,71445,100486
1610631997000,29217,71753,100970
1610632296000,29486,72443,101929
1610632596000,29722,73065,102787
1610632897000,29982,73827,103809
1610633198000,30242,74711,104953
1610633497000,30633,75470,106103
1610633797000,30869,76411,107280
1610634097000,31338,77271,108609
1610634397000,31720,77882,109602
1610634697000,32011,78423,110434
1610634997000,32135,79388,111523
1610635297000,32482,79898,112380
1610635597000,32663,80650,113313
1610635897000,33037,81282,114319
1610636196000,33337,82003,115340
1610636497000,33655,82415,116070
1610636796000,33953,83455,117408
1610637097000,34293,84120,118413
1610637397000,34756,84921,119677
1610637697000,35082,85470,120552
1610637997000,35452,86219,121671
1610638297000,35689,86882,122571
1610638597000,36022,87434,123456
1610638897000,36401,87764,124165
1610639197000,36767,88213,124980
1610639497000,37115,88698,125813
1610639797000,37380,89046,126426
1610640099000,37575,89611,127186
1610640397000,37787,89854,127641
1610640697000,38009,90643,128652
1610640997000,38174,91253,129427
1610641297000,38561,91697,130258
1610641597000,38877,92075,130952
1610641897000,39089,92620,131709
1610642197000,39350,92855,132205
1610642497000,39621,93048,132669
1610642797000,39893,93526,133419
1610643096000,40046,93600,133646
1610643397000,40147,93634,133781
1610643697000,40209,93460,133669
1610643997000,40519,93738,134257
1610644297000,40673,93862,134535
1610644597000,40902,93929,134831
1610644897000,41067,94366,135433
1610645197000,41263,94531,135794
1610645497000,41537,94917,136454
1610645797000,41743,95468,137211
1610646097000,42151,95959,138110
1610646397000,42679,96161,138840
1610646697000,42745,96381,139126
1610646997000,43188,96747,139935
1610647297000,43017,96663,139680
1610647597000,44145,97280,141425
1610647897000,44756,97674,142430
1610648197000,42443,98397,140840
1610648497000,43306,98898,142204
1610648797000,43502,99502,143004
1610648812000,43542,99506,143048
1610649097000,43647,100049,143696
1610649397000,43836,100587,144423
1610649696000,44002,100976,144978
1610649726000,44043,100991,145034
1610649997000,44248,101426,145674
1610650297000,44328,101764,146092
1610650597000,44382,102221,146603
1610650897000,44354,102574,146928
1610651197000,44310,102819,147129
1610651497000,44253,103242,147495
1610651797000,44563,103651,148214
1610652097000,44917,104044,148961
1610652396000,45056,104311,149367
1610652697000,45309,104407,149716
1610652997000,45427,104809,150236
1610653297000,45577,104908,150485
1610653597000,45673,105199,150872
1610653897000,45694,105670,151364
1610654197000,45838,105615,151453
1610654497000,45691,105879,151570
1610654797000,45678,105922,151600
1610655097000,45674,105767,151441
1610655397000,45759,106043,151802
1610655697000,45821,106067,151888
1610655997000,45902,106319,152221
1610656297000,45981,108398,154379
1610656596000,45970,105946,151916
1610656897000,46041,106096,152137
1610657197000,46015,106110,152125
1610657497000,46022,106070,152092
1610657797000,45982,105683,151665
1610658097000,45900,105424,151324
1610658396000,45899,105130,151029
1610658697000,45908,104873,150781
1610658997000,45816,104697,150513
1610659297000,45822,104561,150383
1610659599000,45718,104280,149998
1610659897000,45784,103647,149431
1610660197000,45600,103220,148820
1610660497000,45558,102942,148500
1610660797000,45392,102649,148041
1610661097000,45339,102490,147829
1610661397000,45137,102139,147276
1610661697000,44871,101594,146465
1610661997000,44676,100973,145649
1610662297000,44467,100565,145032
1610662597000,44377,100280,144657
1610662897000,44225,100130,144355
1610663197000,44230,100127,144357
1610663497000,44088,99651,143739
1610663796000,43984,99273,143257
1610664097000,43982,98862,142844
1610664396000,43844,98371,142215
1610664697000,43750,98159,141909
1610664996000,43487,97643,141130
1610665297000,43170,97260,140430
1610665597000,42976,97001,139977
1610665897000,42883,96853,139736
1610666196000,42697,96773,139470
1610666497000,42529,96280,138809
1610666796000,42393,95697,138090
1610667097000,42479,95556,138035
1610667397000,42284,95346,137630
1610667697000,42212,95083,137295
1610667997000,42167,95140,137307
1610668297000,42105,94668,136773
1610668596000,42010,94370,136380
1610668897000,41971,93728,135699
1610669197000,42343,93463,135806
1610669497000,42444,93487,135931
1610669797000,42378,93786,136164
1610670097000,42279,93706,135985
1610670397000,42251,93737,135988
1610670697000,42095,93799,135894
1610670997000,42038,93684,135722
1610671297000,41873,94107,135980
1610671596000,41742,94373,136115
1610671896000,41738,94508,136246
1610672196000,41679,94476,136155
1610672496000,41553,94665,136218
1610672797000,41431,94574,136005
1610673097000,41425,94694,136119
1610673397000,41391,94863,136254
1610673697000,41337,94925,136262
1610673997000,41340,95115,136455
1610674297000,41242,95390,136632
1610674597000,41112,95546,136658
1610674897000,40985,95638,136623
1610675197000,40992,95665,136657
1610675497000,40787,95773,136560
1610675797000,40750,95649,136399
1610676097000,40609,95465,136074
1610676397000,40483,95282,135765
1610676697000,40415,95295,135710
1610676997000,40303,95489,135792
1610677297000,40175,95367,135542
1610677596000,40002,95341,135343
1610677897000,39893,95166,135059
1610678197000,39681,95211,134892
1610678497000,39536,95030,134566
1610678797000,39351,94904,134255
1610679097000,39200,94770,133970
1610679398000,39030,94394,133424
1610679696000,38627,93580,132207
1610679997000,38420,93141,131561
1610680297000,38147,92854,131001
1610680596000,37883,92524,130407
1610680897000,37691,92193,129884
1610681197000,37449,91911,129360
1610681496000,37239,91830,129069
1610681798000,37031,90972,128003
1610682097000,36765,90486,127251
1610682396000,36545,89910,126455
1610682697000,36343,89392,125735
1610682996000,36032,88780,124812
1610683297000,35747,88102,123849
1610683596000,35555,87364,122919
1610683897000,35132,86516,121648
1610684197000,34916,85773,120689
1610684497000,34617,85021,119638
1610684797000,34283,84514,118797
1610685097000,33940,83639,117579
1610685397000,33626,82700,116326
1610685697000,33007,82244,115251
1610685997000,32395,81480,113875
1610686297000,31887,80866,112753
1610686597000,31474,79970,111444
1610686897000,31155,78993,110148
1610687197000,30835,78265,109100
1610687497000,30412,77893,108305
1610687797000,30004,77075,107079
1610688097000,29627,76481,106108
1610688397000,29348,75499,104847
1610688697000,28959,74772,103731
1610688997000,28634,74274,102908
1610689297000,28378,73641,102019
1610689597000,28197,73085,101282
1610689897000,27865,72562,100427
1610690197000,27592,71720,99312
1610690497000,27176,70370,97546
1610690796000,26717,67560,94277
1610691097000,26587,66818,93405
1610691397000,26441,66184,92625
1610691697000,26283,66395,92678
1610691997000,25927,66256,92183
1610692297000,25738,65689,91427
1610692597000,25461,65113,90574
1610692897000,25254,64437,89691
1610693198000,25069,63489,88558
1610693497000,24797,62193,86990
1610693797000,24643,61212,85855
1610694097000,24430,60264,84694
1610694397000,24285,59491,83776
1610694697000,24074,59645,83719
1610694997000,24031,59477,83508
1610695297000,24037,59207,83244
1610695597000,22444,57501,79945
1610695897000,22566,57077,79643
1610696198000,22016,57283,79299
1610696497000,21943,58000,79943
1610696796000,22370,58479,80849
1610697097000,22674,58554,81228
1610697397000,22023,58394,80417
1610697698000,21990,57982,79972
1610697997000,21993,57390,79383
1610698297000,22112,57445,79557
1610698597000,22186,57481,79667
1610698897000,22195,57094,79289
1610699197000,22206,56685,78891
1610699497000,22285,56393,78678
1610699797000,22365,56651,79016
1610700097000,22464,56271,78735
1610700397000,22504,56005,78509
1610700696000,22508,55842,78350
1610700997000,22137,55530,77667
1610701296000,22163,55378,77541
1610701597000,22308,55512,77820
1610701897000,22510,55633,78143
1610702197000,22789,55514,78303
1610702497000,23069,55629,78698
1610702797000,23222,55991,79213
1610703097000,23405,55989,79394
1610703397000,23600,55661,79261
1610703697000,23741,55555,79296
1610703997000,23824,55610,79434
1610704297000,23836,55624,79460
1610704597000,23992,55413,79405
1610704897000,24018,55920,79938
1610705197000,24113,55995,80108
1610705497000,22856,56221,79077
1610705797000,23020,56422,79442
1610706097000,23143,56584,79727
1610706396000,23277,56120,79397
1610706705000,23329,56371,79700
1610706996000,23424,56385,79809
1610707297000,23533,56492,80025
1610707597000,23648,56543,80191
1610707897000,23789,56896,80685
1610708197000,23861,57057,80918
1610708497000,24105,57211,81316
1610708797000,24266,57268,81534
1610709097000,24460,57402,81862
1610709397000,24594,57682,82276
1610709697000,24758,57924,82682
1610709996000,24932,58290,83222
1610710297000,25065,58551,83616
1610710597000,25327,58919,84246
1610710898000,25479,59364,84843
1610711196000,25639,59694,85333
1610711497000,25858,60049,85907
1610711797000,25227,60359,85586
1610712097000,25324,60817,86141
1610712397000,25442,61485,86927
1610712697000,25564,62178,87742
1610712997000,25714,62764,88478
1610713297000,25902,63322,89224
1610713597000,25667,63648,89315
1610713897000,25856,64135,89991
1610714197000,26015,64276,90291
1610714497000,26166,64746,90912
1610714797000,26432,65440,91872
1610715097000,26689,66032,92721
1610715396000,26879,66410,93289
1610715696000,26998,67041,94039
1610715997000,27336,67668,95004
1610716297000,27749,68215,95964
1610716597000,27898,68921,96819
1610716897000,28119,69518,97637
1610717197000,28457,70354,98811
1610717498000,28767,71175,99942
1610717796000,29003,71826,100829
1610718097000,29335,72420,101755
1610718396000,29502,72945,102447
1610718697000,29793,73707,103500
1610718997000,30080,74485,104565
1610719297000,30415,75153,105568
1610719597000,30839,75693,106532
1610719897000,31261,76289,107550
1610720197000,31623,76769,108392
1610720497000,31933,77521,109454
1610720797000,32393,78416,110809
1610721097000,32626,78970,111596
1610721397000,33029,79471,112500
1610721697000,33405,79986,113391
1610721997000,33776,80719,114495
1610722297000,34054,81724,115778
1610722597000,34402,82299,116701
1610722897000,34677,83173,117850
1610723197000,34980,83785,118765
1610723497000,35337,83784,119121
1610723797000,35684,83937,119621
1610724097000,36055,84299,120354
1610724397000,36396,85067,121463
1610724696000,36586,85896,122482
1610724997000,36991,86323,123314
1610725297000,37275,86589,123864
1610725597000,37594,87014,124608
1610725897000,37872,87444,125316
1610726197000,38010,88046,126056
1610726497000,38193,88327,126520
1610726797000,38469,88701,127170
1610727097000,38758,89093,127851
1610727397000,38946,89519,128465
1610727697000,39228,89966,129194
1610727997000,39410,90145,129555
1610728297000,39631,90403,130034
1610728597000,39768,90387,130155
1610728897000,39965,90598,130563
1610729197000,40189,90637,130826
1610729497000,40308,90939,131247
1610729796000,40520,90619,131139
1610730097000,40676,90553,131229
1610730397000,40844,90948,131792
1610730697000,40977,91193,132170
1610730997000,41157,90965,132122
1610731297000,41242,91443,132685
1610731596000,41513,91702,133215
1610731897000,41758,91846,133604
1610732197000,42078,92178,134256
1610732497000,39328,90739,130067
1610732797000,39422,91289,130711
1610733097000,39581,91990,131571
1610733397000,39683,93156,132839
1610733697000,39836,93693,133529
1610733998000,40174,93829,134003
1610734297000,40330,94581,134911
1610734597000,40168,94810,134978
1610734897000,40607,95189,135796
1610735197000,41096,95650,136746
1610735497000,42123,95985,138108
1610735797000,42195,96540,138735
1610736097000,42232,96680,138912
1610736396000,42364,96981,139345
1610736697000,42413,97399,139812
1610736997000,42579,97508,140087
1610737297000,42711,97868,140579
1610737597000,42753,98319,141072
1610737897000,42969,98734,141703
1610738197000,43152,98964,142116
1610738496000,43211,99268,142479
1610738797000,43371,99606,142977
1610739097000,43514,99849,143363
1610739396000,43686,100245,143931
1610739697000,43822,100523,144345
1610739997000,43965,100792,144757
1610740297000,44110,101109,145219
1610740597000,44096,101113,145209
1610740897000,44153,101049,145202
1610741197000,44234,101151,145385
1610741497000,44323,101073,145396
1610741797000,44433,101417,145850
1610742097000,44405,101742,146147
1610742397000,44491,101758,146249
1610742697000,44609,101824,146433
1610742997000,44702,101787,146489
1610743297000,44817,102085,146902
1610743597000,44863,102288,147151
1610743897000,44917,102229,147146
1610744197000,44892,102312,147204
1610744497000,44835,102158,146993
1610744924000,44816,102172,146988
1610745097000,44850,102273,147123
1610745397000,44831,102287,147118
1610745697000,44725,102397,147122
1610745996000,44707,102236,146943
1610746296000,44775,102116,146891
1610746597000,44755,102137,146892
1610746896000,44762,101936,146698
1610747196000,44770,101660,146430
1610747497000,44794,101714,146508
1610747797000,44761,101450,146211
1610748097000,44706,101040,145746
1610748397000,44495,100924,145419
1610748697000,44240,100837,145077
1610748997000,44214,100577,144791
1610749297000,43974,100222,144196
1610749596000,44029,99896,143925
1610749897000,43929,99586,143515
1610750196000,43779,99224,143003
1610750497000,43798,99255,143053
1610750796000,43704,98764,142468
1610751097000,43566,98459,142025
1610751397000,43432,97939,141371
1610751697000,43180,97506,140686
1610751997000,42949,96661,139610
1610752297000,42762,96856,139618
1610752751000,42680,96238,138918
1610752897000,42546,96007,138553
1610753197000,42526,95796,138322
1610753497000,42424,95326,137750
1610753796000,42420,94420,136840
1610754096000,42459,94277,136736
1610754397000,42268,94088,136356
1610754697000,42172,93981,136153
1610754997000,42188,93788,135976
1610755297000,42335,93177,135512
1610755597000,42502,92908,135410
1610755896000,42291,92229,134520
1610756197000,42167,92272,134439
1610756496000,42082,92354,134436
1610756797000,41860,92294,134154
1610757097000,41652,92163,133815
1610757397000,41610,91963,133573
1610757696000,41500,91992,133492
1610757997000,41389,92321,133710
1610758297000,41256,92127,133383
1610758597000,41070,92192,133262
1610758897000,41015,92094,133109
1610759197000,40929,91574,132503
1610759497000,40706,91642,132348
1610759797000,40674,91594,132268
1610760097000,40587,91627,132214
1610760396000,40483,91650,132133
1610760696000,40409,91616,132025
1610760997000,40267,91554,131821
1610761297000,40241,91587,131828
1610761597000,40017,91883,131900
1610761897000,39853,91729,131582
1610762197000,39753,92030,131783
1610762497000,39602,91788,131390
1610762796000,39436,91654,131090
1610763097000,39388,91710,131098
1610763396000,39290,91583,130873
1610763697000,39167,91701,130868
1610763996000,39073,91589,130662
1610764297000,38917,91604,130521
1610764597000,38766,91453,130219
1610764897000,38627,91561,130188
1610765197000,38505,91279,129784
1610765497000,38315,91307,129622
1610765797000,38056,91353,129409
1610766097000,37866,90975,128841
1610766397000,37711,90721,128432
1610766696000,37550,90480,128030
1610766997000,37329,89979,127308
1610767297000,37190,89685,126875
1610767597000,36915,89637,126552
1610767897000,36763,89333,126096
1610768197000,36539,88927,125466
1610768590000,36165,87592,123757
1610768797000,35981,88345,124326
1610769097000,35824,87934,123758
1610769397000,35531,87304,122835
1610769697000,35193,86158,121351
1610769997000,34997,86222,121219
1610770297000,34678,85636,120314
1610770597000,34440,85115,119555
1610770986000,34164,83549,117713
1610771197000,34018,84134,118152
1610771497000,33757,83615,117372
1610771797000,33527,83092,116619
1610772097000,33285,82630,115915
1610772397000,33003,82059,115062
1610772697000,32701,81576,114277
1610772997000,32422,81249,113671
1610773297000,32191,80351,112542
1610773597000,31846,79739,111585
1610773897000,31680,78948,110628
1610774197000,31364,78522,109886
1610774497000,31137,78089,109226
1610774797000,30949,77311,108260
1610775097000,30702,76522,107224
1610775397000,30462,75975,106437
1610775696000,30272,75149,105421
1610775997000,30046,74574,104620
1610776296000,29731,73715,103446
1610776597000,29442,72988,102430
1610776897000,29074,72079,101153
1610777197000,28640,71477,100117
1610777497000,28441,70739,99180
1610777797000,28278,70026,98304
1610778097000,28092,69224,97316
1610778397000,27832,68764,96596
1610778697000,27541,68030,95571
1610778997000,27268,67470,94738
1610779297000,27141,66819,93960
1610779597000,26998,66323,93321
1610779897000,26786,64095,90881
1610780196000,26626,63166,89792
1610780497000,26428,62554,88982
1610780797000,26161,61848,88009
1610781097000,24730,61792,86522
1610781397000,24503,61403,85906
1610781697000,24421,61122,85543
1610781997000,25019,59204,84223
1610782297000,24059,58545,82604
1610782735000,23999,58497,82496
1610782897000,23892,58657,82549
1610783197000,23778,59115,82893
1610783497000,23734,59216,82950
1610783797000,23724,58988,82712
1610784097000,23571,58529,82100
1610784397000,23474,58138,81612
1610784697000,23392,57751,81143
1610784997000,23218,57537,80755
1610785297000,23111,57327,80438
1610785597000,22942,56996,79938
1610785897000,22920,56663,79583
1610786196000,22833,56413,79246
1610786497000,22867,56286,79153
1610786797000,22743,56071,78814
1610787097000,22395,55922,78317
1610787397000,22561,55637,78198
1610787697000,22641,55501,78142
1610787997000,22713,55425,78138
1610788297000,22809,55446,78255
1610788597000,22954,55489,78443
1610788897000,22980,55677,78657
1610789197000,23036,55830,78866
1610789497000,23125,55690,78815
1610789797000,23108,55756,78864
1610790097000,23252,55675,78927
1610790536000,23352,55785,79137
1610790697000,23433,55757,79190
1610790997000,23565,55499,79064
1610791297000,23652,55622,79274
1610791597000,23860,55760,79620
1610791897000,23969,55973,79942
1610792197000,24161,56033,80194
1610792497000,24217,56009,80226
1610792797000,24392,56261,80653
1610793097000,24552,56224,80776
1610793397000,24610,56734,81344
1610793697000,24689,57003,81692
1610793997000,24822,57290,82112
1610794297000,24901,57202,82103
1610794597000,25146,57716,82862
1610794897000,25203,57914,83117
1610795198000,25300,58131,83431
1610795497000,25437,58326,83763
1610795797000,25559,58704,84263
1610796097000,25644,58997,84641
1610796397000,25867,59403,85270
1610796697000,26042,59726,85768
1610796997000,26196,60150,86346
1610797297000,26303,60637,86940
1610797597000,26590,60930,87520
1610797897000,26661,61284,87945
1610798197000,26787,61856,88643
1610798497000,26966,61684,88650
1610798797000,27093,62270,89363
1610799097000,27243,62697,89940
1610799397000,27306,63134,90440
1610799697000,27633,63835,91468
1610799997000,27922,64197,92119
1610800297000,28173,64476,92649
1610800596000,28445,65032,93477
1610800897000,28682,65592,94274
1610801197000,28871,66116,94987
1610801497000,29072,66510,95582
1610801797000,29355,66935,96290
1610802097000,29577,67557,97134
1610802397000,29641,68016,97657
1610802697000,29980,68660,98640
1610802997000,30314,69529,99843
1610803298000,30572,70476,101048
1610803597000,30919,70674,101593
1610803897000,31215,71292,102507
1610804196000,31494,72648,104142
1610804497000,31688,72791,104479
1610804797000,31956,74073,106029
1610805097000,32217,74571,106788
1610805397000,32357,75238,107595
1610805697000,32631,75476,108107
1610805997000,32931,76056,108987
1610806297000,33138,76799,109937
1610806597000,33401,77711,111112
1610806897000,33136,78442,111578
1610807196000,33184,79103,112287
1610807497000,33555,79918,113473
1610807797000,33869,80481,114350
1610808097000,34261,81158,115419
1610808397000,34581,81906,116487
1610808697000,34896,82445,117341
1610808997000,35286,83033,118319
1610809297000,35561,83828,119389
1610809597000,35880,84360,120240
1610809897000,36086,85200,121286
1610810196000,36411,86115,122526
1610810497000,36696,87019,123715
1610810797000,36983,87427,124410
1610811097000,37303,88156,125459
1610811491000,37645,88860,126505
1610811697000,37871,89007,126878
1610811997000,38085,89204,127289
1610812297000,38291,89649,127940
1610812597000,38515,90383,128898
1610812897000,38387,87829,126216
1610813197000,38566,88095,126661
1610813496000,38827,89319,128146
1610813797000,39017,89863,128880
1610814097000,39203,90092,129295
1610814396000,39440,90351,129791
1610814697000,39644,90317,129961
1610814996000,39802,90596,130398
1610815447000,39992,91285,131277
1610815596000,40279,91372,131651
1610815897000,40288,91623,131911
1610816197000,40615,91831,132446
1610816497000,40638,91893,132531
1610816797000,40681,92307,132988
1610817097000,40918,93509,134427
1610817397000,41010,94075,135085
1610817697000,41023,94481,135504
1610818125000,41348,95204,136552
1610818297000,41391,95444,136835
1610818597000,41461,95567,137028
1610818897000,41764,95885,137649
1610819293000,42183,96188,138371
1610819497000,41966,96347,138313
1610819797000,42516,96678,139194
1610820097000,42465,96859,139324
1610820397000,43267,97071,140338
1610820697000,43261,97487,140748
1610820997000,43488,97847,141335
1610821297000,44738,98830,143568
1610821596000,45044,99110,144154
1610821897000,45114,99611,144725
1610822197000,45212,100137,145349
1610822497000,45393,100917,146310
1610822796000,45623,101143,146766
1610823096000,45810,101526,147336
1610823397000,45906,101671,147577
1610823697000,45998,101950,147948
1610823997000,46209,102238,148447
1610824297000,46372,102735,149107
1610824597000,46520,103051,149571
1610824897000,46552,103506,150058
1610825197000,46598,103632,150230
1610825497000,46860,104179,151039
1610825796000,47073,104571,151644
1610826097000,47258,104894,152152
1610826397000,47353,105337,152690
1610826697000,47415,105660,153075
1610826996000,47529,105694,153223
1610827297000,47697,106094,153791
1610827596000,47828,106272,154100
1610827897000,47957,106403,154360
1610828197000,47841,106373,154214
1610828497000,48179,106613,154792
1610828797000,48224,106907,155131
1610829097000,48190,107077,155267
1610829397000,48259,107221,155480
1610829697000,48412,107512,155924
1610829997000,48394,107349,155743
1610830297000,48452,107411,155863
1610830624000,48402,107492,155894
1610830653000,48450,107472,155922
1610830691000,48463,107491,155954
1610830897000,48476,107714,156190
1610831197000,48553,107740,156293
1610831497000,48553,107537,156090
1610831797000,48582,107463,156045
1610832097000,48652,107556,156208
1610832396000,48602,107379,155981
1610832697000,48496,107382,155878
1610832997000,48457,107150,155607
1610833297000,48434,107100,155534
1610833597000,48313,107090,155403
1610833897000,48221,107200,155421
1610834197000,48215,107172,155387
1610834497000,48135,106910,155045
1610834797000,48076,106681,154757
1610835096000,47865,106548,154413
1610835396000,47730,106215,153945
1610835697000,47693,105692,153385
1610835997000,47533,105363,152896
1610836297000,47364,105110,152474
1610836597000,47404,104699,152103
1610836897000,47254,104456,151710
1610837197000,47128,104389,151517
1610837497000,47136,103862,150998
1610837797000,47097,103442,150539
1610838097000,46878,103192,150070
1610838396000,46658,102572,149230
1610838805000,46343,101389,147732
1610838996000,46220,101561,147781
1610839297000,45956,101393,147349
1610839597000,45912,100687,146599
1610839897000,45805,99929,145734
1610840196000,45709,99733,145442
1610840616000,45493,98945,144438
1610840797000,45493,99018,144511
1610841097000,45433,98902,144335
1610841397000,45257,98159,143416
1610841697000,45271,97882,143153
1610841997000,45476,97417,142893
1610842297000,45296,97123,142419
1610842596000,45161,96936,142097
1610842897000,44957,96936,141893
1610843197000,44816,96719,141535
1610843497000,44591,96496,141087
1610843797000,44311,96368,140679
1610844206000,44133,95718,139851
1610844397000,43906,96195,140101
1610844697000,43690,95697,139387
1610845098000,43478,95528,139006
1610845297000,43328,95361,138689
1610845597000,43278,95324,138602
1610845627000,43239,95518,138757
1610845897000,43078,95135,138213
1610845926000,43052,95146,138198
1610845965000,43034,95099,138133
1610845984000,43000,94807,137807
1610846197000,42898,94958,137856
1610846497000,42700,94879,137579
1610846797000,42636,94699,137335
1610847097000,42554,94813,137367
1610847397000,42462,94823,137285
1610847697000,42335,94713,137048
1610847997000,42308,94661,136969
1610848297000,42232,94673,136905
1610848597000,42079,94963,137042
1610848627000,42047,94919,136966
1610848897000,41940,94681,136621
1610849196000,41646,94496,136142
1610849226000,41652,94298,135950
1610849497000,41547,94321,135868
1610849797000,41316,94460,135776
1610850097000,41175,94681,135856
1610850396000,40982,94610,135592
1610850697000,40816,94883,135699
1610850997000,40798,94506,135304
1610851297000,40669,94095,134764
1610851596000,40562,94003,134565
1610851897000,40390,93935,134325
1610852197000,40271,94061,134332
1610852497000,40074,93721,133795
1610852797000,39923,93398,133321
1610853097000,39675,92880,132555
1610853397000,39468,92575,132043
1610853711000,39194,92434,131628
1610853997000,38984,92195,131179
1610854297000,38784,91757,130541
1610854597000,38629,91533,130162
1610854897000,38458,91295,129753
1610855197000,38335,91005,129340
1610855497000,38169,90744,128913
1610855797000,37993,90154,128147
1610856097000,37679,89750,127429
1610856397000,37421,89226,126647
1610856697000,37042,88631,125673
1610856997000,36810,87977,124787
1610857297000,36652,87556,124208
1610857597000,36405,87286,123691
1610857897000,36050,86716,122766
1610858196000,35801,86556,122357
1610858497000,35427,85859,121286
1610858797000,34849,85296,120145
1610859097000,34540,84528,119068
1610859396000,34197,84152,118349
1610859697000,33940,83561,117501
1610859997000,33632,82625,116257
1610860297000,33283,81730,115013
1610860597000,32954,81285,114239
1610860897000,32648,80545,113193
1610861197000,32311,79849,112160
1610861497000,32046,79251,111297
1610861797000,31816,78793,110609
1610862097000,31457,78078,109535
1610862397000,31150,77505,108655
1610862697000,30764,76711,107475
1610862997000,30505,75937,106442
1610863297000,30164,74966,105130
1610863597000,29733,73949,103682
1610863897000,29574,72989,102563
1610864197000,29385,71808,101193
1610864497000,29227,71063,100290
1610864797000,28955,70040,98995
1610865097000,28622,69225,97847
1610865397000,28337,68516,96853
1610865697000,28228,67777,96005
1610865996000,28069,66935,95004
1610866297000,28058,65765,93823
1610866732000,27709,64433,92142
1610866897000,27604,63902,91506
1610867197000,27372,63334,90706
1610867497000,27198,63667,90865
1610867797000,27024,63243,90267
1610868097000,26806,62980,89786
1610868397000,25344,61028,86372
1610868697000,25128,60052,85180
1610868997000,24918,59531,84449
1610869297000,24925,60175,85100
1610869597000,24648,60321,84969
1610869897000,25462,59992,85454
1610870197000,24355,59779,84134
1610870497000,24243,59347,83590
1610870798000,24089,58842,82931
1610871097000,23958,58706,82664
1610871397000,23751,58317,82068
1610871697000,23759,58026,81785
1610871997000,23420,57613,81033
1610872297000,23637,57467,81104
1610872597000,23677,57331,81008
1610872897000,23697,57135,80832
1610873197000,23730,56880,80610
1610873497000,23816,56720,80536
1610873797000,23820,56335,80155
1610874097000,23928,56104,80032
1610874397000,23885,55879,79764
1610874697000,23918,55902,79820
1610874997000,23852,56303,80155
1610875297000,23446,56394,79840
1610875597000,23851,56470,80321
1610875897000,23945,56566,80511
1610876196000,24069,56531,80600
1610876497000,24187,56662,80849
1610876797000,24206,56903,81109
1610877097000,24210,56839,81049
1610877397000,24408,56713,81121
1610877697000,24157,56794,80951
1610877996000,24319,56811,81130
1610878297000,24336,56911,81247
1610878597000,24609,56942,81551
1610878897000,24848,57205,82053
1610879197000,25076,57783,82859
1610879497000,25272,57846,83118
1610879847000,25445,58135,83580
1610880097000,25614,58312,83926
1610880397000,25646,58714,84360
1610880697000,25760,58669,84429
1610880997000,25922,58699,84621
1610881297000,25973,58881,84854
1610881596000,26136,59213,85349
1610881897000,26197,59453,85650
1610882197000,26355,59762,86117
1610882497000,26509,60056,86565
1610882797000,26610,60351,86961
1610883097000,26786,60608,87394
1610883397000,26960,60923,87883
1610883697000,26871,60943,87814
1610883997000,26890,61352,88242
1610884297000,27054,61640,88694
1610884597000,27167,62073,89240
1610884897000,27329,62731,90060
1610885197000,27580,63141,90721
1610885497000,27684,63661,91345
1610885796000,27947,64259,92206
1610886097000,28172,64842,93014
1610886397000,28363,65143,93506
1610886697000,28604,65647,94251
1610886997000,28681,66237,94918
1610887297000,28835,66666,95501
1610887597000,29081,66795,95876
1610887897000,29311,67130,96441
1610888197000,29530,67515,97045
1610888497000,29688,68157,97845
1610888797000,29922,68549,98471
1610889097000,30276,69293,99569
1610889397000,30624,70120,100744
1610889697000,30655,70634,101289
1610889996000,30962,71312,102274
1610890297000,31221,72085,103306
1610890597000,31522,72746,104268
1610890897000,31870,73541,105411
1610891197000,32073,74272,106345
1610891497000,32428,74945,107373
1610891797000,32636,75334,107970
1610892097000,32951,75798,108749
1610892397000,33183,76523,109706
1610892697000,33411,77183,110594
1610892997000,33735,78029,111764
1610893297000,34038,78881,112919
1610893597000,34311,79396,113707
1610893897000,34597,79970,114567
1610894197000,34800,80764,115564
1610894497000,35092,81491,116583
1610894796000,35406,82232,117638
1610895097000,35688,83218,118906
1610895397000,35873,83657,119530
1610895697000,36129,84250,120379
1610895997000,36475,85258,121733
1610896297000,36819,86050,122869
1610896597000,37099,87025,124124
1610896897000,37420,87875,125295
1610897197000,37687,88517,126204
1610897497000,38108,89080,127188
1610897797000,38403,89893,128296
1610898096000,38563,90125,128688
1610898397000,38833,90455,129288
1610898697000,39091,91026,130117
1610898997000,39320,91453,130773
1610899297000,39511,92044,131555
1610899597000,39693,92546,132239
1610899897000,39979,93085,133064
1610900197000,40283,93661,133944
1610900497000,40467,94334,134801
1610900797000,40689,94876,135565
1610901098000,40852,95117,135969
1610901396000,40951,95494,136445
1610901697000,41102,96002,137104
1610901997000,41302,96345,137647
1610902297000,41650,96748,138398
1610902597000,41794,96620,138414
1610902897000,41952,96469,138421
1610903197000,42175,96638,138813
1610903497000,42154,96993,139147
1610903797000,42419,97541,139960
1610904097000,42711,98320,141031
1610904397000,43015,98541,141556
1610904697000,43098,98825,141923
1610904997000,43280,99277,142557
1610905297000,45519,99269,144788
1610905597000,43850,99528,143378
1610905897000,44004,100042,144046
1610906197000,44373,100508,144881
1610906496000,44423,100977,145400
1610906797000,45333,101031,146364
1610907097000,45575,101567,147142
1610907397000,46776,101761,148537
1610907697000,46927,102500,149427
1610907996000,47101,103101,150202
1610908297000,47294,103889,151183
1610908597000,47563,104827,152390
1610908897000,47764,105596,153360
1610909197000,48049,106045,154094
1610909497000,48227,106577,154804
1610909797000,48432,107270,155702
1610910097000,48494,107871,156365
1610910396000,48648,108079,156727
1610910696000,48789,108253,157042
1610910997000,48871,108775,157646
1610911297000,49050,109360,158410
1610911597000,49117,109818,158935
1610911897000,49252,110804,160056
1610912197000,49447,110659,160106
1610912497000,49598,111250,160848
1610912797000,49763,111741,161504
1610913097000,49935,111936,161871
1610913397000,50103,112084,162187
1610913832000,50076,112498,162574
1610913997000,50002,112545,162547
1610914297000,50129,112604,162733
1610914598000,50170,112769,162939
1610914897000,50315,113109,163424
1610915197000,50406,113122,163528
1610915497000,50327,112936,163263
1610915797000,50398,112722,163120
1610916097000,50326,112917,163243
1610916397000,50332,112603,162935
1610916697000,50137,112719,162856
1610916997000,50068,112768,162836
1610917297000,49878,112431,162309
1610917596000,49655,111835,161490
1610917897000,49630,111514,161144
1610918197000,49597,111332,160929
1610918497000,49462,111145,160607
1610918797000,49385,110775,160160
1610919097000,49373,110452,159825
1610919397000,49316,109814,159130
1610919697000,49173,109836,159009
1610919997000,48989,109214,158203
1610920297000,48797,109057,157854
1610920597000,48644,108620,157264
1610920897000,48393,107923,156316
1610921197000,48137,107592,155729
1610921497000,47803,106967,154770
1610921797000,47583,106559,154142
1610922097000,47229,106126,153355
1610922397000,47097,105691,152788
1610922697000,46907,105270,152177
1610922996000,46722,104807,151529
1610923297000,46590,104590,151180
1610923597000,46498,103930,150428
1610923896000,46270,103536,149806
1610924196000,46124,102794,148918
1610924497000,45891,101871,147762
1610924797000,45608,101144,146752
1610925096000,45361,100425,145786
1610925397000,45248,100014,145262
1610925697000,45076,99853,144929
1610925996000,44841,99375,144216
1610926296000,44755,98647,143402
1610926596000,44544,98361,142905
1610926897000,44340,98175,142515
1610927197000,44167,97707,141874
1610927497000,43984,97858,141842
1610927797000,43949,97819,141768
1610928097000,44138,97454,141592
1610928397000,44409,96954,141363
1610928697000,44390,96738,141128
1610928997000,44288,96598,140886
1610929296000,44142,96657,140799
1610929597000,43906,96939,140845
1610929897000,43747,96997,140744
1610930197000,43625,96841,140466
1610930497000,43528,96702,140230
1610930797000,43413,96619,140032
1610931097000,43301,96781,140082
1610931397000,43143,96562,139705
1610931697000,42836,96297,139133
1610931997000,42732,96764,139496
1610932297000,42378,96805,139183
1610932597000,42230,96458,138688
1610932897000,42219,96492,138711
1610933197000,42101,96535,138636
1610933497000,42026,96394,138420
1610933797000,41908,96499,138407
1610934097000,41932,96859,138791
1610934397000,41799,96552,138351
1610934697000,41667,96650,138317
1610934997000,41590,96186,137776
1610935297000,41247,96189,137436
1610935596000,41021,96051,137072
1610935897000,40805,96279,137084
1610936197000,40520,95976,136496
1610936497000,40283,96156,136439
1610936796000,40120,95742,135862
1610937097000,39814,95618,135432
1610937397000,39718,95509,135227
1610937697000,39616,95330,134946
1610937997000,39394,95248,134642
1610938297000,39221,94931,134152
1610938597000,39065,94529,133594
1610938897000,38784,94337,133121
1610939197000,38438,93928,132366
1610939497000,38126,93384,131510
1610939797000,37870,94147,132017
1610940097000,37609,93834,131443
1610940397000,37351,93663,131014
1610940697000,37252,93240,130492
1610940996000,37125,92674,129799
1610941297000,37028,91265,128293
1610941596000,36817,90885,127702
1610941897000,36603,90165,126768
1610942197000,36306,89659,125965
1610942497000,36050,89042,125092
1610942797000,35802,88348,124150
1610943097000,35482,87575,123057
1610943397000,35101,86587,121688
1610943697000,34843,85749,120592
1610943997000,34488,84861,119349
1610944296000,34215,84118,118333
1610944597000,33972,83447,117419
1610944897000,33577,82749,116326
1610945197000,32947,81849,114796
1610945497000,32567,81258,113825
1610945797000,32058,80642,112700
1610946096000,31706,80171,111877
1610946520000,31145,79147,110292
1610946697000,30952,78537,109489
1610946997000,30670,77775,108445
1610947297000,30217,76726,106943
1610947597000,29895,76061,105956
1610947897000,29681,75361,105042
1610948196000,29312,74677,103989
1610948497000,29028,73990,103018
1610948797000,28763,73204,101967
1610949097000,28463,72574,101037
1610949396000,28142,71643,99785
1610949697000,27853,70766,98619
1610949997000,27528,69694,97222
1610950297000,27319,69049,96368
1610950597000,27105,68026,95131
1610950897000,26922,67284,94206
1610951197000,26684,66182,92866
1610951497000,26441,65273,91714
1610951797000,26310,64259,90569
1610952097000,26190,63373,89563
1610952397000,26128,62456,88584
1610952697000,26044,61743,87787
1610952996000,25990,61289,87279
1610953297000,25903,60573,86476
1610953597000,25725,60100,85825
1610953897000,25570,60403,85973
1610954196000,25412,60088,85500
1610954497000,25244,59767,85011
1610954797000,23702,57797,81499
1610955097000,23677,57228,80905
1610955397000,23565,57144,80709
1610955697000,23456,57850,81306
1610956002000,23747,58557,82304
1610956296000,23423,58968,82391
1610956596000,22843,58653,81496
1610956897000,22730,58300,81030
1610957196000,22752,57930,80682
1610957497000,22615,57604,80219
1610957797000,22540,57115,79655
1610958097000,22530,57231,79761
1610958396000,22564,56868,79432
1610958697000,22529,56850,79379
1610958997000,22458,56508,78966
1610959297000,22491,56282,78773
1610959597000,22474,56137,78611
1610959897000,22478,56289,78767
1610960197000,22527,56360,78887
1610960497000,22489,57811,80300
1610960797000,22426,56211,78637
1610961097000,22337,56272,78609
1610961396000,22411,56220,78631
1610961697000,22469,56459,78928
1610961997000,22467,56483,78950
1610962297000,22620,56331,78951
1610962597000,22805,55971,78776
1610962897000,22863,55612,78475
1610963197000,23074,55297,78371
1610963497000,23156,55377,78533
1610963797000,23281,55516,78797
1610964097000,23374,55552,78926
1610964397000,23416,55463,78879
1610964697000,23579,55730,79309
1610964997000,23630,55717,79347
1610965297000,23678,55681,79359
1610965597000,23744,55705,79449
1610965897000,23690,55707,79397
1610966198000,23425,55786,79211
1610966497000,23243,56026,79269
1610966797000,23006,56201,79207
1610967097000,22340,56729,79069
1610967397000,21245,56717,77962
1610967697000,1805,56798,58603
1610967997000,9495,56834,66329
1610968297000,12752,56752,69504
1610968596000,14524,57001,71525
1610968897000,15790,57223,73013
1610969197000,17021,57552,74573
1610969497000,17846,57738,75584
1610969797000,18647,58021,76668
1610970097000,19309,58404,77713
1610970397000,20060,58767,78827
1610970697000,20690,59010,79700
1610970996000,21311,59254,80565
1610971297000,21845,59680,81525
1610971596000,22411,60095,82506
1610971897000,22785,60796,83581
1610972197000,22904,61149,84053
1610972497000,23149,61521,84670
1610972797000,23406,62017,85423
1610973097000,23643,62528,86171
1610973397000,23891,63027,86918
1610973697000,24122,63238,87360
1610973996000,24357,63701,88058
1610974297000,24635,64403,89038
1610974597000,24881,64822,89703
1610974897000,25142,65515,90657
1610975197000,25345,66029,91374
1610975497000,25632,67047,92679
1610975796000,26019,67904,93923
1610976097000,26501,68428,94929
1610976397000,26765,68925,95690
1610976697000,26591,69624,96215
1610976997000,26881,70131,97012
1610977297000,27128,70660,97788
1610977597000,27380,71351,98731
1610977897000,27716,72057,99773
1610978197000,27936,73026,100962
1610978514000,28168,73522,101690
1610978797000,28261,74292,102553
1610979097000,28602,75284,103886
1610979397000,28954,76109,105063
1610979697000,29234,76981,106215
1610979996000,29685,77697,107382
1610980297000,30046,78477,108523
1610980597000,30408,79069,109477
1610980897000,30736,79827,110563
1610981197000,31203,80522,111725
1610981497000,31502,81247,112749
1610981797000,31986,82167,114153
1610982097000,32400,82717,115117
1610982405000,32914,83709,116623
1610982697000,33380,84221,117601
1610982997000,33805,85019,118824
1610983297000,34196,85480,119676
1610983597000,34525,85682,120207
1610983897000,34833,86713,121546
1610984197000,35178,87109,122287
1610984497000,35614,87644,123258
1610984797000,35996,88266,124262
1610985097000,36373,88882,125255
1610985397000,36852,89593,126445
1610985697000,37114,89822,126936
1610985997000,37304,90488,127792
1610986297000,36018,90895,126913
1610986597000,36141,91501,127642
1610986897000,36488,91901,128389
1610987197000,36911,92378,129289
1610987497000,37301,92657,129958
1610987798000,37611,93123,130734
1610988097000,37891,93272,131163
1610988397000,38174,93763,131937
1610988697000,38507,93939,132446
1610988997000,38820,94009,132829
1610989297000,39143,94216,133359
1610989597000,39453,94467,133920
1610989897000,39843,95104,134947
1610990197000,40252,94697,134949
1610990497000,40466,95254,135720
1610990797000,40742,95756,136498
1610991096000,41276,96113,137389
1610991397000,41750,96672,138422
1610991697000,40364,97175,137539
1610991997000,41049,97600,138649
1610992297000,41258,98129,139387
1610992596000,41725,98443,140168
1610992897000,43100,98810,141910
1610993197000,43374,99433,142807
1610993497000,43795,99946,143741
1610993797000,44125,100629,144754
1610994096000,44533,101245,145778
1610994396000,44835,101535,146370
1610994697000,45229,101959,147188
1610994997000,45644,102667,148311
1610995296000,46040,102943,148983
1610995597000,46298,103534,149832
1610995897000,46548,103878,150426
1610996196000,46891,104357,151248
1610996497000,47238,104583,151821
1610996797000,45706,105058,150764
1610997097000,45955,105298,151253
1610997397000,46073,105842,151915
1610997697000,46224,106146,152370
1610997997000,46383,106675,153058
1610998297000,46486,107042,153528
1610998596000,46553,107710,154263
1610998897000,46694,108226,154920
1610999196000,46857,108413,155270
1610999497000,47079,108535,155614
1610999797000,47205,108809,156014
1611000097000,47127,108986,156113
1611000397000,47153,109351,156504
1611000697000,47066,109162,156228
1611000997000,47117,109536,156653
1611001297000,47216,109695,156911
1611001597000,47265,110077,157342
1611001897000,47317,109859,157176
1611002196000,47360,109805,157165
1611002497000,47299,109736,157035
1611002797000,47343,109697,157040
1611003097000,47305,109322,156627
1611003397000,47313,109177,156490
1611003697000,47125,108927,156052
1611003997000,47088,108865,155953
1611004297000,46930,108802,155732
1611004597000,46820,108383,155203
1611004897000,46767,108489,155256
1611005197000,46702,107996,154698
1611005497000,46668,107905,154573
1611005797000,46542,107670,154212
1611006097000,46343,107402,153745
1611006397000,46226,107102,153328
1611006697000,46038,106734,152772
1611006997000,45839,106038,151877
1611007297000,45648,105616,151264
1611007597000,45398,104861,150259
1611007897000,45157,104366,149523
1611008197000,44872,104095,148967
1611008497000,44744,104076,148820
1611008797000,44592,103408,148000
1611009097000,44468,102598,147066
1611009396000,44354,102353,146707
1611009697000,44299,102296,146595
1611009997000,44115,101894,146009
1611010297000,43924,101496,145420
1611010597000,43838,100627,144465
1611010896000,43631,100062,143693
1611011197000,43398,99366,142764
1611011497000,43262,99059,142321
1611011797000,43052,99003,142055
1611012097000,42918,98676,141594
1611012397000,42803,98356,141159
1611012697000,42711,97904,140615
1611012997000,42605,97555,140160
1611013297000,42565,97175,139740
1611013596000,42615,97168,139783
1611013897000,42499,96686,139185
1611014197000,42456,96429,138885
1611014497000,42778,96132,138910
1611014797000,42993,95957,138950
1611015097000,43069,95944,139013
1611015397000,42999,95792,138791
1611015697000,43000,95916,138916
1611015997000,42910,95910,138820
1611016297000,42873,95979,138852
1611016596000,42699,95952,138651
1611016897000,42660,95358,138018
1611017196000,42636,95609,138245
1611017497000,42563,95829,138392
1611017797000,42582,96386,138968
1611018097000,42402,96197,138599
1611018397000,42473,96285,138758
1611018697000,42365,96563,138928
1611018997000,42331,96877,139208
1611019297000,42167,97082,139249
1611019597000,41989,97367,139356
1611019897000,41769,97498,139267
1611020197000,41658,97672,139330
1611020497000,41673,98027,139700
1611020797000,41607,98009,139616
1611021097000,41661,98090,139751
1611021397000,41586,98158,139744
1611021697000,41457,97964,139421
1611021997000,41294,97811,139105
1611022297000,41125,97653,138778
1611022597000,41019,97374,138393
1611022897000,40818,97398,138216
1611023197000,40639,97357,137996
1611023497000,40265,96826,137091
1611023797000,40207,96985,137192
1611024097000,40079,96751,136830
1611024397000,39904,96689,136593
1611024697000,39688,96298,135986
1611024997000,39441,96009,135450
1611025297000,39150,95350,134500
1611025597000,38956,95031,133987
1611025897000,38658,94653,133311
1611026197000,38278,94185,132463
1611026497000,37964,93863,131827
1611026797000,37761,93044,130805
1611027097000,37518,92303,129821
1611027397000,37211,91870,129081
1611027697000,36821,91504,128325
1611027997000,36603,90797,127400
1611028297000,36306,90030,126336
1611028596000,36004,89399,125403
1611028897000,35670,88861,124531
1611029197000,35348,87639,122987
1611029497000,34908,86740,121648
1611029797000,34619,85830,120449
1611030097000,34230,85248,119478
1611030397000,33371,84446,117817
1611030697000,33040,83534,116574
1611030997000,32688,82820,115508
1611031297000,32383,81823,114206
1611031597000,31950,81206,113156
1611031897000,31550,80512,112062
1611032197000,31225,79702,110927
1611032497000,30793,78639,109432
1611032797000,30322,77617,107939
1611033097000,29913,76988,106901
1611033397000,29667,76296,105963
1611033697000,29377,75422,104799
1611033997000,29047,74404,103451
1611034299000,28780,73552,102332
1611034597000,28420,72673,101093
1611034897000,28221,71876,100097
1611035197000,27834,71323,99157
1611035497000,27555,70554,98109
1611035797000,27351,69762,97113
1611036097000,27045,68767,95812
1611036396000,26607,67736,94343
1611036697000,26412,66940,93352
1611036997000,26199,65947,92146
1611037297000,25841,65195,91036
1611037597000,25667,64348,90015
1611037897000,25366,63639,89005
1611038197000,25252,62904,88156
1611038497000,25162,62091,87253
1611038797000,24876,61309,86185
1611039097000,24633,60465,85098
1611039397000,24499,60010,84509
1611039697000,24294,59298,83592
1611039997000,24169,58680,82849
1611040297000,24038,58972,83010
1611040596000,23949,58734,82683
1611040897000,23790,58519,82309
1611041197000,23706,57013,80719
1611041497000,22337,56589,78926
1611041797000,22087,55964,78051
1611042097000,22031,55791,77822
1611042397000,22042,55788,77830
1611042697000,21641,55710,77351
1611042997000,21496,55530,77026
1611043297000,21402,55766,77168
1611043597000,21354,56398,77752
1611043898000,21394,56678,78072
1611044197000,21474,56602,78076
1611044497000,21442,56524,77966
1611044797000,21448,56517,77965
1611045097000,21521,56346,77867
1611045397000,21654,56215,77869
1611045697000,21840,56076,77916
1611045997000,21920,55893,77813
1611046297000,22054,55768,77822
1611046597000,22280,55579,77859
1611046897000,22334,55857,78191
1611047197000,22402,55521,77923
1611047497000,22579,55564,78143
1611047797000,22705,55584,78289
1611048097000,22812,55680,78492
1611048396000,22101,55431,77532
1611048697000,22512,55367,77879
1611048997000,22869,55591,78460
1611049297000,22991,55460,78451
1611049597000,23117,55643,78760
1611049897000,23258,55664,78922
1611050197000,23317,55503,78820
1611050497000,23388,55522,78910
1611050797000,23508,55881,79389
1611051097000,23566,56150,79716
1611051397000,23694,56339,80033
1611051697000,23847,56469,80316
1611051997000,23082,56680,79762
1611052297000,23099,56701,79800
1611052597000,23141,56704,79845
1611052897000,23282,56948,80230
1611053197000,23454,57160,80614
1611053497000,23590,57010,80600
1611053797000,23621,57305,80926
1611054096000,23597,57496,81093
1611054396000,23654,57401,81055
1611054697000,23633,57873,81506
1611054997000,23900,57882,81782
1611055297000,23931,57960,81891
1611055597000,24104,58236,82340
1611055897000,24178,58494,82672
1611056197000,24292,58800,83092
1611056497000,24424,59146,83570
1611056797000,24568,59366,83934
1611057097000,24634,59807,84441
1611057397000,24738,59956,84694
1611057697000,24843,60475,85318
1611057997000,25039,61053,86092
1611058297000,25201,61573,86774
1611058597000,25380,62118,87498
1611058897000,25520,62875,88395
1611059197000,25739,63295,89034
1611059497000,25837,63657,89494
1611059797000,26172,64129,90301
1611060097000,26572,64254,90826
1611060397000,26751,65026,91777
1611060697000,27025,65274,92299
1611060997000,27388,65977,93365
1611061297000,27678,66513,94191
1611061597000,28055,67429,95484
1611061897000,28410,68240,96650
1611062197000,28697,69027,97724
1611062497000,28987,69972,98959
1611062797000,29263,70847,100110
1611063097000,29635,71644,101279
1611063397000,29994,71961,101955
1611063697000,30361,73072,103433
1611063997000,30683,73397,104080
1611064297000,30986,74111,105097
1611064597000,31244,74781,106025
1611064897000,31507,75446,106953
1611065197000,31846,76037,107883
1611065497000,32178,76881,109059
1611065796000,32537,78018,110555
1611066097000,32875,78666,111541
1611066397000,33110,79492,112602
1611066697000,33510,80306,113816
1611066997000,32608,81365,113973
1611067297000,32836,82223,115059
1611067597000,33049,83192,116241
1611067897000,33277,83782,117059
1611068197000,33387,84377,117764
1611068497000,33701,84854,118555
1611068797000,34104,85729,119833
1611069097000,34392,86567,120959
1611069397000,34639,87037,121676
1611069697000,34956,87792,122748
1611069997000,35296,88323,123619
1611070297000,35488,89055,124543
1611070597000,35679,89372,125051
1611070897000,36167,89949,126116
1611071198000,36606,90259,126865
1611071497000,36995,90837,127832
1611071797000,37296,91228,128524
1611072097000,37477,91314,128791
1611072398000,37761,91748,129509
1611072697000,38069,92397,130466
1611072997000,38381,93092,131473
1611073297000,38649,93214,131863
1611073597000,39017,93214,132231
1611073897000,39291,92733,132024
1611074197000,39497,92747,132244
1611074497000,39799,93431,133230
1611074797000,39968,93559,133527
1611075097000,40216,93539,133755
1611075397000,40479,93653,134132
1611075696000,40613,93870,134483
1611075997000,40858,94018,134876
1611076297000,41129,94510,135639
1611076597000,41302,94634,135936
1611076897000,41616,95155,136771
1611077197000,41888,95121,137009
1611077500000,41989,95065,137054
1611077797000,42540,95582,138122
1611078097000,42603,96005,138608
1611078397000,42936,96431,139367
1611078697000,43974,97352,141326
1611078997000,44197,97637,141834
1611079297000,44744,98134,142878
1611079597000,45664,98709,144373
1611079897000,45927,99030,144957
1611080197000,46208,99270,145478
1611080497000,46510,100006,146516
1611080798000,46756,100427,147183
1611081097000,46972,100975,147947
1611081397000,47169,101740,148909
1611081697000,47326,102366,149692
1611081997000,47737,102799,150536
1611082297000,45193,103025,148218
1611082597000,45291,103478,148769
1611082897000,45327,103451,148778
1611083197000,45479,104017,149496
1611083497000,45596,104666,150262
1611083797000,45713,105061,150774
1611084097000,45810,105319,151129
1611084396000,45873,105762,151635
1611084697000,46019,106258,152277
1611084997000,46123,106605,152728
1611085297000,46253,107199,153452
1611085597000,46294,107357,153651
1611085897000,46123,107664,153787
1611086197000,46247,107762,154009
1611086497000,46291,107648,153939
1611086797000,46300,107701,154001
1611087097000,46307,107441,153748
1611087397000,46302,108243,154545
1611087696000,46325,108225,154550
1611087997000,46456,108447,154903
1611088297000,46399,109099,155498
1611088597000,46405,108999,155404
1611088897000,46344,108593,154937
1611089197000,46353,108298,154651
1611089497000,46341,108040,154381
1611089797000,46298,108081,154379
1611090097000,46092,107752,153844
1611090397000,45991,107634,153625
1611090697000,45956,107192,153148
1611090997000,45855,107117,152972
1611091297000,45768,106914,152682
1611091597000,45587,106767,152354
1611091897000,45549,106602,152151
1611092197000,45494,107284,152778
1611092497000,45348,107167,152515
1611092797000,45130,106597,151727
1611093097000,45008,106529,151537
1611093397000,44909,106202,151111
1611093697000,44744,104718,149462
1611093996000,44433,104122,148555
1611094297000,44149,103709,147858
1611094597000,44030,103104,147134
1611094897000,43912,102564,146476
1611095197000,43785,102300,146085
1611095497000,43631,101936,145567
1611095797000,43464,101402,144866
1611096096000,43499,101439,144938
1611096397000,43505,101260,144765
1611096697000,43188,100687,143875
1611096997000,43236,100420,143656
1611097297000,43080,99952,143032
1611097597000,42914,99039,141953
1611097897000,42862,98579,141441
1611098196000,42719,98255,140974
1611098497000,42520,97589,140109
1611098797000,42550,97193,139743
1611099097000,42487,96851,139338
1611099397000,42441,96435,138876
1611099697000,42280,96141,138421
1611099996000,42151,96866,139017
1611100297000,42104,95823,137927
1611100629000,42162,95660,137822
1611100897000,42487,95445,137932
1611101197000,42474,95194,137668
1611101497000,42751,95901,138652
1611101797000,42687,95147,137834
1611102098000,42608,95164,137772
1611102397000,42411,95234,137645
1611102697000,42329,95284,137613
1611102997000,42222,95532,137754
1611103297000,42091,95660,137751
1611103597000,41998,95791,137789
1611103897000,41960,96031,137991
1611104197000,41945,95950,137895
1611104497000,41782,96038,137820
1611104797000,41763,96152,137915
1611105097000,41557,96162,137719
1611105396000,41380,96286,137666
1611105697000,41502,96288,137790
1611105997000,41603,96296,137899
1611106297000,41456,96251,137707
1611106597000,41333,96461,137794
1611106897000,41191,96417,137608
1611107197000,41169,96488,137657
1611107497000,41049,96679,137728
1611107797000,40922,96503,137425
1611108097000,40711,96480,137191
1611108397000,40609,96230,136839
1611108697000,40400,96752,137152
1611108997000,40195,96552,136747
1611109298000,40088,96575,136663
1611109597000,39874,96392,136266
1611109897000,39736,96418,136154
1611110197000,39447,96108,135555
1611110497000,39346,95984,135330
1611110797000,39124,95618,134742
1611111097000,38871,95541,134412
1611111397000,38707,95109,133816
1611111697000,38484,94568,133052
1611111997000,38193,94308,132501
1611112297000,37942,94059,132001
1611112597000,37702,93415,131117
1611112897000,37405,92853,130258
1611113197000,37035,92448,129483
1611113497000,36881,91848,128729
1611113797000,36541,91323,127864
1611114097000,36254,90621,126875
1611114396000,36046,90043,126089
1611114697000,35756,89238,124994
1611114996000,35459,88544,124003
1611115297000,35074,87544,122618
1611115597000,34715,86881,121596
1611115897000,34469,85896,120365
1611116197000,34196,85455,119651
1611116497000,33939,84889,118828
1611116797000,33537,84469,118006
1611117097000,32859,83645,116504
1611117397000,32528,82896,115424
1611117697000,32077,82071,114148
1611117997000,31707,81282,112989
1611118297000,31325,80003,111328
1611118597000,30982,80392,111374
1611118897000,30618,78820,109438
1611119197000,30086,77946,108032
1611119497000,29838,76846,106684
1611119797000,29500,76117,105617
1611120097000,29102,75380,104482
1611120397000,28893,74531,103424
1611120697000,28464,73516,101980
1611120997000,28235,72714,100949
1611121297000,27997,72291,100288
1611121596000,27636,71591,99227
1611121897000,27342,70704,98046
1611122197000,27140,69970,97110
1611122498000,26602,69144,95746
1611122798000,26218,68053,94271
1611123097000,26098,66963,93061
1611123397000,25910,66016,91926
1611123697000,25655,65351,91006
1611123997000,25434,64405,89839
1611124297000,25320,63789,89109
1611124597000,24976,63063,88039
1611124897000,24762,62193,86955
1611125197000,24625,61633,86258
1611125497000,24394,61023,85417
1611125797000,24181,60285,84466
1611126097000,23841,59430,83271
1611126397000,23805,59005,82810
1611126697000,23655,59036,82691
1611126997000,23527,58488,82015
1611127297000,23482,58399,81881
1611127597000,23205,56600,79805
1611127897000,21756,55921,77677
1611128197000,21244,55649,76893
1611128497000,21153,55806,76959
1611128797000,21194,56207,77401
1611129097000,21445,56842,78287
1611129397000,21154,56678,77832
1611129697000,21147,56260,77407
1611129997000,21066,56286,77352
1611130297000,21051,56020,77071
1611130597000,21024,56064,77088
1611130896000,20980,55723,76703
1611131197000,21043,55385,76428
1611131497000,20997,55387,76384
1611131797000,21030,55292,76322
1611132097000,21113,55402,76515
1611132397000,21196,55175,76371
1611132697000,21333,54830,76163
1611132997000,21041,54468,75509
1611133297000,21314,54373,75687
1611133597000,21381,54550,75931
1611133897000,21451,54578,76029
1611134197000,21473,54719,76192
1611134497000,21629,54986,76615
1611134797000,21936,55160,77096
1611135097000,22092,54761,76853
1611135397000,22269,54545,76814
1611135697000,22402,54637,77039
1611135997000,22462,54556,77018
1611136297000,22614,54827,77441
1611136597000,22722,54874,77596
1611136897000,22549,55060,77609
1611137197000,22577,55070,77647
1611137497000,22672,55479,78151
1611137797000,22786,56595,79381
1611138097000,22862,56795,79657
1611138396000,22917,55928,78845
1611138697000,22992,55909,78901
1611138997000,23237,56032,79269
1611139297000,23422,56100,79522
1611139597000,23585,56568,80153
1611139897000,23692,56907,80599
1611140197000,23353,56224,79577
1611140497000,23602,55946,79548
1611140797000,23825,54979,78804
1611141097000,23989,54403,78392
1611141397000,24134,53388,77522
1611141697000,24362,51728,76090
1611141997000,24631,48371,73002
1611142297000,24846,7812,32658
1611142597000,25067,23634,48701
1611142897000,25349,30830,56179
1611143197000,25575,35341,60916
1611143497000,25819,39143,64962
1611143797000,25999,41796,67795
1611144097000,25904,43961,69865
1611144397000,26334,45932,72266
1611144697000,26549,48560,75109
1611144997000,26721,51416,78137
1611145297000,26938,53349,80287
1611145597000,27275,54856,82131
1611145897000,27619,56265,83884
1611146197000,27885,57435,85320
1611146497000,27980,58577,86557
1611146797000,28231,59671,87902
1611147102000,28470,60927,89397
1611147397000,28768,61501,90269
1611147697000,28997,62617,91614
1611147997000,29352,63541,92893
1611148297000,29521,64384,93905
1611148597000,29909,65412,95321
1611148897000,30297,66470,96767
1611149198000,30590,67190,97780
1611149497000,30504,67963,98467
1611149797000,30906,69079,99985
1611150097000,31247,69838,101085
1611150397000,29826,70494,100320
1611150701000,30105,71543,101648
1611150997000,30291,72131,102422
1611151308000,30556,73486,104042
1611151597000,30901,74404,105305
1611151897000,31213,75198,106411
1611152197000,31610,76226,107836
1611152497000,31843,77176,109019
1611152797000,32199,78194,110393
1611153097000,32367,78803,111170
1611153397000,32702,79154,111856
1611153697000,32959,79836,112795
1611153997000,33242,80361,113603
1611154296000,33444,81204,114648
1611154597000,33656,81908,115564
1611154897000,33990,82603,116593
1611155197000,34008,83551,117559
1611155497000,34402,84214,118616
1611155797000,34647,84684,119331
1611156097000,35003,85365,120368
1611156397000,35286,85898,121184
1611156697000,35429,86182,121611
1611156997000,35797,86969,122766
1611157296000,36020,87496,123516
1611157597000,36292,88189,124481
1611157897000,36533,88790,125323
1611158197000,36602,88727,125329
1611158497000,36635,88786,125421
1611158797000,36759,89219,125978
1611159097000,36920,89579,126499
1611159397000,36923,89876,126799
1611159697000,37165,90171,127336
1611159997000,37360,90640,128000
1611160297000,37480,90921,128401
1611160597000,37711,91313,129024
1611160897000,37887,91572,129459
1611161197000,38076,91128,129204
1611161497000,38213,91627,129840
1611161797000,38283,91382,129665
1611162097000,38393,91218,129611
1611162397000,38468,91198,129666
1611162697000,38710,91512,130222
1611162997000,38840,91958,130798
1611163297000,39017,91800,130817
1611163597000,39126,92229,131355
1611163897000,39708,92305,132013
1611164197000,39935,92607,132542
1611164497000,39652,93142,132794
1611164797000,40766,93543,134309
1611165097000,40677,93905,134582
1611165397000,40802,94190,134992
1611165697000,42322,94555,136877
1611165997000,42510,94985,137495
1611166297000,42687,95567,138254
1611166597000,42768,96215,138983
1611166897000,43021,96865,139886
1611167197000,43201,97390,140591
1611167513000,43455,97687,141142
1611167797000,43657,98370,142027
1611168099000,43788,98985,142773
1611168401000,43846,99512,143358
1611168697000,44109,100001,144110
1611168997000,44249,100192,144441
1611169297000,44375,100437,144812
1611169597000,44562,101006,145568
1611169897000,44708,101468,146176
1611170197000,44909,102506,147415
1611170497000,44961,102393,147354
1611170797000,45103,102299,147402
1611171098000,45258,102683,147941
1611171397000,45389,103014,148403
1611171697000,45529,103399,148928
1611171997000,45682,103449,149131
1611172297000,45700,103548,149248
1611172597000,45829,103634,149463
1611172897000,45820,103800,149620
1611173197000,45762,103648,149410
1611173497000,45826,103729,149555
1611173797000,45837,104016,149853
1611174098000,45830,104143,149973
1611174397000,45855,104465,150320
1611174697000,45899,104257,150156
1611174997000,45871,104013,149884
1611175297000,45762,104243,150005
1611175597000,45668,104295,149963
1611175897000,45653,104329,149982
1611176197000,45495,104260,149755
1611176497000,45461,104176,149637
1611176802000,45379,103943,149322
1611177097000,45408,103921,149329
1611177397000,45271,103516,148787
1611177697000,45266,103264,148530
1611177997000,45065,103104,148169
1611178297000,44994,102880,147874
1611178596000,44823,102581,147404
1611178897000,44775,102593,147368
1611179197000,44743,102523,147266
1611179497000,44535,102156,146691
1611179796000,44417,101737,146154
1611180097000,44198,100929,145127
1611180397000,44006,100312,144318
1611180697000,43577,100117,143694
1611180997000,43371,99815,143186
1611181296000,43234,99388,142622
1611181597000,43142,98737,141879
1611181897000,43001,98429,141430
1611182197000,42793,98032,140825
1611182497000,42710,97566,140276
1611182797000,42602,96996,139598
1611183096000,42497,96769,139266
1611183397000,42188,95962,138150
1611183697000,42080,95231,137311
1611183997000,41789,94738,136527
1611184297000,41662,94374,136036
1611184596000,41561,94203,135764
1611184897000,41492,93859,135351
1611185197000,41399,93589,134988
1611185497000,41335,93721,135056
1611185797000,41191,93477,134668
1611186097000,41213,92966,134179
1611186397000,41248,92952,134200
1611186697000,41148,92693,133841
1611186997000,41245,92173,133418
1611187297000,41371,91747,133118
1611187597000,41796,91526,133322
1611187897000,41713,91435,133148
1611188197000,41668,91540,133208
1611188497000,41642,91642,133284
1611188797000,41580,92004,133584
1611189097000,41620,92239,133859
1611189397000,41583,92266,133849
1611189696000,41441,92442,133883
1611189997000,41358,92662,134020
1611190297000,41349,93005,134354
1611190597000,41285,92837,134122
1611190897000,41174,92832,134006
1611191197000,41066,92580,133646
1611191497000,40998,93866,134864
1611191797000,40941,94243,135184
1611192097000,40822,94086,134908
1611192397000,40808,94017,134825
1611192697000,40759,94540,135299
1611192997000,40582,93889,134471
1611193297000,40477,94071,134548
1611193597000,40357,94110,134467
1611193897000,40236,94106,134342
1611194197000,40106,93924,134030
1611194497000,39875,94119,133994
1611194797000,39714,93893,133607
1611195097000,39656,94204,133860
1611195397000,39406,94278,133684
1611195697000,39181,94363,133544
1611195997000,38994,94183,133177
1611196297000,38734,93887,132621
1611196597000,38647,93660,132307
1611196897000,38486,93466,131952
1611197197000,38399,93187,131586
1611197497000,38261,92998,131259
1611197797000,38007,92493,130500
1611198097000,37758,91997,129755
1611198397000,37541,91661,129202
1611198697000,37358,91310,128668
1611198997000,37005,91069,128074
1611199297000,36854,90678,127532
1611199596000,36680,90321,127001
1611199897000,36433,89638,126071
1611200197000,36102,89023,125125
1611200497000,35896,88503,124399
1611200797000,35617,87719,123336
1611201097000,35386,87235,122621
1611201397000,35098,86452,121550
1611201697000,34796,86059,120855
1611201997000,34555,85184,119739
1611202297000,34246,84230,118476
1611202597000,33729,83477,117206
1611202896000,33434,82983,116417
1611203197000,32958,81945,114903
1611203497000,32599,81451,114050
1611203797000,32287,80643,112930
1611204097000,32043,79931,111974
1611204397000,31614,79404,111018
1611204697000,31376,78724,110100
1611204997000,31005,78054,109059
1611205297000,30633,77291,107924
1611205597000,30157,76599,106756
1611205897000,29855,75128,104983
1611206197000,29566,74724,104290
1611206497000,29250,74008,103258
1611206797000,29027,73186,102213
1611207097000,28804,72520,101324
1611207397000,28587,71640,100227
1611207697000,28315,70544,98859
1611207997000,28043,69967,98010
1611208297000,27828,69149,96977
1611208597000,27647,68461,96108
1611208897000,27357,67449,94806
1611209197000,26850,66511,93361
1611209497000,26633,65612,92245
1611209797000,26441,64847,91288
1611210097000,26105,64104,90209
1611210397000,25862,63440,89302
1611210697000,25590,62693,88283
1611210997000,25328,61787,87115
1611211297000,25062,60858,85920
1611211597000,24969,60198,85167
1611211897000,24777,59338,84115
1611212197000,24651,58426,83077
1611212497000,24413,57776,82189
1611212797000,24206,57253,81459
1611213097000,24042,57870,81912
1611213396000,23895,57734,81629
1611213697000,23776,57546,81322
1611213997000,22310,55968,78278
1611214297000,22327,55132,77459
1611214597000,22232,54940,77172
1611214897000,22044,54881,76925
1611215197000,21760,55548,77308
1611215497000,21591,56779,78370
1611215797000,21444,56774,78218
1611216097000,21382,56499,77881
1611216397000,22351,56306,78657
1611216697000,21348,55990,77338
1611216997000,20903,55845,76748
1611217297000,21014,55535,76549
1611217597000,21060,55193,76253
1611217897000,21144,55004,76148
1611218197000,21192,54827,76019
1611218498000,21424,54921,76345
1611218797000,21690,55031,76721
1611219097000,21677,54913,76590
1611219396000,21685,54848,76533
1611219697000,21736,54469,76205
1611219997000,21877,54509,76386
1611220297000,21943,54708,76651
1611220597000,21953,55010,76963
1611220897000,21971,55152,77123
1611221197000,22209,55207,77416
1611221497000,22296,55313,77609
1611221797000,22412,54989,77401
1611222096000,22413,55196,77609
1611222397000,22511,55198,77709
1611222697000,22660,55020,77680
1611222997000,22704,55030,77734
1611223297000,22784,55423,78207
1611223597000,22846,55413,78259
1611223897000,22982,55621,78603
1611224197000,23207,55432,78639
1611224497000,23208,55592,78800
1611224797000,23286,55588,78874
1611225097000,23311,55812,79123
1611225397000,23382,56127,79509
1611225697000,23417,56501,79918
1611225997000,23523,56458,79981
1611226297000,23691,56631,80322
1611226596000,23733,56751,80484
1611226897000,23705,56625,80330
1611227197000,23694,56888,80582
1611227497000,23863,57142,81005
1611227797000,23974,57344,81318
1611228097000,24075,57441,81516
1611228397000,24254,57640,81894
1611228697000,24420,57916,82336
1611228997000,24494,58304,82798
1611229297000,24651,58886,83537
1611229597000,24924,58780,83704
1611229901000,25028,59390,84418
1611230197000,25026,59593,84619
1611230504000,25183,59856,85039
1611230797000,25312,60295,85607
1611231097000,25387,61041,86428
1611231397000,25679,61501,87180
1611231697000,25805,62148,87953
1611231996000,25920,62827,88747
1611232297000,26206,63360,89566
1611232597000,26468,63744,90212
1611232897000,26597,64237,90834
1611233197000,26848,64628,91476
1611233497000,27047,64963,92010
1611233797000,27190,65567,92757
1611234097000,27313,66017,93330
1611234397000,27460,66849,94309
1611234697000,27797,67925,95722
1611234997000,27988,68856,96844
1611235296000,28209,69617,97826
1611235597000,28457,70170,98627
1611235897000,28682,70825,99507
1611236197000,29050,71551,100601
1611236497000,29312,72374,101686
1611236797000,29550,72932,102482
1611237096000,29813,73345,103158
1611237397000,30017,74211,104228
1611237697000,30286,74890,105176
1611237997000,30706,75737,106443
1611238297000,30953,76836,107789
1611238597000,31257,77806,109063
1611238897000,31469,78414,109883
1611239197000,31823,78746,110569
1611239497000,31659,79749,111408
1611239797000,31986,80603,112589
1611240097000,32215,81351,113566
1611240397000,32563,81709,114272
1611240697000,32888,82227,115115
1611240997000,33106,82793,115899
1611241297000,33425,83246,116671
1611241597000,33588,83981,117569
1611241897000,33834,84797,118631
1611242197000,34123,85369,119492
1611242497000,34464,86012,120476
1611242797000,34833,86739,121572
1611243097000,35206,86839,122045
1611243397000,35569,87528,123097
1611243697000,35900,88152,124052
1611243997000,36274,88393,124667
1611244297000,36667,88975,125642
1611244597000,36999,89289,126288
1611244897000,37254,89864,127118
1611245197000,37547,90186,127733
1611245497000,37693,90945,128638
1611245797000,38003,91357,129360
1611246097000,38274,91578,129852
1611246397000,38632,91951,130583
1611246697000,38893,92333,131226
1611246997000,39096,92569,131665
1611247297000,39382,92781,132163
1611247597000,39668,92805,132473
1611247897000,39882,92983,132865
1611248197000,40082,92890,132972
1611248497000,40175,93353,133528
1611248797000,40385,93555,133940
1611249097000,40511,93972,134483
1611249397000,41086,94205,135291
1611249697000,41419,94723,136142
1611249998000,41519,95093,136612
1611250298000,42454,95104,137558
1611250597000,42680,95499,138179
1611251001000,43735,95018,138753
1611251197000,44163,95975,140138
1611251497000,44519,96598,141117
1611251797000,44821,96776,141597
1611252097000,44958,97030,141988
1611252397000,45145,97325,142470
1611252697000,45355,97907,143262
1611252997000,45675,98383,144058
1611253297000,45928,99009,144937
1611253596000,46138,99407,145545
1611253896000,46339,99801,146140
1611254197000,46618,100328,146946
1611254497000,46860,100757,147617
1611254797000,47035,101411,148446
1611255096000,47284,101935,149219
1611255413000,47368,102322,149690
1611255441000,47427,102334,149761
1611255480000,47432,102321,149753
1611255697000,47493,102394,149887
1611255997000,44559,102791,147350
1611256297000,44583,103017,147600
1611256597000,44771,103042,147813
1611256897000,45020,103476,148496
1611257197000,45107,104245,149352
1611257497000,45129,104707,149836
1611257797000,45138,105149,150287
1611258097000,45290,105456,150746
1611258397000,45355,105806,151161
1611258697000,45515,106141,151656
1611258997000,45708,106383,152091
1611259297000,45629,106511,152140
1611259597000,45687,106507,152194
1611259897000,45732,106651,152383
1611260197000,45900,106679,152579
1611260497000,45967,107044,153011
1611260797000,45893,107098,152991
1611261097000,45932,106704,152636
1611261397000,45877,106697,152574
1611261697000,45899,107034,152933
1611261997000,45829,106762,152591
1611262297000,45746,106735,152481
1611262597000,45713,106526,152239
1611262897000,45571,105967,151538
1611263197000,45403,105612,151015
1611263497000,45396,105297,150693
1611263798000,45266,105465,150731
1611264097000,45155,105376,150531
1611264397000,45100,105129,150229
1611264741000,44842,104794,149636
1611264997000,44744,104787,149531
1611265297000,44611,104511,149122
1611265597000,44480,103971,148451
1611265897000,44341,103626,147967
1611266197000,44166,103361,147527
1611266497000,43973,102682,146655
1611266797000,43808,102426,146234
1611267097000,43669,101714,145383
1611267397000,43553,101444,144997
1611267697000,43373,101056,144429
1611267997000,43243,100926,144169
1611268297000,43196,100438,143634
1611268597000,42955,100165,143120
1611268897000,43023,100479,143502
1611269197000,42951,100419,143370
1611269497000,42839,99995,142834
1611269796000,42736,99482,142218
1611270097000,42441,98781,141222
1611270397000,42269,97807,140076
1611270697000,42032,97396,139428
1611270997000,41813,97079,138892
1611271297000,41768,96788,138556
1611271597000,41715,96472,138187
1611271897000,41661,96210,137871
1611272197000,41414,95710,137124
1611272497000,41357,95496,136853
1611272797000,41233,94800,136033
1611273098000,41191,94614,135805
1611273397000,41210,94621,135831
1611273697000,41433,94243,135676
1611273999000,41741,94138,135879
1611274297000,41674,94047,135721
1611274597000,41461,93902,135363
1611274897000,41456,93936,135392
1611275197000,41326,93868,135194
1611275497000,41344,93920,135264
1611275797000,41255,93827,135082
1611276097000,41137,94019,135156
1611276396000,40954,94077,135031
1611276697000,40853,94360,135213
1611276997000,40680,94385,135065
1611277297000,40551,94222,134773
1611277597000,40421,94396,134817
1611277897000,40222,94281,134503
1611278197000,40270,94213,134483
1611278497000,40158,94594,134752
1611278797000,40115,94686,134801
1611279097000,39985,94761,134746
1611279397000,39885,94967,134852
1611279697000,39780,95030,134810
1611279997000,39688,95003,134691
1611280297000,39490,95405,134895
1611280597000,39357,95335,134692
1611280897000,39269,95340,134609
1611281197000,39096,95197,134293
1611281497000,38873,95120,133993
1611281797000,38680,95545,134225
1611282097000,38575,95488,134063
1611282397000,38585,95375,133960
1611282697000,38425,95261,133686
1611282996000,38187,95015,133202
1611283297000,38049,94929,132978
1611283597000,37845,94889,132734
1611283897000,37606,94960,132566
1611284197000,37400,94214,131614
1611284497000,37191,93881,131072
1611284796000,36848,93405,130253
1611285097000,36638,93004,129642
1611285397000,36403,92680,129083
1611285697000,36184,92207,128391
1611285997000,35882,91623,127505
1611286297000,35590,91287,126877
1611286597000,35478,91060,126538
1611286897000,35328,90553,125881
1611287197000,35113,89877,124990
1611287497000,34877,89404,124281
1611287797000,34738,88495,123233
1611288097000,34334,87570,121904
1611288397000,33968,86336,120304
1611288697000,33422,85818,119240
1611288997000,33128,84984,118112
1611289297000,32744,84509,117253
1611289597000,32464,83776,116240
1611289897000,32035,84740,116775
1611290197000,31760,82152,113912
1611290497000,31432,81488,112920
1611290797000,31196,80625,111821
1611291097000,30883,80179,111062
1611291397000,30570,79187,109757
1611291702000,30228,78366,108594
1611291997000,29926,77262,107188
1611292297000,29598,76640,106238
1611292597000,29395,75993,105388
1611292897000,29007,75188,104195
1611293197000,28758,74431,103189
1611293497000,28430,73802,102232
1611293797000,28254,72787,101041
1611294097000,27915,72224,100139
1611294397000,27590,71638,99228
1611294697000,27300,70878,98178
1611294997000,27003,70190,97193
1611295297000,26661,69274,95935
1611295597000,26373,68219,94592
1611295897000,26009,67379,93388
1611296197000,25836,66487,92323
1611296497000,25590,65752,91342
1611296797000,25341,65135,90476
1611297097000,25133,64140,89273
1611297397000,24934,63312,88246
1611297697000,24739,62717,87456
1611298010000,24417,61861,86278
1611298297000,24222,61028,85250
1611298597000,24092,60237,84329
1611298897000,23921,59256,83177
1611299197000,23670,58720,82390
1611299497000,23515,59067,82582
1611299797000,23260,58800,82060
1611300097000,23187,58606,81793
1611300397000,23137,57047,80184
1611300697000,21725,56376,78101
1611300997000,21498,56353,77851
1611301297000,21334,56516,77850
1611301597000,21215,57225,78440
1611301897000,21072,57816,78888
1611302196000,20897,57721,78618
1611302500000,21792,57157,78949
1611302797000,20721,56849,77570
1611303097000,20843,56660,77503
1611303397000,20595,56482,77077
1611303697000,20653,56287,76940
1611303997000,20603,55847,76450
1611304297000,20590,55684,76274
1611304597000,20624,55492,76116
1611304897000,20739,55404,76143
1611305197000,20760,55267,76027
1611305497000,20793,55228,76021
1611305797000,20744,55126,75870
1611306097000,20735,55265,76000
1611306397000,20837,55416,76253
1611306697000,20962,55516,76478
1611306996000,21412,55518,76930
1611307297000,21577,55818,77395
1611307597000,21774,55937,77711
1611307897000,21853,56074,77927
1611308197000,22030,56234,78264
1611308497000,22220,55847,78067
1611308797000,22261,55593,77854
1611309097000,22259,55509,77768
1611309397000,22351,55500,77851
1611309698000,22412,55589,78001
1611309997000,22556,55860,78416
1611310297000,22677,56180,78857
1611310597000,22791,56251,79042
1611310897000,22991,56324,79315
1611311197000,22968,56440,79408
1611311497000,23044,56626,79670
1611311796000,23076,56636,79712
1611312097000,23226,56582,79808
1611312397000,23312,56650,79962
1611312697000,23552,56663,80215
1611312997000,23680,56966,80646
1611313297000,23714,56944,80658
1611313597000,23733,57243,80976
1611313897000,23744,57338,81082
1611314197000,23942,57781,81723
1611314497000,23968,57994,81962
1611314796000,24113,58253,82366
1611315097000,24291,58551,82842
1611315397000,24471,58926,83397
1611315697000,24600,59301,83901
1611315997000,24784,59578,84362
1611316297000,24880,59958,84838
1611316599000,24998,60434,85432
1611316897000,25133,60856,85989
1611317197000,25269,61350,86619
1611317497000,25463,61865,87328
1611317797000,25715,62390,88105
1611318097000,25876,62913,88789
1611318397000,26081,63511,89592
1611318697000,26347,63923,90270
1611318997000,26521,64315,90836
1611319297000,26806,64703,91509
1611319597000,27023,65361,92384
1611319897000,27003,65948,92951
1611320197000,27180,66488,93668
1611320497000,27459,67124,94583
1611320797000,27691,67949,95640
1611321097000,28031,68617,96648
1611321397000,28233,69344,97577
1611321697000,28515,69793,98308
1611321997000,28808,70709,99517
1611322297000,29125,71459,100584
1611322597000,29475,72239,101714
1611322897000,29726,73103,102829
1611323197000,30135,74040,104175
1611323497000,30564,74832,105396
1611323797000,30874,75393,106267
1611324097000,31184,76082,107266
1611324397000,30518,76947,107465
1611324697000,30873,77803,108676
1611324997000,31293,78409,109702
1611325296000,31615,79242,110857
1611325597000,31807,79869,111676
1611325897000,32183,80707,112890
1611326197000,32591,81465,114056
1611326497000,32889,82045,114934
1611326797000,33309,82648,115957
1611327097000,33657,83325,116982
1611327397000,33984,83874,117858
1611327697000,34326,84438,118764
1611327997000,34692,85195,119887
1611328297000,34997,85914,120911
1611328597000,35245,86574,121819
1611328897000,35662,87281,122943
1611329197000,36025,87302,123327
1611329497000,35192,87727,122919
1611329797000,35403,88183,123586
1611330097000,35607,88569,124176
1611330397000,35829,88569,124398
1611330697000,36278,89567,125845
1611330997000,36310,89714,126024
1611331297000,36609,90225,126834
1611331597000,36896,90340,127236
1611331897000,37099,90908,128007
1611332197000,37415,91163,128578
1611332497000,37626,91586,129212
1611332797000,37921,91512,129433
1611333097000,37955,91428,129383
1611333397000,38346,91558,129904
1611333697000,38671,91845,130516
1611333996000,39009,91921,130930
1611334297000,39258,92199,131457
1611334597000,40601,92100,132701
1611334897000,39728,92220,131948
1611335196000,39920,92203,132123
1611335497000,40206,92375,132581
1611335797000,41162,92504,133666
1611336097000,41510,92799,134309
1611336397000,42261,92928,135189
1611336697000,42984,92932,135916
1611337010000,41088,93389,134477
1611337297000,41145,93765,134910
1611337597000,41305,94156,135461
1611337897000,41524,94421,135945
1611338197000,41595,94674,136269
1611338497000,41610,95027,136637
1611338797000,41836,95284,137120
1611339097000,41966,95954,137920
1611339397000,42153,96256,138409
1611339697000,42246,96958,139204
1611339997000,42400,97809,140209
1611340297000,42373,98318,140691
1611340597000,42349,98473,140822
1611340897000,42533,98902,141435
1611341197000,42644,99168,141812
1611341497000,42829,99532,142361
1611341796000,42948,99761,142709
1611342097000,43038,99632,142670
1611342397000,43145,99981,143126
1611342697000,43240,100426,143666
1611342997000,43391,100815,144206
1611343297000,43531,101349,144880
1611343597000,43551,101655,145206
1611343897000,43664,101868,145532
1611344197000,43837,102316,146153
1611344497000,44001,102566,146567
1611344797000,44107,102738,146845
1611345097000,44213,103011,147224
1611345397000,44358,102889,147247
1611345697000,44260,103123,147383
1611345997000,44130,103365,147495
1611346297000,44280,103525,147805
1611346597000,44474,103554,148028
1611346897000,44520,103814,148334
1611347197000,44673,103929,148602
1611347497000,44763,103648,148411
1611347797000,44831,103943,148774
1611348097000,44966,103946,148912
1611348397000,45034,103927,148961
1611348697000,44994,104137,149131
1611349011000,45021,104129,149150
1611349297000,44894,103944,148838
1611349597000,44960,103929,148889
1611349897000,45033,103660,148693
1611350210000,45007,103862,148869
1611350497000,45058,103750,148808
1611350797000,44978,103671,148649
1611351097000,44979,103599,148578
1611351397000,44935,103569,148504
1611351697000,44904,103597,148501
1611351997000,44857,103361,148218
1611352297000,44965,103218,148183
1611352597000,45008,103216,148224
1611352897000,44841,101853,146694
1611353197000,44761,102117,146878
1611353517000,44688,101951,146639
1611353796000,44600,101454,146054
1611354097000,44518,101386,145904
1611354397000,44467,100994,145461
1611354696000,44332,100586,144918
1611354997000,44219,100397,144616
1611355297000,44222,99967,144189
1611355596000,44070,99683,143753
1611355897000,43932,98443,142375
1611356197000,43744,97970,141714
1611356497000,43546,97131,140677
1611356796000,43370,96329,139699
1611357097000,43344,96129,139473
1611357397000,43262,97545,140807
1611357697000,43204,97293,140497
1611357997000,43118,97011,140129
1611358296000,43013,96708,139721
1611358597000,42855,96536,139391
1611358897000,42687,95560,138247
1611359197000,42636,95190,137826
1611359497000,42607,94972,137579
1611359797000,42413,95007,137420
1611360096000,42676,94416,137092
1611360397000,42831,93929,136760
1611360697000,42656,93527,136183
1611360996000,42652,93731,136383
1611361297000,42543,93682,136225
1611361597000,42278,93242,135520
1611361897000,42121,93117,135238
1611362197000,42027,92990,135017
1611362497000,41992,93109,135101
1611362797000,41843,93370,135213
1611363097000,41664,93707,135371
1611363397000,41532,93751,135283
1611363697000,41404,93706,135110
1611363997000,41196,93582,134778
1611364297000,40960,93771,134731
1611364597000,40925,94029,134954
1611364896000,40828,94061,134889
1611365197000,40626,94045,134671
1611365497000,40506,94199,134705
1611365797000,40331,94232,134563
1611366097000,40268,94166,134434
1611366397000,40175,94256,134431
1611366698000,40006,94400,134406
1611366997000,39821,94270,134091
1611367297000,39729,94515,134244
1611367597000,39740,94307,134047
1611367896000,39535,94253,133788
1611368197000,39339,94209,133548
1611368497000,39255,94260,133515
1611368797000,39150,94473,133623
1611369097000,38935,94231,133166
1611369397000,38842,94155,132997
1611369697000,38710,94259,132969
1611369997000,38568,93974,132542
1611370297000,38495,94133,132628
1611370596000,38354,93882,132236
1611370897000,38153,93637,131790
1611371196000,37892,93450,131342
1611371497000,37812,93264,131076
1611371797000,37709,94854,132563
1611372097000,37552,92885,130437
1611372397000,37356,92545,129901
1611372697000,37152,92486,129638
1611372997000,37000,92043,129043
1611373296000,36661,91677,128338
1611373597000,36564,91465,128029
1611373897000,36472,90994,127466
1611374197000,36013,90651,126664
1611374497000,35764,90062,125826
1611374797000,35489,89488,124977
1611375097000,35254,88701,123955
1611375397000,34980,88307,123287
1611375698000,34657,87933,122590
1611375996000,34243,87511,121754
1611376297000,33994,86866,120860
1611376597000,33791,86037,119828
1611376901000,33541,85805,119346
1611377197000,33229,84864,118093
1611377497000,33044,84136,117180
1611377797000,32713,83817,116530
1611378097000,32394,83196,115590
1611378397000,32121,82402,114523
1611378696000,31869,81418,113287
1611378996000,31648,80661,112309
1611379297000,31396,79662,111058
1611379597000,31097,78467,109564
1611379897000,30868,78233,109101
1611380197000,30711,77573,108284
1611380497000,30385,76864,107249
1611380797000,30079,76176,106255
1611381097000,29860,75553,105413
1611381397000,29609,74904,104513
1611381697000,29225,73973,103198
1611381997000,28794,72930,101724
1611382297000,28541,71842,100383
1611382597000,28444,70780,99224
1611382897000,28226,70168,98394
1611383196000,27907,71032,98939
1611383497000,27595,69984,97579
1611383797000,27392,67396,94788
1611384097000,27146,66868,94014
1611384397000,26891,66138,93029
1611384697000,26618,65136,91754
1611384997000,26399,64392,90791
1611385297000,26118,63537,89655
1611385597000,25877,62845,88722
1611385897000,25641,62988,88629
1611386197000,25487,62770,88257
1611386497000,25193,62732,87925
1611386797000,23791,60706,84497
1611387097000,23435,59882,83317
1611387397000,23162,59555,82717
1611387697000,23020,59476,82496
1611387997000,23513,60193,83706
1611388297000,22760,60813,83573
1611388597000,23174,60453,83627
1611388896000,22514,59962,82476
1611389197000,22453,59747,82200
1611389497000,22398,59368,81766
1611389797000,22283,58914,81197
1611390097000,22243,58389,80632
1611390397000,22182,58065,80247
1611390697000,22026,57710,79736
1611390997000,22029,57331,79360
1611391297000,21654,56994,78648
1611391598000,21911,56700,78611
1611391897000,22301,56735,79036
1611392197000,22464,56777,79241
1611392497000,22473,56490,78963
1611392797000,22521,56475,78996
1611393097000,22591,56344,78935
1611393396000,22704,56425,79129
1611393697000,22785,56280,79065
1611393997000,22884,56596,79480
1611394297000,22918,56489,79407
1611394597000,22969,56620,79589
1611394897000,23045,56722,79767
1611395197000,23297,56450,79747
1611395497000,23384,56619,80003
1611395797000,23439,56510,79949
1611396097000,23479,56722,80201
1611396397000,23613,56733,80346
1611396697000,23699,57038,80737
1611396997000,23913,57333,81246
1611397297000,24120,57430,81550
1611397597000,24283,57470,81753
1611397897000,24405,57634,82039
1611398197000,24546,57698,82244
1611398497000,24647,57623,82270
1611398797000,24690,57946,82636
1611399097000,24777,58277,83054
1611399397000,24872,58690,83562
1611399697000,25071,58707,83778
1611399997000,25174,59082,84256
1611400297000,25301,59234,84535
1611400597000,25552,59519,85071
1611400897000,25628,59982,85610
1611401197000,25750,60533,86283
1611401496000,25904,60773,86677
1611401797000,25995,61004,86999
1611402097000,26181,61181,87362
1611402396000,26338,61669,88007
1611402697000,26475,61975,88450
1611402997000,26574,62173,88747
1611403296000,26470,62588,89058
1611403608000,26555,63237,89792
1611403897000,26761,63667,90428
1611404197000,27022,64123,91145
1611404497000,27160,64738,91898
1611404797000,27421,65422,92843
1611405097000,27616,66019,93635
1611405397000,27825,66457,94282
1611405696000,27964,66608,94572
1611405997000,28167,67159,95326
1611406297000,28337,67733,96070
1611406597000,28911,68752,97663
1611406897000,29193,69321,98514
1611407197000,29460,69918,99378
1611407497000,29744,70299,100043
1611407797000,30075,70601,100676
1611408097000,30336,71452,101788
1611408396000,30660,71460,102120
1611408696000,30803,72243,103046
1611408997000,31120,72868,103988
1611409297000,31386,73608,104994
1611409596000,31759,74741,106500
1611409897000,32077,75431,107508
1611410197000,32344,76447,108791
1611410497000,32687,76778,109465
1611410797000,32878,77475,110353
1611411097000,33114,78104,111218
1611411397000,33320,78649,111969
1611411697000,33629,79514,113143
1611411997000,33978,80226,114204
1611412297000,34145,80697,114842
1611412596000,34369,81134,115503
1611412897000,34656,81705,116361
1611413197000,34959,82357,117316
1611413497000,35230,82962,118192
1611413797000,35560,83828,119388
1611414097000,35823,84740,120563
1611414397000,36004,85329,121333
1611414697000,36232,85991,122223
1611414997000,36446,86692,123138
1611415296000,36690,87157,123847
1611415597000,36911,87820,124731
1611415897000,37158,88311,125469
1611416197000,37459,88626,126085
1611416497000,37730,88996,126726
1611416797000,37841,89721,127562
1611417097000,38045,90503,128548
1611417397000,38219,91457,129676
1611417697000,38432,91869,130301
1611417997000,38781,91874,130655
1611418297000,39059,92115,131174
1611418597000,39180,92751,131931
1611418897000,39493,93041,132534
1611419197000,39684,93370,133054
1611419497000,39788,93657,133445
1611419797000,40047,93819,133866
1611420097000,40236,94292,134528
1611420397000,40528,94568,135096
1611420697000,40855,94916,135771
1611420997000,40724,95181,135905
1611421297000,40960,95082,136042
1611421597000,41556,95350,136906
1611421897000,42224,95558,137782
1611422197000,42531,95950,138481
1611422497000,43887,96368,140255
1611422797000,44106,96567,140673
1611423097000,44251,96717,140968
1611423397000,44402,97240,141642
1611423696000,44504,97616,142120
1611423997000,44646,97520,142166
1611424296000,44844,98300,143144
1611424596000,44988,98339,143327
1611424897000,45137,98835,143972
1611425197000,45270,99319,144589
1611425497000,45339,100024,145363
1611425797000,45507,100409,145916
1611426097000,45742,100886,146628
1611426397000,45812,101184,146996
1611426697000,45908,101476,147384
1611426997000,46136,101823,147959
1611427297000,46397,102508,148905
1611427597000,46391,102706,149097
1611427897000,46564,103296,149860
1611428197000,46796,103735,150531
1611428497000,46852,103934,150786
1611428797000,47027,103979,151006
1611429097000,47168,104538,151706
1611429397000,47366,105341,152707
1611429697000,47586,105767,153353
1611429996000,47712,106028,153740
1611430297000,47899,106546,154445
1611430597000,47986,106550,154536
1611430897000,48098,106892,154990
1611431197000,48198,107101,155299
1611431497000,48420,107536,155956
1611431797000,48551,108006,156557
1611432096000,48551,108694,157245
1611432396000,48637,108537,157174
1611432697000,48761,108818,157579
1611432997000,48858,108992,157850
1611433297000,48917,109418,158335
1611433597000,49042,109768,158810
1611433896000,49069,109668,158737
1611434197000,49071,109900,158971
1611434497000,49106,110166,159272
1611434797000,49065,110440,159505
1611435097000,49053,110426,159479
1611435397000,49121,110399,159520
1611435697000,49046,110326,159372
1611435996000,49077,110219,159296
1611436297000,49077,110320,159397
1611436596000,49053,110244,159297
1611436897000,49078,110202,159280
1611437196000,49056,110084,159140
1611437497000,49019,109978,158997
1611437797000,49105,109884,158989
1611438096000,49023,109794,158817
1611438396000,48902,109448,158350
1611438697000,48893,109267,158160
1611438997000,48776,108980,157756
1611439296000,48665,108602,157267
1611439597000,48574,108273,156847
1611439897000,48291,107479,155770
1611440197000,47987,107678,155665
1611440497000,47927,107754,155681
1611440797000,47836,107737,155573
1611441097000,47649,106807,154456
1611441397000,47522,106755,154277
1611441697000,47527,106376,153903
1611441997000,47425,105729,153154
1611442297000,47311,105732,153043
1611442597000,47133,105127,152260
1611442897000,46795,104279,151074
1611443197000,46564,102098,148662
1611443497000,46459,102236,148695
1611443797000,46419,102134,148553
1611444097000,46322,102082,148404
1611444397000,46068,102165,148233
1611444697000,45946,101805,147751
1611444997000,45811,101236,147047
1611445297000,45744,101301,147045
1611445597000,45668,100906,146574
1611445897000,45589,100330,145919
1611446196000,45497,99888,145385
1611446497000,45709,99551,145260
1611446796000,45936,99095,145031
1611447096000,45759,98658,144417
1611447397000,45665,98530,144195
1611447697000,45435,98313,143748
1611447997000,45231,98379,143610
1611448297000,44948,98493,143441
1611448597000,44698,98183,142881
1611448897000,44517,97891,142408
1611449197000,44431,97645,142076
1611449497000,44369,97220,141589
1611449797000,44293,96935,141228
1611450097000,44048,96546,140594
1611450397000,43825,96373,140198
1611450696000,43710,96387,140097
1611450997000,43415,96372,139787
1611451297000,43376,96202,139578
1611451597000,43247,96219,139466
1611451896000,43087,96099,139186
1611452196000,42619,96511,139130
1611452497000,42448,96431,138879
1611452797000,42221,96495,138716
1611453097000,42060,96315,138375
1611453397000,42022,95929,137951
1611453697000,41725,96348,138073
1611453997000,41692,96390,138082
1611454297000,41344,96018,137362
1611454597000,41378,95349,136727
1611454897000,41273,95881,137154
1611455197000,41144,96153,137297
1611455496000,40935,95823,136758
1611455796000,40634,95778,136412
1611456097000,40364,96058,136422
1611456397000,40226,95822,136048
1611456697000,40092,95409,135501
1611456997000,39895,95109,135004
1611457297000,39804,94724,134528
1611457597000,39598,94522,134120
1611457897000,39485,94224,133709
1611458197000,39289,93903,133192
1611458497000,39039,93746,132785
1611458797000,38899,93202,132101
1611459097000,38754,93088,131842
1611459397000,38550,92676,131226
1611459697000,38300,92538,130838
1611459997000,37940,91736,129676
1611460297000,37593,91330,128923
1611460596000,37328,90463,127791
1611460897000,37033,89884,126917
1611461197000,36931,89234,126165
1611461497000,36482,88691,125173
1611461797000,36300,88111,124411
1611462097000,36034,87732,123766
1611462397000,35869,87249,123118
1611462697000,35602,86811,122413
1611462997000,35322,86091,121413
1611463297000,35022,85684,120706
1611463597000,34744,84902,119646
1611463896000,34485,84409,118894
1611464196000,34304,83794,118098
1611464497000,34044,83168,117212
1611464797000,33809,82146,115955
1611465097000,33525,81642,115167
1611465397000,33131,81213,114344
1611465697000,32867,80124,112991
1611465996000,32508,79327,111835
1611466297000,32150,78112,110262
1611466597000,31910,76764,108674
1611466897000,31565,76179,107744
1611467197000,31317,75719,107036
1611467497000,30937,75269,106206
1611467797000,30603,74756,105359
1611468097000,30239,73985,104224
1611468397000,29813,73322,103135
1611468697000,29596,72272,101868
1611468997000,29388,71517,100905
1611469296000,29131,70637,99768
1611469596000,28834,69752,98586
1611469897000,28566,68861,97427
1611470197000,28420,68147,96567
1611470497000,28219,67540,95759
1611470797000,27924,66546,94470
1611471097000,27573,65755,93328
1611471396000,27386,65129,92515
1611471697000,27126,64391,91517
1611471997000,26861,63711,90572
1611472297000,26601,64004,90605
1611472597000,26397,63468,89865
1611472897000,26221,63220,89441
1611473197000,24645,61489,86134
1611473497000,24297,60798,85095
1611473797000,23956,60071,84027
1611474097000,23778,60422,84200
1611474397000,24519,61156,85675
1611474696000,23637,61505,85142
1611474997000,23545,61356,84901
1611475296000,23534,60725,84259
1611475597000,23633,60227,83860
1611475897000,23597,59720,83317
1611476197000,23617,59477,83094
1611476497000,23584,59317,82901
1611476796000,23599,58955,82554
1611477096000,23578,58728,82306
1611477397000,23628,58399,82027
1611477697000,23751,58207,81958
1611477997000,23683,58162,81845
1611478297000,23674,58213,81887
1611478597000,23736,58162,81898
1611478897000,23715,57994,81709
1611479197000,23782,57984,81766
1611479496000,23850,57957,81807
1611479797000,24012,58015,82027
1611480097000,24081,57700,81781
1611480397000,24153,57746,81899
1611480697000,24266,57839,82105
1611480997000,24286,57556,81842
1611481297000,24344,57634,81978
1611481596000,24541,57583,82124
1611481897000,24725,57917,82642
1611482197000,24901,58051,82952
1611482497000,25039,58345,83384
1611482797000,25137,58476,83613
1611483097000,25275,58690,83965
1611483397000,25388,58750,84138
1611483696000,25487,59060,84547
1611483997000,25674,59163,84837
1611484297000,25817,59312,85129
1611484597000,26033,59454,85487
1611484897000,26267,59433,85700
1611485197000,26479,59622,86101
1611485496000,26610,59866,86476
1611485797000,26739,60083,86822
1611486097000,26785,60282,87067
1611486397000,26942,60242,87184
1611486697000,26948,60895,87843
1611486997000,26981,60896,87877
1611487297000,26969,61155,88124
1611487597000,27094,61480,88574
1611487897000,27278,62105,89383
1611488197000,27516,62632,90148
1611488497000,27747,62868,90615
1611488796000,27856,63014,90870
1611489097000,28032,63169,91201
1611489397000,28072,63545,91617
1611489697000,28425,63697,92122
1611489997000,28544,64125,92669
1611490297000,28676,64711,93387
1611490597000,28814,65239,94053
1611490897000,29094,65767,94861
1611491197000,29266,66173,95439
1611491497000,29494,66765,96259
1611491797000,29722,67273,96995
1611492097000,29944,67764,97708
1611492397000,30138,68312,98450
1611492696000,30355,68887,99242
1611492997000,30601,69526,100127
1611493297000,30743,69952,100695
1611493597000,30879,70515,101394
1611493897000,31099,71128,102227
1611494197000,31326,71896,103222
1611494497000,31589,72671,104260
1611494797000,31852,73156,105008
1611495097000,32017,73355,105372
1611495396000,32316,73928,106244
1611495697000,32583,74295,106878
1611495997000,32802,74877,107679
1611496296000,33213,75631,108844
1611496600000,33528,76081,109609
1611496897000,33509,76838,110347
1611497197000,33915,77550,111465
1611497497000,34190,78365,112555
1611497797000,34539,79115,113654
1611498097000,34841,80235,115076
1611498397000,35189,80959,116148
1611498697000,35569,81904,117473
1611498997000,35831,82592,118423
1611499297000,36009,83030,119039
1611499597000,36298,83572,119870
1611499897000,36656,84038,120694
1611500197000,36958,84787,121745
1611500497000,37231,85285,122516
1611500797000,37385,86150,123535
1611501097000,37877,86931,124808
1611501397000,38187,87711,125898
1611501697000,38543,88423,126966
1611501996000,38873,89038,127911
1611502296000,39133,89727,128860
1611502597000,39555,89945,129500
1611502897000,39921,90759,130680
1611503196000,40155,91481,131636
1611503497000,40351,92173,132524
1611503797000,40539,92965,133504
1611504097000,40797,93593,134390
1611504397000,41007,94093,135100
1611504697000,41309,94841,136150
1611504997000,41544,95675,137219
1611505297000,41753,96377,138130
1611505596000,41948,96662,138610
1611505897000,42135,97238,139373
1611506197000,43272,97603,140875
1611506496000,42872,98180,141052
1611506797000,43250,98631,141881
1611507097000,43183,98708,141891
1611507396000,44218,98932,143150
1611507697000,44337,99079,143416
1611507997000,44470,99145,143615
1611508297000,45824,99635,145459
1611508597000,45977,99872,145849
1611508897000,46152,100328,146480
1611509196000,46267,100781,147048
1611509496000,46406,101181,147587
1611509797000,46558,101265,147823
1611510097000,46665,101682,148347
1611510397000,46870,101915,148785
1611510696000,47091,102573,149664
1611510997000,47273,103148,150421
1611511297000,47369,103443,150812
1611511596000,47581,104288,151869
1611511897000,47775,104990,152765
1611512197000,47917,105807,153724
1611512497000,48176,106140,154316
1611512797000,48374,106505,154879
1611513097000,48465,107032,155497
1611513397000,48688,107523,156211
1611513696000,48882,107988,156870
1611513997000,49070,108699,157769
1611514297000,49335,108867,158202
1611514598000,49507,109065,158572
1611514897000,49612,109732,159344
1611515197000,49872,109902,159774
1611515497000,50129,110486,160615
1611515797000,50242,110925,161167
1611516096000,50428,111383,161811
1611516397000,50621,111947,162568
1611516697000,50778,112437,163215
1611516997000,50892,113115,164007
1611517296000,51044,113601,164645
1611517597000,51079,114095,165174
1611517897000,51207,114375,165582
1611518197000,51282,114633,165915
1611518496000,51338,114797,166135
1611518797000,51308,114901,166209
1611519097000,51444,115288,166732
1611519397000,51633,115652,167285
1611519697000,51736,115850,167586
1611519997000,51648,116026,167674
1611520297000,51782,116034,167816
1611520597000,51787,116057,167844
1611520897000,51849,116489,168338
1611521197000,51828,116342,168170
1611521497000,51811,116522,168333
1611521796000,51585,116557,168142
1611522096000,51416,116391,167807
1611522397000,51286,116065,167351
1611522697000,51183,115849,167032
1611522997000,51117,115474,166591
1611523297000,51036,115187,166223
1611523597000,50823,115167,165990
1611523897000,50709,114684,165393
1611524197000,50553,114156,164709
1611524497000,50466,113562,164028
1611524797000,50406,113149,163555
1611525097000,50146,112830,162976
1611525397000,50010,112036,162046
1611525697000,49899,111423,161322
1611525997000,49603,111225,160828
1611526297000,49364,110981,160345
1611526596000,49037,110489,159526
1611526897000,48674,109927,158601
1611527197000,48433,109515,157948
1611527497000,48158,108835,156993
1611527797000,47974,108302,156276
1611528097000,47837,107920,155757
1611528397000,47624,107144,154768
1611528697000,47370,106063,153433
1611528997000,47181,105513,152694
1611529297000,46761,104503,151264
1611529597000,46446,103936,150382
1611529897000,46263,103132,149395
1611530196000,46048,102238,148286
1611530497000,45786,101071,146857
1611530797000,45644,100766,146410
1611531097000,45541,100124,145665
1611531397000,45447,99743,145190
1611531697000,45216,99713,144929
1611531997000,45053,99580,144633
1611532297000,44955,99407,144362
1611532597000,44940,99281,144221
1611532897000,44954,99073,144027
1611533196000,45210,98739,143949
1611533496000,45263,98710,143973
1611533797000,45200,99882,145082
1611534097000,45211,99708,144919
1611534397000,45047,99671,144718
1611534697000,44829,98781,143610
1611534997000,44615,98788,143403
1611535297000,44374,97509,141883
1611535597000,44172,97769,141941
1611535897000,44073,98569,142642
1611536197000,43854,99311,143165
1611536497000,43683,99713,143396
1611536797000,43538,99621,143159
1611537097000,43247,98575,141822
1611537397000,43148,99094,142242
1611537697000,43041,99297,142338
1611537997000,42799,99541,142340
1611538297000,42640,99467,142107
1611538597000,42496,99368,141864
1611538897000,42475,99622,142097
1611539197000,42376,99883,142259
1611539497000,42287,100006,142293
1611539797000,42128,100224,142352
1611540097000,42012,100305,142317
1611540396000,41854,99981,141835
1611540697000,41672,99606,141278
1611540997000,41522,99444,140966
1611541297000,41269,98219,139488
1611541597000,41222,99035,140257
1611541897000,41056,97771,138827
1611542196000,40781,97717,138498
1611542497000,40519,97625,138144
1611542800000,40312,97127,137439
1611543097000,40124,96636,136760
1611543397000,39891,96317,136208
1611543707000,39520,95723,135243
1611543997000,39305,95231,134536
1611544297000,39013,94518,133531
1611544597000,38763,94122,132885
1611544897000,38478,93579,132057
1611545196000,38218,93177,131395
1611545499000,37947,92779,130726
1611545797000,37523,92329,129852
1611546097000,37013,91672,128685
1611546397000,36639,91021,127660
1611546697000,36241,90593,126834
1611546997000,35904,90174,126078
1611547297000,35475,89550,125025
1611547597000,35114,88573,123687
1611547896000,34763,87825,122588
1611548197000,34311,87234,121545
1611548497000,34012,86712,120724
1611548797000,33672,86152,119824
1611549097000,33307,84969,118276
1611549397000,33044,84234,117278
1611549697000,32646,83463,116109
1611549997000,32318,82733,115051
1611550297000,32150,81765,113915
1611550597000,31825,81080,112905
1611550897000,31462,80219,111681
1611551197000,31077,79447,110524
1611551497000,30725,78351,109076
1611551797000,30427,77277,107704
1611552097000,30095,76410,106505
1611552396000,29820,75529,105349
1611552697000,29449,74803,104252
1611552997000,29125,74074,103199
1611553297000,28827,73293,102120
1611553597000,28616,72346,100962
1611553897000,28284,71875,100159
1611554196000,27992,70948,98940
1611554497000,27602,69917,97519
1611554797000,27135,68927,96062
1611555097000,26882,67926,94808
1611555397000,26622,67295,93917
1611555697000,26330,65971,92301
1611555997000,26135,65135,91270
1611556297000,25913,64670,90583
1611556597000,25746,63735,89481
1611556897000,25523,62854,88377
1611557196000,25285,62140,87425
1611557497000,25083,61000,86083
1611557797000,24858,60352,85210
1611558097000,24660,59653,84313
1611558398000,24426,59030,83456
1611558697000,24143,59311,83454
1611558997000,23931,58995,82926
1611559297000,23747,58791,82538
1611559597000,22477,57144,79621
1611559897000,22165,56495,78660
1611560197000,21988,56396,78384
1611560497000,21771,56657,78428
1611560797000,21598,57574,79172
1611561097000,21154,58196,79350
1611561396000,21047,57869,78916
1611561697000,21030,57457,78487
1611561997000,21230,57135,78365
1611562297000,21173,56871,78044
1611562596000,21338,56791,78129
1611562897000,21460,56600,78060
1611563197000,21591,56233,77824
1611563497000,21691,56012,77703
1611563797000,21737,55836,77573
1611564097000,21879,55833,77712
1611564397000,21989,55866,77855
1611564697000,22078,55936,78014
1611564997000,22231,55955,78186
1611565297000,22435,56026,78461
1611565597000,22618,56203,78821
1611565897000,22799,56271,79070
1611566197000,22929,56267,79196
1611566497000,22950,56460,79410
1611566797000,23031,56538,79569
1611567097000,23188,56349,79537
1611567397000,23329,56221,79550
1611567697000,23384,56059,79443
1611567997000,23473,56341,79814
1611568297000,23590,56675,80265
1611568597000,23659,56511,80170
1611568897000,23807,56647,80454
1611569197000,23898,56713,80611
1611569227000,23933,56724,80657
1611569497000,24091,56821,80912
1611569797000,23072,56530,79602
1611570096000,23231,56853,80084
1611570397000,23579,56888,80467
1611570697000,23631,57031,80662
1611570997000,23321,57161,80482
1611571297000,23092,57592,80684
1611571597000,22883,57746,80629
1611571897000,22484,55859,78343
1611572197000,20808,55691,76499
1611572497000,701,56110,56811
1611572797000,9514,57356,66870
1611573097000,13582,58771,72353
1611573397000,15725,58886,74611
1611573697000,17311,59281,76592
1611573996000,18529,59492,78021
1611574297000,19616,59626,79242
1611574597000,20437,59564,80001
1611574897000,21139,59775,80914
1611575197000,21848,60205,82053
1611575497000,22516,60646,83162
1611575797000,23075,60856,83931
1611576097000,23292,61271,84563
1611576396000,23798,61380,85178
1611576697000,24318,62115,86433
1611576996000,24789,62510,87299
1611577297000,25230,62772,88002
1611577596000,25687,63498,89185
1611577897000,26144,63907,90051
1611578197000,26569,64131,90700
1611578497000,26982,64545,91527
1611578797000,27291,64981,92272
1611579097000,27701,65514,93215
1611579397000,28122,66377,94499
1611579697000,28431,66942,95373
1611579997000,28804,67852,96656
1611580297000,29253,68569,97822
1611580597000,28976,69398,98374
1611580897000,29421,70153,99574
1611581198000,29909,70942,100851
1611581497000,30255,71465,101720
1611581797000,30638,71956,102594
1611582097000,31007,72496,103503
1611582397000,31419,73394,104813
1611582697000,31787,74036,105823
1611582997000,32071,74783,106854
1611583297000,32429,75477,107906
1611583597000,32789,76333,109122
1611583896000,33130,77394,110524
1611584197000,33458,78275,111733
1611584498000,33814,78748,112562
1611584797000,34240,79145,113385
1611585097000,34592,79751,114343
1611585397000,34873,80604,115477
1611585697000,35286,81017,116303
1611585997000,35588,81681,117269
1611586316000,35951,82393,118344
1611586344000,35975,82468,118443
1611586383000,35826,82473,118299
1611586405000,36088,81341,117429
1611586728000,36486,83261,119747
1611586897000,36712,83556,120268
1611587197000,37097,84304,121401
1611587497000,37469,84988,122457
1611587797000,37831,85880,123711
1611588097000,38200,86416,124616
1611588397000,38533,88056,126589
1611588697000,38851,88844,127695
1611588997000,39260,89254,128514
1611589297000,38280,89793,128073
1611589596000,38573,89898,128471
1611589897000,38952,90283,129235
1611590197000,39096,90492,129588
1611590497000,39352,90176,129528
1611590797000,39678,90430,130108
1611591097000,39990,91127,131117
1611591397000,40382,91748,132130
1611591697000,40619,92506,133125
1611591997000,40879,92831,133710
1611592297000,41242,93038,134280
1611592597000,41878,93012,134890
1611592897000,42095,93338,135433
1611593197000,42307,93759,136066
1611593497000,43449,93745,137194
1611593797000,43755,93811,137566
1611594097000,43937,93736,137673
1611594397000,45327,93632,138959
1611594697000,45489,91195,136684
1611594997000,45784,92571,138355
1611595297000,46161,93563,139724
1611595597000,46467,94104,140571
1611595897000,46701,94726,141427
1611596196000,46977,95291,142268
1611596515000,47321,96097,143418
1611596797000,47608,96462,144070
1611597097000,47890,96981,144871
1611597397000,48275,97287,145562
1611597697000,48595,97720,146315
1611597997000,48955,98234,147189
1611598297000,49182,98927,148109
1611598597000,49459,99762,149221
1611598897000,49668,100360,150028
1611599197000,49949,101132,151081
1611599497000,47735,102038,149773
1611599797000,47955,102271,150226
1611600097000,48029,103105,151134
1611600397000,48198,103665,151863
1611600697000,48389,104049,152438
1611600997000,48499,104338,152837
1611601297000,48677,104628,153305
1611601597000,48745,105101,153846
1611601897000,48893,105700,154593
1611602197000,48993,106180,155173
1611602497000,49020,106664,155684
1611602797000,49099,106884,155983
1611603097000,49215,107297,156512
1611603397000,49361,107778,157139
1611603697000,49513,108228,157741
1611603996000,49739,108457,158196
1611604297000,49763,108726,158489
1611604597000,49778,108577,158355
1611604897000,49759,107252,157011
1611605197000,49826,106695,156521
1611605497000,49924,106872,156796
1611605797000,50130,106730,156860
1611606097000,50131,106877,157008
1611606397000,50264,106930,157194
1611606697000,50302,106931,157233
1611606997000,50379,107031,157410
1611607297000,50310,106311,156621
1611607597000,50335,106746,157081
1611607897000,50280,107084,157364
1611608197000,50277,107009,157286
1611608498000,50132,106877,157009
1611608797000,49989,106953,156942
1611609097000,49848,107061,156909
1611609397000,49698,106768,156466
1611609697000,49729,106742,156471
1611609997000,49658,106662,156320
1611610297000,49467,106214,155681
1611610597000,49406,105919,155325
1611610897000,49307,105829,155136
1611611197000,49203,105832,155035
1611611497000,48994,105785,154779
1611611797000,48781,105147,153928
1611612097000,48437,104320,152757
1611612397000,48266,103939,152205
1611612698000,48046,103499,151545
1611612997000,47937,103214,151151
1611613297000,47834,102999,150833
1611613597000,47670,102533,150203
1611613897000,47519,102224,149743
1611614197000,47305,101703,149008
1611614497000,47293,101461,148754
1611614797000,47219,100805,148024
1611615097000,47069,100594,147663
1611615397000,46908,99906,146814
1611615697000,46690,99436,146126
1611615997000,46444,98869,145313
1611616297000,46252,98284,144536
1611616597000,46059,98045,144104
1611616897000,46026,97586,143612
1611617197000,46033,97220,143253
1611617497000,45960,97131,143091
1611617797000,45943,97153,143096
1611618097000,45928,96901,142829
1611618397000,45795,96978,142773
1611618697000,45688,96902,142590
1611618997000,45698,96782,142480
1611619297000,45936,96467,142403
1611619597000,46204,96564,142768
1611619897000,46305,96503,142808
1611620197000,46250,96443,142693
1611620497000,46260,96618,142878
1611620797000,46121,96462,142583
1611621097000,46131,96550,142681
1611621397000,45860,96489,142349
1611621697000,45868,96537,142405
1611621997000,45872,96496,142368
1611622297000,45794,96627,142421
1611622597000,45644,96837,142481
1611622897000,45434,96576,142010
1611623196000,45429,96611,142040
1611623497000,45355,96923,142278
1611623796000,45265,97093,142358
1611624097000,45070,97327,142397
1611624397000,45033,97394,142427
1611624697000,44945,97480,142425
1611624997000,44880,97584,142464
1611625297000,44697,97958,142655
1611625597000,44590,98260,142850
1611625897000,44456,98172,142628
1611626197000,44300,98043,142343
1611626497000,44160,98146,142306
1611626797000,43886,97913,141799
1611627097000,43702,97890,141592
1611627397000,43544,97942,141486
1611627697000,43478,98142,141620
1611627997000,43275,97930,141205
1611628297000,43131,98018,141149
1611628597000,42902,97973,140875
1611628897000,42736,97843,140579
1611629197000,42419,97538,139957
1611629497000,42199,97379,139578
1611629797000,42018,96987,139005
1611630098000,41655,96262,137917
1611630397000,41239,96020,137259
1611630697000,40721,95668,136389
1611630997000,40410,95411,135821
1611631298000,40090,95170,135260
1611631597000,39792,94453,134245
1611631897000,39410,94098,133508
1611632197000,39060,93620,132680
1611632497000,38769,93036,131805
1611632797000,38268,92059,130327
1611633097000,37987,91282,129269
1611633397000,37677,90770,128447
1611633697000,37241,89957,127198
1611633997000,36785,89134,125919
1611634297000,36371,87981,124352
1611634597000,35998,87456,123454
1611634897000,35680,86818,122498
1611635197000,35455,85976,121431
1611635497000,34987,84937,119924
1611635797000,34708,83792,118500
1611636097000,34386,83067,117453
1611636399000,34035,82388,116423
1611636697000,33760,81630,115390
1611636997000,33440,80665,114105
1611637297000,33075,79924,112999
1611637597000,32620,78756,111376
1611637897000,32215,77889,110104
1611638197000,31837,76910,108747
1611638497000,31453,76194,107647
1611638797000,31230,75408,106638
1611639097000,30816,74555,105371
1611639397000,30431,73610,104041
1611639697000,30011,72710,102721
1611639997000,29790,72152,101942
1611640347000,29480,71250,100730
1611640597000,29217,70631,99848
1611640897000,28809,69583,98392
1611641197000,28357,68488,96845
1611641497000,28176,67259,95435
1611641797000,27930,66222,94152
1611642097000,27739,65383,93122
1611642397000,27473,64586,92059
1611642697000,27215,63905,91120
1611642997000,26936,63123,90059
1611643298000,26754,62351,89105
1611643597000,26591,62197,88788
1611643897000,26412,61283,87695
1611644197000,26176,60510,86686
1611644498000,25976,60125,86101
1611644797000,25822,58986,84808
1611645097000,25634,59252,84886
1611645397000,25436,58627,84063
1611645697000,25306,58733,84039
1611645997000,23787,57021,80808
1611646297000,23670,56643,80313
1611646597000,23621,56312,79933
1611646897000,23485,56658,80143
1611647197000,23451,57186,80637
1611647497000,23643,57976,81619
1611647797000,24515,57821,82336
1611648097000,23278,57275,80553
1611648398000,23160,57195,80355
1611648697000,23151,56724,79875
1611648997000,23042,56486,79528
1611649297000,23279,56376,79655
1611649597000,23317,56396,79713
1611649897000,23334,56329,79663
1611650197000,23346,56065,79411
1611650498000,23546,55952,79498
1611650797000,23653,55761,79414
1611651097000,23820,55653,79473
1611651397000,23804,55683,79487
1611651697000,23795,55141,78936
1611651997000,23828,55131,78959
1611652297000,23954,55272,79226
1611652597000,24078,55388,79466
1611652897000,24227,55677,79904
1611653197000,24215,55879,80094
1611653497000,24284,55844,80128
1611653797000,24214,55805,80019
1611654097000,24365,55856,80221
1611654397000,24456,55711,80167
1611654697000,24547,56080,80627
1611654997000,24772,56123,80895
1611655297000,24918,56328,81246
1611655597000,25048,56528,81576
1611655897000,25089,56980,82069
1611656197000,25216,56889,82105
1611656497000,25355,57169,82524
1611656797000,25409,57356,82765
1611657097000,25495,57538,83033
1611657397000,25572,57693,83265
1611657697000,25650,57737,83387
1611657997000,25591,56673,82264
1611658297000,25722,57214,82936
1611658597000,25821,57483,83304
1611658897000,25826,57368,83194
1611659197000,26058,57425,83483
1611659497000,26150,57776,83926
1611659797000,26306,57917,84223
1611660097000,26456,58320,84776
1611660397000,26539,58470,85009
1611660697000,26535,58845,85380
1611660997000,26642,59133,85775
1611661297000,26779,59377,86156
1611661597000,26935,59735,86670
1611661897000,27021,59991,87012
1611662197000,27260,60408,87668
1611662497000,27383,60749,88132
1611662797000,27420,61357,88777
1611663097000,27593,61790,89383
1611663397000,27795,62418,90213
1611663697000,27912,63119,91031
1611663997000,28040,63496,91536
1611664297000,28259,63810,92069
1611664597000,28459,64132,92591
1611664897000,28728,64560,93288
1611665197000,28847,65089,93936
1611665497000,28977,65731,94708
1611665797000,29173,66215,95388
1611666097000,29374,66794,96168
1611666397000,29659,67618,97277
1611666697000,29861,68439,98300
1611666997000,30137,69182,99319
1611667297000,30325,69764,100089
1611667597000,30534,70503,101037
1611667897000,30910,70927,101837
1611668197000,31263,71721,102984
1611668497000,31491,72559,104050
1611668797000,31675,73239,104914
1611669097000,31993,73942,105935
1611669397000,32268,74897,107165
1611669697000,32515,75529,108044
1611669997000,32921,76096,109017
1611670297000,33412,76860,110272
1611670597000,33800,77667,111467
1611670897000,34086,78482,112568
1611671197000,34456,79040,113496
1611671497000,34833,79551,114384
1611671797000,35291,80234,115525
1611672097000,35628,81245,116873
1611672397000,35971,81827,117798
1611672697000,36368,82594,118962
1611672997000,36756,83015,119771
1611673297000,37067,83731,120798
1611673597000,37434,84548,121982
1611673897000,37899,85366,123265
1611674197000,38239,85996,124235
1611674497000,38576,86390,124966
1611674797000,39271,87224,126495
1611675097000,39177,87960,127137
1611675397000,39554,88096,127650
1611675697000,39768,88625,128393
1611675999000,40103,89250,129353
1611676297000,40406,89320,129726
1611676597000,40674,89830,130504
1611676897000,41004,90484,131488
1611677197000,41330,90963,132293
1611677498000,41697,91450,133147
1611677797000,41908,92097,134005
1611678097000,42191,92490,134681
1611678397000,42394,92984,135378
1611678697000,42764,93502,136266
1611678998000,42942,93534,136476
1611679297000,43452,93547,136999
1611679597000,43655,93638,137293
1611679897000,43784,94036,137820
1611680197000,44843,93947,138790
1611680498000,44925,94160,139085
1611680797000,46148,93868,140016
1611681097000,46561,93890,140451
1611681397000,46912,94299,141211
1611681697000,47105,94796,141901
1611681997000,47291,94546,141837
1611682297000,47418,94833,142251
1611682597000,47753,95634,143387
1611682897000,47988,96067,144055
1611683197000,48212,96532,144744
1611683497000,48403,97069,145472
1611683797000,48665,97261,145926
1611684097000,48874,97479,146353
1611684397000,49308,97882,147190
1611684697000,49569,98565,148134
1611684997000,49843,99014,148857
1611685297000,50207,99900,150107
1611685597000,50445,100507,150952
1611685897000,50591,100556,151147
1611686197000,50870,101460,152330
1611686497000,50998,101842,152840
1611686797000,51255,102574,153829
1611687097000,51447,103163,154610
1611687397000,48297,103645,151942
1611687697000,48493,104092,152585
1611687997000,48745,104356,153101
1611688297000,49133,104960,154093
1611688597000,49482,105437,154919
1611688897000,49776,105750,155526
1611689197000,50036,106111,156147
1611689497000,50129,106361,156490
1611689797000,50397,106903,157300
1611690097000,50516,107293,157809
1611691297000,51354,108049,159403
1611691597000,51527,108271,159798
1611691898000,51581,108240,159821
1611692197000,51763,108541,160304
1611692498000,51826,108893,160719
1611692797000,51930,108829,160759
1611693097000,52008,109002,161010
1611693397000,52165,108849,161014
1611693697000,52207,109136,161343
1611693997000,52218,109012,161230
1611694298000,49909,108943,158852
1611694597000,49794,108635,158429
1611694898000,49646,108292,157938
1611695197000,49334,107974,157308
1611695498000,49255,107679,156934
1611695797000,49071,107507,156578
1611696097000,48823,107311,156134
1611696397000,48855,107183,156038
1611696697000,48744,106839,155583
1611696998000,48656,106452,155108
1611697297000,48439,106236,154675
1611697597000,48218,105891,154109
1611697897000,48284,105367,153651
1611698197000,48160,104699,152859
1611698497000,47682,103928,151610
1611698797000,47533,103419,150952
1611699098000,47229,102957,150186
1611699397000,47088,102431,149519
1611699697000,46873,102063,148936
1611699997000,46872,101843,148715
1611700297000,46716,101563,148279
1611700597000,46659,101174,147833
1611700897000,46697,100479,147176
1611701197000,46456,100033,146489
1611701497000,46412,100075,146487
1611701797000,46204,99484,145688
1611702097000,46102,99262,145364
1611702397000,45861,98619,144480
1611702697000,45635,98092,143727
1611702997000,45478,97822,143300
1611703297000,45144,97646,142790
1611703597000,45147,97307,142454
1611703897000,45123,97107,142230
1611704197000,45064,96492,141556
1611704497000,45009,96322,141331
1611704797000,44888,95895,140783
1611705098000,44800,95873,140673
1611705397000,44775,95884,140659
1611705697000,45023,95322,140345
1611705997000,45316,95092,140408
1611706297000,45338,95123,140461
1611706597000,45296,95221,140517
1611706898000,45201,95099,140300
1611707197000,45060,95223,140283
1611707497000,44978,95239,140217
1611707797000,44803,95377,140180
1611708097000,44712,95520,140232
1611708397000,44551,95662,140213
1611708697000,44455,95905,140360
1611708997000,44355,95259,139614
1611709297000,44153,95345,139498
1611709597000,44094,95636,139730
1611709897000,44063,95672,139735
1611710197000,44062,95942,140004
1611710498000,43979,96563,140542
1611710797000,43947,96074,140021
1611711097000,43858,96151,140009
1611711397000,43634,96152,139786
1611711697000,43570,96864,140434
1611711997000,43499,97029,140528
1611712297000,43204,97171,140375
1611712597000,43013,97140,140153
1611712897000,42784,97367,140151
1611713197000,42521,96843,139364
1611713497000,42336,95775,138111
1611713797000,42118,95657,137775
1611714097000,41899,95986,137885
1611714397000,41768,96149,137917
1611714697000,41683,95912,137595
1611714997000,41486,95955,137441
1611715297000,41267,95861,137128
1611715597000,41118,95885,137003
1611715897000,41035,95610,136645
1611716198000,40823,95480,136303
1611716498000,40448,95175,135623
1611716797000,40226,94511,134737
1611717097000,39878,93881,133759
1611717397000,39425,93393,132818
1611717697000,39110,92916,132026
1611717997000,38749,92347,131096
1611718297000,38334,91791,130125
1611718597000,37991,91249,129240
1611718897000,37688,90867,128555
1611719197000,37430,90356,127786
1611719497000,36962,89869,126831
1611719797000,36701,89176,125877
1611720097000,36370,88513,124883
1611720397000,36088,87479,123567
1611720697000,35675,86877,122552
1611720997000,35375,85785,121160
1611721297000,35025,84788,119813
1611721598000,34685,84147,118832
1611721897000,34346,82740,117086
1611722197000,33985,82313,116298
1611722497000,33661,81682,115343
1611722797000,33300,81194,114494
1611723097000,32974,80716,113690
1611723397000,32668,79747,112415
1611723697000,32292,78920,111212
1611723997000,31869,77919,109788
1611724297000,31523,77364,108887
1611724597000,31160,76618,107778
1611724897000,30798,75643,106441
1611725197000,30411,74830,105241
1611725497000,30039,74023,104062
1611725797000,29787,73311,103098
1611726097000,29527,72476,102003
1611726397000,29174,71651,100825
1611726697000,28876,71148,100024
1611726997000,28700,70149,98849
1611727297000,28317,69306,97623
1611727597000,27900,67955,95855
1611727900000,27581,67137,94718
1611728197000,27337,66318,93655
1611728497000,27174,65571,92745
1611728797000,26970,64614,91584
1611729097000,26637,63704,90341
1611729397000,26407,62694,89101
1611729697000,26110,62260,88370
1611729997000,25946,61541,87487
1611730297000,25684,60794,86478
1611730597000,25528,60044,85572
1611730897000,25380,59252,84632
1611731197000,24828,58614,83442
1611731497000,24677,58687,83364
1611731797000,24579,58681,83260
1611732097000,24669,58360,83029
1611732397000,23252,56762,80014
1611732697000,23101,56350,79451
1611732997000,22985,55691,78676
1611733300000,22872,55855,78727
1611733597000,22852,56608,79460
1611733897000,22879,57158,80037
1611734197000,22890,56920,79810
1611734500000,22920,56559,79479
1611734797000,22967,56320,79287
1611735097000,23007,56219,79226
1611735397000,22967,55761,78728
1611735697000,22973,55643,78616
1611735997000,22990,55479,78469
1611736298000,22902,55299,78201
1611736597000,22909,55455,78364
1611736897000,23115,54989,78104
1611737197000,23310,55183,78493
1611737497000,23453,55287,78740
1611737797000,23562,55104,78666
1611738097000,23677,55264,78941
1611738397000,23732,55566,79298
1611738697000,23924,55631,79555
1611738997000,24095,55472,79567
1611739297000,24306,55590,79896
1611739597000,24202,55586,79788
1611739897000,24402,55704,80106
1611740196000,24661,55231,79892
1611740497000,24816,55337,80153
1611740797000,24955,55311,80266
1611741097000,25085,55515,80600
1611741397000,25218,55773,80991
1611741697000,25471,55811,81282
1611741997000,25723,55943,81666
1611742297000,25778,56111,81889
1611742597000,26007,56098,82105
1611742897000,26082,56212,82294
1611743197000,26203,56199,82402
1611743497000,26211,56271,82482
1611743797000,26263,56390,82653
1611744097000,26382,56610,82992
1611744397000,26572,56789,83361
1611744697000,26669,56964,83633
1611744997000,26793,57142,83935
1611745297000,26803,56191,82994
1611745597000,26772,55443,82215
1611745897000,26955,54671,81626
1611746197000,27087,53720,80807
1611746497000,27282,52031,79313
1611746797000,27501,48780,76281
1611747097000,27634,7879,35513
1611747397000,27870,24773,52643
1611747697000,27995,32150,60145
1611747997000,28236,36847,65083
1611748297000,28457,40350,68807
1611748597000,28752,43088,71840
1611748897000,28866,44958,73824
1611749197000,29078,46973,76051
1611749497000,29267,49373,78640
1611749797000,29476,52013,81489
1611750097000,29542,53726,83268
1611750397000,29727,54917,84644
1611750697000,29912,55838,85750
1611750997000,30118,56915,87033
1611751297000,30294,58227,88521
1611751597000,30459,59222,89681
1611751897000,30637,60147,90784
1611752197000,30860,60950,91810
1611752497000,30969,61732,92701
1611752797000,31323,62540,93863
1611753097000,31634,63403,95037
1611753397000,29691,64511,94202
1611753697000,29959,65420,95379
1611753997000,30137,66410,96547
1611754297000,30482,67068,97550
1611754597000,30769,67896,98665
1611754897000,31011,68770,99781
1611755197000,31307,69604,100911
1611755497000,31587,70502,102089
1611755797000,31905,71161,103066
1611756097000,32030,71909,103939
1611756397000,32414,72749,105163
1611756697000,32685,73633,106318
1611756997000,32967,74459,107426
1611757297000,33323,75435,108758
1611757597000,33612,76397,110009
1611757902000,33828,76898,110726
1611758197000,34162,77980,112142
1611758497000,34466,78639,113105
1611758797000,34660,79267,113927
1611759097000,34868,79335,114203
1611759397000,35128,79628,114756
1611759697000,35452,80178,115630
1611759997000,35697,80984,116681
1611760297000,35989,81820,117809
1611760597000,36241,82203,118444
1611760897000,36590,83036,119626
1611761197000,36844,83943,120787
1611761498000,37001,84258,121259
1611761797000,37010,85028,122038
1611762097000,37400,85641,123041
1611762397000,37820,86285,124105
1611762697000,37976,86850,124826
1611762997000,38245,87045,125290
1611763297000,38510,87240,125750
1611763597000,38651,87737,126388
1611763897000,38942,88337,127279
1611764197000,39082,89008,128090
1611764497000,39342,89327,128669
1611764797000,39504,89569,129073
1611765097000,39684,89804,129488
1611765397000,39803,89954,129757
1611765697000,40059,90426,130485
1611765997000,40060,90322,130382
1611766297000,40395,90445,130840
1611766597000,40582,90678,131260
1611766897000,40698,90622,131320
1611767197000,40756,90776,131532
1611767497000,41229,91019,132248
1611767830000,41449,91494,132943
1611768097000,41910,91639,133549
1611768397000,42321,91920,134241
1611768697000,42310,92182,134492
1611768997000,42678,92619,135297
1611769297000,43235,92997,136232
1611769597000,43701,93222,136923
1611769897000,43620,93631,137251
1611770240000,44255,93792,138047
1611770497000,44455,94122,138577
1611770798000,44666,94652,139318
1611771097000,45806,95009,140815
1611771397000,46368,95678,142046
1611771697000,46753,96392,143145
1611771997000,47045,96898,143943
1611772297000,47259,97600,144859
1611772597000,47555,98184,145739
1611772897000,47796,98689,146485
1611773197000,48010,96687,144697
1611773497000,44440,97883,142323
1611773797000,44462,98861,143323
1611774097000,44749,99558,144307
1611774397000,44766,100111,144877
1611774697000,46243,100907,147150
1611774997000,46469,101415,147884
1611775297000,46666,101671,148337
1611775597000,46809,101886,148695
1611775897000,46867,102213,149080
1611776198000,47032,102744,149776
1611776497000,47181,103289,150470
1611776797000,47255,103704,150959
1611777097000,47329,104013,151342
1611777397000,47248,103979,151227
1611777697000,47342,104147,151489
1611777997000,47486,104565,152051
1611778297000,47569,105047,152616
1611778597000,47634,105195,152829
1611778897000,47564,105490,153054
1611779199000,47634,105574,153208
1611779497000,47459,105434,152893
1611779797000,47483,105351,152834
1611780097000,47586,105345,152931
1611780397000,47613,105395,153008
1611780697000,47572,105422,152994
1611780997000,47533,105137,152670
1611781297000,47442,104795,152237
1611781597000,47368,104807,152175
1611781897000,47168,105064,152232
1611782197000,47187,104582,151769
1611782497000,47015,104570,151585
1611782797000,46925,104825,151750
1611783097000,46908,104321,151229
1611783397000,46733,104089,150822
1611783697000,46811,103801,150612
1611783997000,46755,103518,150273
1611784297000,46442,103243,149685
1611784597000,46355,102823,149178
1611784897000,46185,102542,148727
1611785198000,45946,102109,148055
1611785497000,45609,101365,146974
1611785797000,45412,100988,146400
1611786097000,45277,100586,145863
1611786397000,45079,99885,144964
1611786697000,44906,99659,144565
1611786997000,44725,99238,143963
1611787297000,44705,98918,143623
1611787597000,44582,98604,143186
1611787898000,44441,98184,142625
1611788197000,44172,97627,141799
1611788497000,43989,96754,140743
1611788797000,43722,96401,140123
1611789097000,43594,96348,139942
1611789397000,43481,95997,139478
1611789697000,43359,95392,138751
1611789997000,43269,95302,138571
1611790297000,43144,95528,138672
1611790597000,43095,94724,137819
1611790897000,43045,94625,137670
1611791197000,42945,94309,137254
1611791497000,42959,94037,136996
1611791797000,43029,93707,136736
1611792098000,43270,94063,137333
1611792397000,43592,91280,134872
1611792697000,43539,91419,134958
1611792997000,43433,91684,135117
1611793297000,43301,92007,135308
1611793597000,43215,92206,135421
1611793897000,42097,92271,134368
1611794197000,41795,92539,134334
1611794497000,42154,92777,134931
1611794797000,41825,92939,134764
1611795097000,41632,93041,134673
1611795397000,41149,92886,134035
1611795697000,41471,93313,134784
1611795997000,41430,93608,135038
1611796297000,41442,93959,135401
1611796597000,42479,94470,136949
1611796897000,42550,93994,136544
1611797197000,42500,94145,136645
1611797497000,42494,94359,136853
1611797797000,42285,94378,136663
1611798097000,42236,94612,136848
1611798397000,42073,94400,136473
1611798697000,41976,94915,136891
1611798997000,41871,94691,136562
1611799297000,41671,95614,137285
1611799597000,41410,94939,136349
1611799897000,41109,95303,136412
1611800197000,40822,94627,135449
1611800497000,40692,94864,135556
1611800797000,40575,94678,135253
1611801097000,40412,94657,135069
1611801397000,40206,94992,135198
1611801697000,40057,95061,135118
1611801997000,39795,94312,134107
1611802297000,39606,93821,133427
1611802597000,39314,93590,132904
1611802897000,39061,92916,131977
1611803197000,38753,92484,131237
1611803497000,38448,92206,130654
1611803797000,38158,91898,130056
1611804097000,37957,91536,129493
1611804397000,37774,91039,128813
1611804697000,37412,90378,127790
1611804997000,37183,89941,127124
1611805297000,36955,89444,126399
1611805597000,36708,88721,125429
1611805897000,36381,88059,124440
1611806197000,36031,87674,123705
1611806497000,35693,86847,122540
1611806797000,35349,85581,120930
1611807097000,35097,84904,120001
1611807397000,34846,83656,118502
1611807697000,34440,83063,117503
1611807997000,34180,82083,116263
1611808297000,33911,81652,115563
1611808597000,33591,80937,114528
1611808897000,33185,80076,113261
1611809197000,32914,79429,112343
1611809497000,32626,78684,111310
1611809797000,32311,78083,110394
1611810097000,31910,77166,109076
1611810397000,31618,76201,107819
1611810697000,31341,75557,106898
1611810997000,31125,74822,105947
1611811297000,30778,73982,104760
1611811597000,30532,73049,103581
1611811897000,30131,72184,102315
1611812197000,29739,71261,101000
1611812498000,29351,70806,100157
1611812797000,28997,69909,98906
1611813097000,28710,69255,97965
1611813397000,28417,68577,96994
1611813697000,28067,67716,95783
1611813997000,27741,66962,94703
1611814297000,27437,66011,93448
1611814597000,27222,65047,92269
1611814897000,26963,64066,91029
1611815197000,26734,63091,89825
1611815497000,26541,62126,88667
1611815797000,26292,61706,87998
1611816097000,26081,60946,87027
1611816397000,25778,60579,86357
1611816697000,25755,59585,85340
1611816997000,25598,59155,84753
1611817297000,25388,58645,84033
1611817597000,25284,58211,83495
1611817898000,25168,58442,83610
1611818197000,25003,58605,83608
1611818497000,24792,58312,83104
1611818797000,24684,57437,82121
1611819097000,24459,56015,80474
1611819397000,24397,56132,80529
1611819697000,22995,56070,79065
1611819997000,22969,56120,79089
1611820297000,22924,55222,78146
1611820597000,22882,54997,77879
1611820897000,22816,54587,77403
1611821197000,22793,54404,77197
1611821497000,22441,54351,76792
1611821797000,22433,53622,76055
1611822097000,22514,53285,75799
1611822398000,22543,53142,75685
1611822697000,22593,53373,75966
1611822997000,22698,53432,76130
1611823297000,22823,53144,75967
1611823597000,22869,53277,76146
1611823897000,22970,52915,75885
1611824197000,22894,52782,75676
1611824497000,22939,52962,75901
1611824797000,23051,53273,76324
1611825097000,23166,53319,76485
1611825397000,23253,53370,76623
1611825697000,24067,53608,77675
1611825997000,23420,53708,77128
1611826297000,23615,53328,76943
1611826597000,23533,53651,77184
1611826897000,23598,53515,77113
1611827197000,23713,53493,77206
1611827499000,24023,53633,77656
1611827797000,24234,53838,78072
1611828097000,24398,53821,78219
1611828397000,24588,53835,78423
1611828697000,24769,54053,78822
1611828997000,24839,54210,79049
1611829297000,24943,54287,79230
1611829597000,25031,54493,79524
1611829897000,25185,54696,79881
1611830197000,25259,54646,79905
1611830497000,25251,54849,80100
1611830797000,25371,54962,80333
1611831097000,25561,54968,80529
1611831397000,25643,55230,80873
1611831697000,25716,54941,80657
1611831997000,25883,55290,81173
1611832297000,25929,55548,81477
1611832597000,26017,55782,81799
1611832897000,26126,55954,82080
1611833197000,26151,56655,82806
1611833497000,26205,56838,83043
1611833797000,26282,57000,83282
1611834101000,26452,57378,83830
1611834397000,26646,57583,84229
1611834697000,26716,57672,84388
1611834997000,26786,58039,84825
1611835297000,26527,58340,84867
1611835597000,26655,58968,85623
1611835897000,26885,59601,86486
1611836198000,27097,59997,87094
1611836498000,27423,60612,88035
1611836797000,27685,61003,88688
1611837097000,27921,61822,89743
1611837397000,28284,62380,90664
1611837697000,28607,62847,91454
1611837997000,28909,63140,92049
1611838297000,29129,63660,92789
1611838597000,29382,64298,93680
1611838897000,29569,64886,94455
1611839197000,29832,65619,95451
1611839497000,29206,66320,95526
1611839797000,29410,67195,96605
1611840098000,29830,67804,97634
1611840399000,30012,68737,98749
1611840697000,30321,69306,99627
1611840997000,30521,70288,100809
1611841297000,30833,71002,101835
1611841597000,31105,71443,102548
1611841897000,31319,71880,103199
1611842197000,31834,72654,104488
1611842497000,32028,73205,105233
1611842797000,32431,74176,106607
1611843097000,32633,75111,107744
1611843398000,33026,75820,108846
1611843697000,33454,76674,110128
1611843997000,33712,77263,110975
1611844297000,33890,77986,111876
1611844597000,34335,78192,112527
1611844897000,34546,79029,113575
1611845197000,34834,79766,114600
1611845497000,35191,80485,115676
1611845797000,35364,81311,116675
1611846097000,35567,81796,117363
1611846397000,35873,81966,117839
1611846697000,36241,82878,119119
1611846997000,36361,83680,120041
1611847297000,36720,84601,121321
1611847597000,36936,85174,122110
1611847897000,37291,85530,122821
1611848197000,37798,85918,123716
1611848497000,38067,86249,124316
1611848797000,38376,86476,124852
1611849097000,38737,86653,125390
1611849397000,39105,87169,126274
1611849697000,39383,87523,126906
1611849997000,39654,88067,127721
1611850301000,39799,88163,127962
1611850597000,40061,88804,128865
1611850897000,40284,89331,129615
1611851197000,40592,89856,130448
1611851497000,40805,89924,130729
1611851797000,41018,90084,131102
1611852097000,41323,90271,131594
1611852397000,41917,90567,132484
1611852697000,42148,90735,132883
1611852997000,42437,90742,133179
1611853297000,42634,90498,133132
1611853597000,42501,90749,133250
1611853897000,44053,91020,135073
1611854197000,44495,91469,135964
1611854497000,44805,91661,136466
1611854797000,45046,91967,137013
1611855099000,45238,92263,137501
1611855397000,46248,92738,138986
1611855697000,45807,93267,139074
1611855997000,46094,93622,139716
1611856297000,46323,94056,140379
1611856597000,46488,94434,140922
1611856897000,46757,94509,141266
1611857197000,46859,94837,141696
1611857497000,46969,95399,142368
1611857797000,47275,95924,143199
1611858097000,47476,96380,143856
1611858397000,47690,96619,144309
1611858697000,47982,97244,145226
1611858997000,48173,98015,146188
1611859296000,48372,98336,146708
1611859597000,48763,98750,147513
1611859897000,45954,99073,145027
1611860197000,45929,99165,145094
1611860497000,46025,99369,145394
1611860797000,46017,99635,145652
1611861097000,46183,99957,146140
1611861397000,46237,100086,146323
1611861697000,46476,100524,147000
1611861997000,46501,100948,147449
1611862297000,46657,101411,148068
1611862597000,45887,101702,147589
1611862897000,45909,101884,147793
1611863197000,45929,102277,148206
1611863497000,47158,102397,149555
1611863798000,47165,102808,149973
1611864097000,47196,102752,149948
1611864397000,47069,102634,149703
1611864697000,47150,102804,149954
1611864997000,47129,103228,150357
1611865297000,47130,103692,150822
1611865597000,47196,103547,150743
1611865897000,47087,103714,150801
1611866197000,47169,103983,151152
1611866497000,47160,104046,151206
1611866797000,47164,104436,151600
1611867097000,47119,104328,151447
1611867397000,47180,104288,151468
1611867697000,47076,103980,151056
1611867997000,46994,103811,150805
1611868297000,46855,103638,150493
1611868597000,46644,103585,150229
1611868897000,46529,103471,150000
1611869197000,46478,103276,149754
1611869497000,46305,102324,148629
1611869797000,46230,102629,148859
1611870097000,46178,102490,148668
1611870397000,46090,101992,148082
1611870697000,46052,101926,147978
1611870997000,45932,101415,147347
1611871297000,45512,100835,146347
1611871597000,45445,100313,145758
1611871897000,45316,100133,145449
1611872197000,45047,99931,144978
1611872497000,44858,99749,144607
1611872797000,44738,99202,143940
1611873097000,44589,98599,143188
1611873397000,44434,98149,142583
1611873700000,44266,97821,142087
1611873997000,44114,97360,141474
1611874297000,44046,97169,141215
1611874597000,43846,96410,140256
1611874897000,43714,95609,139323
1611875197000,43477,94916,138393
1611875497000,43207,94399,137606
1611875797000,43008,94418,137426
1611876097000,42971,93821,136792
1611876397000,42823,93566,136389
1611876697000,42681,93536,136217
1611876997000,42525,93055,135580
1611877297000,42487,92894,135381
1611877597000,42359,92767,135126
1611877897000,42440,92444,134884
1611878197000,42421,92227,134648
1611878497000,42650,91844,134494
1611878797000,42835,91745,134580
1611879097000,42930,91504,134434
1611879397000,42738,91573,134311
1611879697000,42521,91431,133952
1611879997000,42539,91603,134142
1611880297000,42348,91507,133855
1611880597000,42220,91664,133884
1611880897000,42116,91900,134016
1611881197000,42189,91841,134030
1611881497000,42116,91752,133868
1611881797000,41959,92210,134169
1611882097000,41927,92170,134097
1611882397000,41724,92008,133732
1611882697000,41731,92252,133983
1611882997000,41613,92643,134256
1611883297000,41532,92692,134224
1611883597000,41454,92842,134296
1611883897000,41411,92864,134275
1611884197000,41202,93044,134246
1611884497000,41180,93201,134381
1611884797000,41101,93371,134472
1611885097000,40970,93605,134575
1611885397000,40759,93772,134531
1611885698000,40605,93761,134366
1611885997000,40410,93678,134088
1611886297000,40370,93637,134007
1611886597000,40265,93562,133827
1611886897000,40078,93764,133842
1611887197000,39915,93542,133457
1611887497000,39760,93494,133254
1611887797000,39407,93329,132736
1611888097000,39213,93216,132429
1611888397000,39036,93091,132127
1611888697000,38879,92786,131665
1611888997000,38705,92374,131079
1611889297000,38593,91920,130513
1611889597000,38370,91541,129911
1611889897000,38059,91093,129152
1611890197000,37849,90680,128529
1611890497000,37599,90149,127748
1611890797000,37208,89907,127115
1611891097000,36863,89186,126049
1611891397000,36606,88554,125160
1611891697000,36430,87936,124366
1611891997000,36225,87758,123983
1611892297000,35943,86606,122549
1611892597000,35736,85873,121609
1611892897000,35454,85369,120823
1611893197000,35139,84496,119635
1611893497000,34887,84284,119171
1611893797000,34572,83016,117588
1611894097000,34164,82292,116456
1611894398000,33916,81725,115641
1611894697000,33535,81118,114653
1611894997000,33208,80420,113628
1611895297000,32946,79632,112578
1611895597000,32597,79458,112055
1611895897000,32220,78757,110977
1611896197000,31879,77987,109866
1611896497000,31578,77023,108601
1611896797000,31258,76013,107271
1611897097000,30884,75477,106361
1611897397000,30649,74798,105447
1611897698000,30378,73503,103881
1611897997000,30022,72578,102600
1611898297000,29722,71701,101423
1611898597000,29495,71081,100576
1611898897000,29202,70328,99530
1611899197000,28839,69589,98428
1611899497000,28571,68961,97532
1611899797000,28338,68463,96801
1611900097000,28038,67704,95742
1611900397000,27615,66807,94422
1611900697000,27482,65969,93451
1611900997000,27310,65168,92478
1611901297000,27027,64644,91671
1611901597000,26801,63820,90621
1611901897000,26528,63123,89651
1611902197000,26398,62579,88977
1611902497000,26146,61849,87995
1611902797000,25983,61201,87184
1611903097000,25789,60768,86557
1611903397000,25543,60087,85630
1611903697000,25384,59122,84506
1611903997000,25232,58488,83720
1611904297000,25063,58305,83368
1611904597000,24854,57608,82462
1611904897000,24732,58010,82742
1611905197000,24653,58266,82919
1611905497000,24463,57716,82179
1611905797000,22866,57513,80379
1611906097000,22912,57487,80399
1611906397000,22774,57526,80300
1611906697000,22291,57322,79613
1611906997000,22174,57138,79312
1611907297000,22541,56722,79263
1611907597000,22342,56658,79000
1611907897000,22441,56423,78864
1611908197000,22463,56231,78694
1611908497000,22414,56173,78587
1611908797000,22424,56031,78455
1611909097000,22486,55557,78043
1611909397000,22519,55255,77774
1611909697000,22793,55239,78032
1611909997000,22882,55282,78164
1611910297000,22914,55263,78177
1611910597000,22954,55440,78394
1611910896000,23010,55434,78444
1611911197000,23007,55354,78361
1611911497000,23159,55499,78658
1611911797000,23284,55200,78484
1611912097000,23435,55230,78665
1611912398000,23513,55631,79144
1611912697000,23561,55591,79152
1611912997000,23641,55407,79048
1611913297000,23781,55399,79180
1611913597000,23857,55540,79397
1611913897000,24062,55635,79697
1611914197000,24108,55885,79993
1611914497000,24193,56003,80196
1611914797000,24187,56225,80412
1611915097000,24350,56544,80894
1611915397000,24419,56579,80998
1611915697000,24564,56726,81290
1611915997000,24684,56961,81645
1611916297000,24823,56977,81800
1611916597000,24860,56927,81787
1611916897000,24924,57171,82095
1611917197000,24976,57260,82236
1611917498000,25073,57583,82656
1611917797000,25190,57708,82898
1611918097000,25306,57808,83114
1611918397000,25442,57905,83347
1611918697000,25640,58082,83722
1611918997000,25584,58135,83719
1611919297000,25594,58515,84109
1611919597000,25701,58658,84359
1611919897000,25997,58700,84697
1611920197000,26280,59253,85533
1611920497000,26523,59516,86039
1611920797000,26628,59694,86322
1611921097000,26820,59858,86678
1611921398000,27096,60151,87247
1611921697000,27281,60512,87793
1611921997000,27526,60791,88317
1611922297000,27727,61384,89111
1611922597000,27928,61728,89656
1611922897000,28189,62303,90492
1611923197000,28431,62741,91172
1611923497000,28688,63577,92265
1611923797000,28710,63869,92579
1611924097000,29002,64399,93401
1611924397000,29349,64687,94036
1611924697000,28358,65305,93663
1611924997000,28662,65760,94422
1611925297000,28864,66474,95338
1611925597000,29044,67489,96533
1611925897000,29285,68274,97559
1611926198000,29533,69148,98681
1611926497000,29869,70119,99988
1611926797000,30162,70652,100814
1611927097000,30562,71312,101874
1611927397000,30865,71759,102624
1611927697000,31121,72175,103296
1611927997000,31356,72831,104187
1611928297000,31740,73324,105064
1611928597000,31907,73781,105688
1611928897000,32093,74614,106707
1611929197000,32462,75383,107845
1611929497000,32740,75868,108608
1611929798000,33112,76906,110018
1611930097000,33438,77894,111332
1611930397000,33695,78797,112492
1611930697000,33920,79262,113182
1611930997000,34109,79998,114107
1611931297000,34414,81024,115438
1611931597000,34609,81580,116189
1611931897000,34876,82397,117273
1611932197000,35198,82717,117915
1611932497000,35339,83276,118615
1611932797000,35591,83935,119526
1611933097000,35906,84617,120523
1611933397000,36146,85362,121508
1611933697000,36368,85972,122340
1611933997000,36615,86165,122780
1611934297000,36825,86537,123362
1611934597000,37065,86860,123925
1611934897000,37231,87278,124509
1611935197000,37437,87506,124943
1611935497000,37659,88110,125769
1611935797000,37852,88293,126145
1611936097000,37977,88596,126573
1611936397000,38224,88785,127009
1611936697000,38430,89181,127611
1611936997000,38599,89361,127960
1611937297000,38730,89521,128251
1611937597000,38878,89471,128349
1611937897000,39013,89739,128752
1611938197000,39461,89648,129109
1611938497000,39305,89444,128749
1611938797000,39463,89683,129146
1611939097000,40048,89967,130015
1611939397000,39948,90763,130711
1611939697000,40025,90862,130887
1611939997000,40105,90941,131046
1611940297000,40043,91059,131102
1611940597000,41735,91270,133005
1611940897000,42305,90804,133109
1611941197000,42430,91744,134174
1611941497000,42536,92124,134660
1611941797000,42657,92590,135247
1611942097000,42872,92465,135337
1611942397000,42937,92756,135693
1611942697000,43089,93102,136191
1611942997000,43346,93336,136682
1611943297000,43492,93833,137325
1611943597000,43561,93917,137478
1611943897000,43739,94816,138555
1611944197000,43819,95468,139287
1611944502000,43904,96064,139968
1611944797000,44018,96395,140413
1611945097000,44190,96659,140849
1611945397000,44265,97261,141526
1611945697000,44454,97719,142173
1611945997000,44622,97911,142533
1611946297000,44719,98499,143218
1611946597000,44994,98228,143222
1611946897000,45131,99043,144174
1611947197000,45224,99383,144607
1611947497000,45295,98634,143929
1611947797000,45493,99134,144627
1611948098000,45695,99434,145129
1611948397000,45861,100078,145939
1611948697000,45951,100434,146385
1611948997000,46084,100638,146722
1611949297000,46278,100950,147228
1611949597000,46330,101299,147629
1611949897000,46360,101620,147980
1611950197000,46503,101761,148264
1611950497000,46552,102005,148557
1611950797000,46643,102637,149280
1611951097000,46818,102345,149163
1611951397000,46931,102450,149381
1611951697000,46883,102522,149405
1611951997000,46930,102748,149678
1611952297000,47067,102867,149934
1611952597000,47091,102865,149956
1611952897000,47192,102870,150062
1611953197000,47284,103180,150464
1611953497000,47302,103234,150536
1611953797000,47374,103237,150611
1611954098000,47366,103141,150507
1611954397000,47324,103061,150385
1611954697000,47404,103180,150584
1611954997000,47481,102786,150267
1611955297000,47385,102889,150274
1611955597000,47328,102756,150084
1611955897000,47316,102866,150182
1611956197000,47330,102544,149874
1611956497000,47345,102560,149905
1611956797000,47238,102364,149602
1611957097000,47150,102392,149542
1611957397000,47122,101633,148755
1611957697000,46976,101614,148590
1611957997000,46983,101472,148455
1611958297000,46633,101314,147947
1611958597000,46499,101010,147509
1611958897000,46323,100969,147292
1611959197000,46202,100663,146865
1611959497000,46116,100333,146449
1611959797000,46018,99776,145794
1611960097000,45893,99916,145809
1611960397000,45782,99666,145448
1611960697000,45738,99403,145141
1611960997000,45604,98835,144439
1611961297000,45425,98269,143694
1611961597000,45296,97718,143014
1611961906000,45076,97479,142555
1611962197000,44974,97175,142149
1611962497000,44921,96824,141745
1611962797000,44735,96582,141317
1611963097000,44624,95905,140529
1611963397000,44591,95060,139651
1611963697000,44743,94954,139697
1611963997000,44653,94894,139547
1611964297000,44548,94545,139093
1611964597000,44494,93918,138412
1611964897000,44710,93604,138314
1611965197000,44984,92833,137817
1611965497000,44975,93189,138164
1611965797000,44760,93129,137889
1611966124000,44542,92871,137413
1611966397000,44512,92079,136591
1611966697000,44292,92709,137001
1611966997000,44204,92150,136354
1611967297000,44075,92597,136672
1611967597000,43742,92719,136461
1611967897000,43597,92549,136146
1611968197000,43515,92734,136249
1611968497000,43438,92766,136204
1611968797000,43322,92585,135907
1611969097000,43180,92489,135669
1611969397000,43118,92801,135919
1611969697000,43002,92663,135665
1611969997000,42945,92545,135490
1611970297000,42719,92617,135336
1611970597000,42538,92827,135365
1611970897000,42392,92712,135104
1611971197000,42229,92976,135205
1611971497000,42066,92905,134971
1611971797000,41870,92992,134862
1611972097000,41722,92809,134531
1611972397000,41595,92816,134411
1611972697000,41470,93015,134485
1611972997000,41259,92827,134086
1611973297000,41096,92532,133628
1611973597000,40929,92546,133475
1611973897000,40772,92421,133193
1611974197000,40729,92353,133082
1611974497000,40688,92394,133082
1611974797000,40554,91814,132368
1611975097000,40404,92062,132466
1611975397000,40297,91792,132089
1611975697000,40033,91544,131577
1611975998000,39824,91349,131173
1611976297000,39712,91178,130890
1611976597000,39673,91071,130744
1611976897000,39414,90793,130207
1611977197000,39112,90117,129229
1611977497000,38801,89744,128545
1611977797000,38402,89579,127981
1611978097000,38068,89029,127097
1611978397000,37881,88498,126379
1611978697000,37620,88028,125648
1611978997000,37394,87533,124927
1611979297000,37187,87217,124404
1611979597000,36906,86614,123520
1611979897000,36695,85857,122552
1611980197000,36472,85599,122071
1611980498000,36136,85505,121641
1611980797000,35714,85001,120715
1611981097000,35477,84559,120036
1611981397000,35239,83781,119020
1611981998000,34721,82279,117000
1611982298000,34490,81857,116347
1611982597000,34133,81015,115148
1611982897000,33846,80328,114174
1611983197000,33576,79426,113002
1611983497000,33198,78784,111982
1611983797000,32935,78180,111115
1611984097000,32705,77649,110354
1611984397000,32503,76953,109456
1611984697000,32211,76093,108304
1611984997000,32025,75278,107303
1611985297000,31687,74606,106293
1611985597000,31430,73915,105345
1611985897000,31024,73298,104322
1611986197000,30761,72023,102784
1611986497000,30428,71742,102170
1611986797000,30054,70668,100722
1611987097000,29828,70133,99961
1611987397000,29646,68701,98347
1611987697000,29413,67431,96844
1611987997000,29108,66688,95796
1611988297000,28752,65890,94642
1611988597000,28389,65044,93433
1611988898000,28183,64536,92719
1611989197000,27895,63779,91674
1611989497000,27639,62840,90479
1611989797000,27437,62176,89613
1611990097000,27220,61517,88737
1611990397000,26957,60943,87900
1611990697000,26734,60493,87227
1611990997000,26555,59733,86288
1611991297000,26315,60317,86632
1611991597000,26122,60687,86809
1611991897000,25967,60236,86203
1611992197000,24386,59456,83842
1611992497000,24339,59417,83756
1611992796000,24204,58761,82965
1611993097000,24000,58836,82836
1611993397000,23818,58551,82369
1611993697000,24280,58024,82304
1611993997000,23651,57638,81289
1611994297000,23508,57169,80677
1611994597000,23114,57004,80118
1611994897000,22952,56716,79668
1611995197000,22940,56567,79507
1611995497000,22969,56089,79058
1611995797000,22979,55771,78750
1611996097000,22958,55591,78549
1611996397000,22933,55036,77969
1611996697000,22999,55161,78160
1611996997000,23011,54732,77743
1611997297000,22797,54710,77507
1611997597000,22737,54766,77503
1611997898000,22840,54688,77528
1611998197000,23058,54501,77559
1611998498000,23210,54878,78088
1611998797000,23350,54866,78216
1611999097000,23374,55028,78402
1611999397000,23508,55124,78632
1611999697000,23695,55354,79049
1611999997000,23842,55220,79062
1612000297000,23958,55564,79522
1612000599000,24091,55511,79602
1612000897000,24322,55744,80066
1612001197000,24431,55734,80165
1612001497000,24573,55749,80322
1612001797000,24760,55856,80616
1612002097000,24745,56110,80855
1612002397000,24879,56308,81187
1612002697000,25131,56341,81472
1612002997000,25368,56700,82068
1612003297000,25508,56952,82460
1612003597000,25660,57028,82688
1612003897000,25827,57491,83318
1612004197000,25964,57431,83395
1612004497000,26079,57628,83707
1612004797000,26206,57785,83991
1612005097000,26004,58252,84256
1612005397000,26112,57990,84102
1612005697000,26276,58501,84777
1612005997000,26461,58836,85297
1612006297000,26649,59065,85714
1612006597000,26855,59375,86230
1612006897000,27069,59816,86885
1612007197000,27243,60228,87471
1612007497000,27342,60660,88002
1612007797000,27515,60969,88484
1612008097000,27734,61474,89208
1612008397000,27908,62017,89925
1612008697000,28244,62557,90801
1612008997000,28455,63010,91465
1612009297000,28765,63649,92414
1612009597000,28994,63981,92975
1612009897000,29317,64614,93931
1612010197000,29552,64986,94538
1612010497000,29711,65468,95179
1612010797000,29972,66076,96048
1612011097000,30157,66885,97042
1612011397000,30406,67302,97708
1612011697000,30685,68231,98916
1612011997000,30937,69087,100024
1612012297000,31253,69660,100913
1612012597000,31391,70371,101762
1612012897000,31585,71064,102649
1612013197000,31745,71742,103487
1612013497000,32135,72550,104685
1612013797000,32232,72813,105045
1612014097000,32630,73563,106193
1612014397000,32960,74175,107135
1612014697000,33205,74898,108103
1612014997000,33387,75575,108962
1612015297000,33648,76248,109896
1612015597000,34087,76993,111080
1612015897000,34319,77529,111848
1612016197000,34478,78283,112761
1612016497000,34792,78790,113582
1612016797000,35198,79579,114777
1612017097000,35478,80170,115648
1612017397000,35716,80887,116603
1612017697000,36049,81533,117582
1612017997000,36404,82006,118410
1612018297000,36770,82998,119768
1612018597000,37106,83938,121044
1612018897000,38152,84700,122852
1612019197000,37721,85186,122907
1612019497000,37956,85822,123778
1612019797000,38067,86859,124926
1612020097000,38384,87732,126116
1612020397000,38652,88330,126982
1612020697000,38868,88502,127370
1612020997000,39023,89031,128054
1612021297000,39248,89673,128921
1612021597000,39581,90072,129653
1612021897000,39790,91426,131216
1612022197000,40036,91635,131671
1612022497000,40263,92087,132350
1612022797000,40529,92884,133413
1612023097000,40741,93228,133969
1612023397000,40883,93858,134741
1612023698000,40964,93441,134405
1612023997000,41149,94003,135152
1612024297000,41339,94546,135885
1612024597000,41464,95035,136499
1612024897000,41823,95490,137313
1612025197000,42188,95617,137805
1612025497000,42321,95855,138176
1612025797000,42285,95924,138209
1612026097000,43452,95839,139291
1612026397000,43525,96239,139764
1612026697000,43805,96713,140518
1612026997000,43980,96652,140632
1612027297000,44139,96416,140555
1612027597000,44316,96700,141016
1612027897000,44579,96900,141479
1612028197000,44624,97125,141749
1612028497000,44786,96866,141652
1612028797000,44844,97722,142566
1612029097000,45077,98110,143187
1612029397000,45193,96715,141908
1612029697000,45183,96328,141511
1612029997000,45183,97052,142235
1612030297000,45331,97706,143037
1612030597000,45542,97993,143535
1612030897000,45687,98759,144446
1612031197000,45786,100556,146342
1612031497000,45937,100919,146856
1612031797000,46101,101312,147413
1612032097000,46204,100882,147086
1612032397000,46397,102118,148515
1612032697000,46432,102529,148961
1612032997000,46604,102841,149445
1612033297000,46786,102391,149177
1612033597000,47002,102788,149790
1612033897000,47157,103258,150415
1612034197000,47199,103808,151007
1612034497000,47246,104157,151403
1612034797000,47400,105636,153036
1612035097000,47554,106163,153717
1612035397000,47743,106305,154048
1612035697000,48021,107349,155370
1612035997000,48236,108018,156254
1612036297000,48412,107344,155756
1612036597000,48613,107448,156061
1612036897000,48707,108473,157180
1612037197000,48840,107849,156689
1612037497000,48879,108397,157276
1612037797000,48982,108303,157285
1612038097000,48985,109247,158232
1612038397000,49163,108731,157894
1612038697000,49151,108960,158111
1612038997000,49328,108928,158256
1612039297000,49336,109440,158776
1612039597000,49303,109058,158361
1612039897000,49427,109292,158719
1612040197000,49449,109438,158887
1612040497000,49458,109571,159029
1612040797000,49360,109405,158765
1612041097000,49418,109297,158715
1612041397000,49258,108573,157831
1612041697000,49299,109476,158775
1612041997000,49386,109405,158791
1612042297000,49229,109532,158761
1612042597000,49149,109332,158481
1612042897000,49183,108824,158007
1612043197000,49147,108579,157726
1612043497000,49148,108863,158011
1612043797000,49128,109071,158199
1612044097000,49039,108169,157208
1612044397000,48898,108035,156933
1612044697000,48796,108157,156953
1612044997000,48643,107593,156236
1612045297000,48652,107470,156122
1612045597000,48600,107153,155753
1612045897000,48404,107025,155429
1612046197000,48249,106683,154932
1612046497000,48123,106187,154310
1612046797000,47971,105791,153762
1612047097000,47845,105517,153362
1612047397000,47694,105128,152822
1612047697000,47437,104711,152148
1612047997000,47315,104212,151527
1612048297000,47173,103910,151083
1612048597000,46911,103258,150169
1612048897000,46812,102956,149768
1612049197000,46763,102058,148821
1612049497000,46637,102104,148741
1612049797000,46507,101626,148133
1612050097000,46453,101529,147982
1612050397000,44904,101246,146150
1612050697000,45192,100595,145787
1612050997000,45116,100328,145444
1612051297000,46182,99685,145867
1612051597000,46421,99033,145454
1612051897000,46208,98593,144801
1612052197000,46173,98610,144783
1612052497000,46006,98457,144463
1612052797000,45787,97718,143505
1612053097000,45779,98080,143859
1612053397000,45733,97837,143570
1612053697000,45626,97501,143127
1612053997000,45447,97217,142664
1612054297000,45273,97294,142567
1612054597000,45291,96765,142056
1612054897000,45134,97077,142211
1612055197000,44866,96696,141562
1612055497000,44701,96689,141390
1612055797000,44545,96731,141276
1612056097000,44483,96741,141224
1612056397000,44217,96200,140417
1612056697000,44068,96435,140503
1612056997000,43843,96488,140331
1612057297000,43678,96525,140203
1612057597000,43571,96324,139895
1612057897000,43237,96305,139542
1612058197000,43177,95733,138910
1612058497000,42971,96212,139183
1612058797000,42826,96262,139088
1612059097000,42646,96295,138941
1612059397000,42465,96020,138485
1612059697000,42368,96394,138762
1612059997000,42218,96313,138531
1612060297000,42041,96128,138169
1612060597000,41835,95499,137334
1612060897000,41538,93855,135393
1612061197000,41355,94165,135520
1612061497000,41281,94566,135847
1612061797000,41106,94377,135483
1612062097000,40928,94368,135296
1612062397000,40713,93811,134524
1612062697000,40523,93389,133912
1612062997000,40344,93238,133582
1612063298000,40162,92895,133057
1612063597000,39990,92747,132737
1612063897000,39837,92429,132266
1612064197000,39735,92188,131923
1612064497000,39614,91770,131384
1612064797000,39436,91508,130944
1612065097000,39210,90989,130199
1612065397000,38947,90427,129374
1612065697000,38717,89881,128598
1612065997000,38526,89731,128257
1612066297000,38323,89249,127572
1612066597000,38048,89336,127384
1612066897000,37673,86618,124291
1612067197000,37450,85902,123352
1612067497000,37243,85357,122600
1612067797000,36982,84539,121521
1612068097000,36754,84643,121397
1612068397000,36477,84840,121317
1612068697000,36164,84994,121158
1612068997000,35915,84318,120233
1612069297000,35647,83493,119140
1612069597000,35285,82873,118158
1612069897000,34867,82217,117084
1612070197000,34559,81723,116282
1612070497000,34243,80915,115158
1612070797000,33943,79695,113638
1612071097000,33725,79626,113351
1612071397000,33388,78916,112304
1612071697000,33131,78076,111207
1612071997000,32785,77599,110384
1612072297000,32491,77005,109496
1612072597000,32111,76210,108321
1612072897000,31879,75306,107185
1612073197000,31348,74221,105569
1612073497000,31233,73203,104436
1612073797000,30968,72423,103391
1612074097000,30605,71373,101978
1612074397000,30283,70598,100881
1612074697000,30013,69779,99792
1612074997000,29784,68405,98189
1612075297000,29525,67635,97160
1612075597000,29316,66702,96018
1612075897000,29071,65544,94615
1612076197000,28753,65384,94137
1612076497000,28494,64083,92577
1612076797000,28314,64345,92659
1612077097000,28046,64725,92771
1612077397000,27749,64663,92412
1612077697000,27489,64144,91633
1612077997000,27256,63259,90515
1612078297000,27046,62540,89586
1612078597000,26841,62083,88924
1612078897000,26677,61997,88674
1612079197000,26492,61816,88308
1612079497000,26430,61497,87927
1612079797000,26271,61274,87545
1612080097000,24711,60969,85680
1612080397000,24739,60489,85228
1612080697000,24107,60014,84121
1612080997000,24112,59698,83810
1612081297000,24170,59522,83692
1612081597000,24225,59380,83605
1612081897000,24299,59260,83559
1612082197000,24365,58735,83100
1612082497000,24382,58606,82988
1612082797000,24513,58392,82905
1612083097000,23985,58421,82406
1612083397000,24470,58377,82847
1612083697000,24535,58037,82572
1612083997000,24460,58363,82823
1612084300000,24512,58051,82563
1612084597000,24617,58010,82627
1612084897000,24706,58176,82882
1612085197000,24630,58250,82880
1612085497000,24772,58386,83158
1612085797000,24899,58630,83529
1612086097000,25004,58509,83513
1612086397000,25042,58759,83801
1612086697000,25165,58710,83875
1612086997000,25289,59027,84316
1612087297000,25469,59163,84632
1612087597000,25696,59259,84955
1612087898000,25720,59378,85098
1612088197000,25865,59403,85268
1612088497000,26051,59391,85442
1612088797000,26224,59646,85870
1612089097000,26487,59956,86443
1612089697000,26700,60514,87214
1612089997000,26900,60396,87296
1612090297000,27038,60673,87711
1612090597000,27162,60834,87996
1612090897000,27367,61000,88367
1612091197000,27450,61090,88540
1612091497000,27570,61577,89147
1612091797000,27704,61871,89575
1612092097000,27923,61995,89918
1612092397000,27997,62201,90198
1612092697000,28238,62501,90739
1612092997000,28467,62857,91324
1612093297000,28642,63248,91890
1612093597000,28850,63629,92479
1612093897000,28986,64075,93061
1612094197000,29126,64373,93499
1612094497000,29373,64731,94104
1612094797000,29383,65209,94592
1612095097000,29379,65406,94785
1612095397000,29639,65986,95625
1612095697000,29799,66551,96350
1612095997000,30103,66982,97085
1612096297000,30230,67522,97752
1612096597000,30437,68101,98538
1612096897000,30562,68470,99032
1612097197000,30699,68926,99625
1612097497000,30784,69341,100125
1612097797000,31056,69813,100869
1612098097000,31290,70382,101672
1612098397000,31513,70967,102480
1612098697000,31729,71501,103230
1612098997000,32037,72309,104346
1612099297000,32397,73138,105535
1612099597000,32723,73838,106561
1612099897000,32913,74517,107430
1612100197000,33294,75468,108762
1612100497000,33475,76279,109754
1612100797000,33862,76829,110691
1612101097000,34087,77263,111350
1612101397000,34424,78206,112630
1612101697000,34592,78634,113226
1612101997000,35053,79211,114264
1612102297000,35419,79800,115219
1612102597000,35827,80529,116356
1612102897000,35985,81397,117382
1612103197000,36308,82264,118572
1612103497000,36663,83113,119776
1612103797000,36912,83871,120783
1612104097000,37288,84480,121768
1612104397000,37574,85060,122634
1612104696000,37781,85643,123424
1612105000000,38105,86833,124938
1612105297000,38432,87278,125710
1612105597000,38772,88220,126992
1612105901000,39084,89289,128373
1612106197000,39352,89805,129157
1612106497000,39703,90528,130231
1612106797000,39970,91237,131207
1612107097000,40342,91627,131969
1612107397000,40747,92379,133126
1612107697000,41022,92994,134016
1612107997000,41284,93423,134707
1612108297000,41624,94335,135959
1612108597000,41895,94536,136431
1612108897000,42006,95270,137276
1612109197000,42394,95987,138381
1612109497000,42600,96938,139538
1612109797000,42830,97584,140414
1612110097000,43284,97973,141257
1612110397000,42981,98265,141246
1612110697000,43877,98563,142440
1612110997000,43938,98844,142782
1612111297000,44687,98848,143535
1612111597000,44607,99115,143722
1612111897000,44968,99298,144266
1612112197000,45440,99798,145238
1612112497000,45552,100360,145912
1612112797000,46732,100433,147165
1612113097000,46919,100775,147694
1612113397000,47047,101051,148098
1612113697000,47263,101169,148432
1612113997000,47468,101751,149219
1612114297000,47645,102086,149731
1612114597000,47665,102286,149951
1612114897000,48017,102643,150660
1612115197000,48226,103197,151423
1612115497000,48398,103749,152147
1612115797000,48689,104114,152803
1612116097000,48938,104395,153333
1612116396000,49118,104918,154036
1612116697000,49176,105543,154719
1612116997000,49357,105933,155290
1612117297000,49558,106846,156404
1612117597000,49659,107267,156926
1612117902000,49847,108073,157920
1612118197000,50174,108426,158600
1612118497000,50348,109130,159478
1612118797000,50641,109615,160256
1612119097000,50949,110343,161292
1612119397000,51201,110845,162046
1612119697000,51559,111239,162798
1612119997000,51725,111856,163581
1612120297000,51887,112127,164014
1612120597000,52081,112702,164783
1612120897000,52184,113163,165347
1612121197000,52423,113863,166286
1612121497000,52643,114294,166937
1612121797000,52657,114680,167337
1612122097000,52762,115134,167896
1612122397000,52633,114413,167046
1612122697000,52905,114008,166913
1612122997000,53126,114351,167477
1612123297000,53242,114671,167913
1612123597000,53303,114571,167874
1612123897000,53317,115640,168957
1612124197000,53444,116527,169971
1612124503000,53458,117099,170557
1612124797000,53551,117243,170794
1612125097000,53583,117467,171050
1612125397000,53481,117390,170871
1612125697000,53338,117257,170595
1612125997000,53224,117123,170347
1612126297000,53185,116896,170081
1612126596000,53100,116881,169981
1612126897000,52992,116481,169473
1612127197000,52991,116484,169475
1612127497000,52744,116315,169059
1612127797000,52770,116100,168870
1612128097000,52594,115856,168450
1612128397000,52432,115765,168197
1612128697000,52260,115331,167591
1612128997000,52044,115213,167257
1612129297000,51835,114519,166354
1612129597000,51652,114524,166176
1612129897000,51589,114134,165723
1612130197000,51382,113723,165105
1612130497000,51105,112842,163947
1612130797000,50862,112303,163165
1612131097000,50762,111925,162687
1612131397000,50529,111477,162006
1612131697000,50337,110835,161172
1612131997000,50030,110384,160414
1612132297000,49746,109965,159711
1612132597000,49500,109414,158914
1612132897000,49174,109262,158436
1612133197000,48942,108771,157713
1612133497000,48755,108032,156787
1612133797000,48606,107442,156048
1612134097000,48384,106842,155226
1612134397000,48216,105956,154172
1612134697000,47978,105541,153519
1612134997000,47698,105033,152731
1612135297000,47383,104581,151964
1612135597000,47186,104237,151423
1612135897000,46971,103487,150458
1612136197000,46686,103148,149834
1612136497000,46566,102506,149072
1612136797000,46482,102543,149025
1612137097000,46466,102031,148497
1612137397000,46477,101618,148095
1612137697000,46631,101459,148090
1612137997000,46947,101080,148027
1612138297000,46955,100927,147882
1612138597000,46803,100749,147552
1612138897000,46700,100647,147347
1612139197000,46532,100725,147257
1612139497000,46287,100679,146966
1612139797000,46088,100474,146562
1612140097000,45915,102166,148081
1612140397000,45674,100332,146006
1612140697000,45538,100358,145896
1612140996000,45349,100252,145601
1612141297000,45311,100238,145549
1612141597000,45146,100046,145192
1612141897000,45085,100134,145219
1612142197000,44963,100042,145005
1612142496000,44749,100158,144907
1612142797000,44571,100509,145080
1612143097000,44402,100577,144979
1612143397000,44125,100357,144482
1612143697000,43968,100656,144624
1612143997000,43751,100726,144477
1612144297000,43658,100721,144379
1612144597000,43461,100672,144133
1612144897000,43303,100185,143488
1612145197000,43051,100492,143543
1612145497000,42894,100257,143151
1612145797000,42626,100183,142809
1612146097000,42436,100221,142657
1612146397000,42257,99978,142235
1612146697000,42049,99792,141841
1612146997000,41801,99630,141431
1612147297000,41542,99610,141152
1612147597000,41311,98756,140067
1612147897000,41058,98927,139985
1612148197000,40774,98767,139541
1612148497000,40378,96213,136591
1612148797000,40032,95798,135830
1612149097000,39654,95353,135007
1612149397000,39315,94861,134176
1612149697000,39177,94816,133993
1612149997000,38820,95279,134099
1612150297000,38435,95501,133936
1612150597000,38110,94806,132916
1612150898000,37792,94056,131848
1612151197000,37357,93406,130763
1612151497000,37058,92883,129941
1612151797000,36816,91903,128719
1612152097000,36378,91093,127471
1612152397000,36053,90436,126489
1612152697000,35655,89428,125083
1612152997000,35343,88932,124275
1612153297000,35003,88157,123160
1612153597000,34674,87253,121927
1612153897000,34193,86327,120520
1612154197000,33860,85373,119233
1612154497000,33602,84297,117899
1612154797000,33236,83791,117027
1612155097000,32779,82993,115772
1612155397000,32608,82311,114919
1612155697000,32394,81418,113812
1612155997000,31918,80676,112594
1612156297000,31557,79649,111206
1612156597000,31180,78725,109905
1612156897000,30886,78038,108924
1612157197000,30576,77208,107784
1612157497000,30315,75822,106137
1612157797000,30113,75883,105996
1612158097000,30014,75258,105272
1612158397000,29549,74737,104286
1612158697000,29186,73820,103006
1612158997000,28880,72974,101854
1612159297000,28530,71843,100373
1612159597000,28086,70706,98792
1612159897000,27932,69793,97725
1612160197000,27690,68753,96443
1612160497000,27517,67970,95487
1612160797000,27382,67095,94477
1612161097000,26969,66048,93017
1612161397000,26824,65180,92004
1612161697000,26490,63942,90432
1612161997000,26349,63166,89515
1612162297000,26080,61426,87506
1612162597000,25916,61786,87702
1612162897000,25754,60938,86692
1612163197000,25685,59938,85623
1612163497000,25482,59890,85372
1612163797000,25244,59243,84487
1612164097000,25224,59705,84929
1612164397000,25119,60022,85141
1612164697000,24905,59591,84496
1612164997000,23765,59561,83326
1612165297000,23402,59331,82733
1612165597000,23399,59226,82625
1612165897000,22985,59046,82031
1612166197000,23511,58545,82056
1612166497000,23928,58392,82320
1612166797000,22948,58231,81179
1612167097000,22962,57376,80338
1612167397000,22993,57775,80768
1612167697000,23042,58043,81085
1612167997000,22918,57652,80570
1612168297000,23027,57649,80676
1612168597000,23024,57489,80513
1612168897000,23025,57194,80219
1612169197000,23022,57219,80241
1612169497000,23158,57278,80436
1612169797000,23235,57277,80512
1612170097000,23429,57003,80432
1612170397000,23595,56751,80346
1612170697000,23731,56825,80556
1612170997000,23892,56936,80828
1612171297000,23963,57059,81022
1612171597000,24039,57273,81312
1612171897000,24086,57305,81391
1612172197000,24207,56932,81139
1612172497000,24364,57318,81682
1612172797000,24374,57422,81796
1612173097000,24461,57731,82192
1612173397000,24582,57800,82382
1612173697000,24658,57886,82544
1612173997000,24794,58048,82842
1612174297000,25055,58292,83347
1612174597000,25040,58496,83536
1612174897000,25350,58609,83959
1612175197000,25549,58754,84303
1612175497000,25623,58939,84562
1612175797000,25834,59023,84857
1612176097000,26060,59234,85294
1612176397000,26041,59424,85465
1612176697000,25916,59552,85468
1612176997000,25734,59192,84926
1612177297000,25264,60105,85369
1612177597000,24691,60272,84963
1612177897000,23452,60523,83975
1612178197000,10,60589,60599
1612178497000,11356,60958,72314
1612178797000,15023,61289,76312
1612179097000,17178,61549,78727
1612179397000,18722,61277,79999
1612179697000,19898,61370,81268
1612179997000,20734,61853,82587
1612180297000,21571,62303,83874
1612180597000,22208,62583,84791
1612180898000,22809,62858,85667
1612181198000,23457,63503,86960
1612181497000,24200,63976,88176
1612181797000,24944,63388,88332
1612182097000,25620,64947,90567
1612182397000,26153,65449,91602
1612182697000,26499,66124,92623
1612182997000,26837,66609,93446
1612183297000,27197,67149,94346
1612183597000,27477,67641,95118
1612183897000,27582,68133,95715
1612184197000,27781,68889,96670
1612184497000,28093,69684,97777
1612184797000,28483,70301,98784
1612185097000,28841,71390,100231
1612185397000,29261,72149,101410
1612185697000,29509,72842,102351
1612185997000,29748,73357,103105
1612186297000,30001,73993,103994
1612186598000,30165,73504,103669
1612186897000,30678,75071,105749
1612187197000,31046,75805,106851
1612187497000,31415,76723,108138
1612187797000,31805,77815,109620
1612188097000,32112,78388,110500
1612188397000,32489,79423,111912
1612188697000,32767,80482,113249
1612188997000,33173,81146,114319
1612189297000,33563,82071,115634
1612189597000,33881,82765,116646
1612189897000,34177,83424,117601
1612190197000,34630,84447,119077
1612190497000,34710,84042,118752
1612190797000,35046,85474,120520
1612191097000,35403,86850,122253
1612191397000,35806,87453,123259
1612191697000,36114,88205,124319
1612191997000,36568,89033,125601
1612192297000,36979,89793,126772
1612192597000,37463,90405,127868
1612192897000,37880,90958,128838
1612193198000,38029,91900,129929
1612193497000,38348,92708,131056
1612193797000,38669,93119,131788
1612194097000,39110,93761,132871
1612194397000,39366,94581,133947
1612194697000,38476,95344,133820
1612194997000,38775,95603,134378
1612195299000,39061,95918,134979
1612195597000,39370,95724,135094
1612195897000,39487,96584,136071
1612196197000,39759,97152,136911
1612196497000,39918,97353,137271
1612196797000,40140,97708,137848
1612197097000,40616,97702,138318
1612197409000,40921,98203,139124
1612197697000,41257,98473,139730
1612197997000,41493,98367,139860
1612198297000,41734,98467,140201
1612198598000,41890,98898,140788
1612198899000,43735,99299,143034
1612199205000,44007,99381,143388
1612199498000,44136,99490,143626
1612199798000,44304,99733,144037
1612200097000,44474,100049,144523
1612200397000,44671,99419,144090
1612200697000,44857,100473,145330
1612200997000,45191,101126,146317
1612201297000,45458,101550,147008
1612201606000,45620,102133,147753
1612201897000,45726,102732,148458
1612202197000,45959,103239,149198
1612202497000,46127,103626,149753
1612202804000,46337,103980,150317
1612203097000,46583,104697,151280
1612203397000,46832,103404,150236
1612204297000,47399,104259,151658
1612204597000,47683,105555,153238
1612204897000,47908,107161,155069
1612205197000,48081,107940,156021
1612205497000,48180,108567,156747
1612205797000,48223,105598,153821
1612206097000,48335,106974,155309
1612206397000,48472,107970,156442
1612206697000,48655,108846,157501
1612206997000,48880,109275,158155
1612207298000,49087,110323,159410
1612207598000,49214,110782,159996
1612207897000,49319,111366,160685
1612208197000,49571,111828,161399
1612208498000,49602,112316,161918
1612208797000,49677,112514,162191
1612209097000,49895,113003,162898
1612209397000,49948,113199,163147
1612209697000,49986,113230,163216
1612209997000,49879,113859,163738
1612210297000,49867,111646,161513
1612210597000,49913,112453,162366
1612210897000,49898,113158,163056
1612211197000,49850,113136,162986
1612211497000,49714,113535,163249
1612211797000,49652,113749,163401
1612212097000,49657,114140,163797
1612212397000,49644,114188,163832
1612212697000,49685,114296,163981
1612212997000,49625,113918,163543
1612213297000,49429,113510,162939
1612213597000,49247,112186,161433
1612213897000,49056,112393,161449
1612214197000,48928,111451,160379
1612214497000,48787,111296,160083
1612214797000,48722,111577,160299
1612215097000,48532,111345,159877
1612215397000,48306,110996,159302
1612215697000,48197,110714,158911
1612215997000,48089,110323,158412
1612216297000,47909,109498,157407
1612216597000,47756,109635,157391
1612216897000,47482,108926,156408
1612217197000,47330,108459,155789
1612217497000,47058,108020,155078
1612217798000,46908,107639,154547
1612218097000,46805,107059,153864
1612218397000,46586,106842,153428
1612218697000,46401,106324,152725
1612218997000,46199,106104,152303
1612219297000,46133,105395,151528
1612219597000,45948,105351,151299
1612219897000,45745,105123,150868
1612220197000,45631,104413,150044
1612220497000,45413,104062,149475
1612220797000,45467,103742,149209
1612221097000,45405,103045,148450
1612221399000,45231,102924,148155
1612221698000,45144,102540,147684
1612221997000,45042,102489,147531
1612222297000,44954,102153,147107
1612222597000,44895,101913,146808
1612222897000,44843,102400,147243
1612223197000,44833,102325,147158
1612223497000,44741,102216,146957
1612223797000,45037,101619,146656
1612224097000,45336,101367,146703
1612224397000,46089,100833,146922
1612224697000,46300,100688,146988
1612224997000,46264,101082,147346
1612225297000,46182,101475,147657
1612225597000,46136,101257,147393
1612225897000,46022,101932,147954
1612226197000,46006,101469,147475
1612226497000,45902,101939,147841
1612226797000,45714,101966,147680
1612227097000,45585,102050,147635
1612227397000,45511,102335,147846
1612227697000,45302,102115,147417
1612227997000,45222,102462,147684
1612228297000,45191,102278,147469
1612228597000,45178,102318,147496
1612228897000,44981,102749,147730
1612229197000,44944,103339,148283
1612229497000,44857,103508,148365
1612229797000,44647,103038,147685
1612230097000,44443,103592,148035
1612230397000,44362,103697,148059
1612230697000,44340,103804,148144
1612230997000,44166,103764,147930
1612231300000,43999,103074,147073
1612231597000,43794,102899,146693
1612231897000,43637,102944,146581
1612232197000,43436,103012,146448
1612232497000,43254,104209,147463
1612232797000,43126,104127,147253
1612233097000,42910,103343,146253
1612233397000,42695,103859,146554
1612233697000,42493,103568,146061
1612233997000,42312,103141,145453
1612234297000,42055,102602,144657
1612234597000,41725,101496,143221
1612234897000,41401,99284,140685
1612235197000,41064,99288,140352
1612235497000,40836,98631,139467
1612235802000,40557,98273,138830
1612236097000,40276,99268,139544
1612236397000,39908,97850,137758
1612236722000,39060,97332,136392
1612236997000,38672,97522,136194
1612237297000,38391,96917,135308
1612237597000,37963,96297,134260
1612237897000,37620,95430,133050
1612238197000,37309,94633,131942
1612238497000,36819,91888,128707
1612238797000,36468,91031,127499
1612239097000,36147,90455,126602
1612239397000,35810,88328,124138
1612239697000,35428,88850,124278
1612239997000,35065,89744,124809
1612240297000,34778,88922,123700
1612240597000,34475,88212,122687
1612240897000,34149,87429,121578
1612241197000,33738,86783,120521
1612241497000,33269,85864,119133
1612241797000,32827,85044,117871
1612242097000,32474,83719,116193
1612242406000,32189,82586,114775
1612242697000,31898,82216,114114
1612242997000,31549,81250,112799
1612243297000,31157,80370,111527
1612243597000,30905,79688,110593
1612243897000,30584,78737,109321
1612244200000,30340,77338,107678
1612244507000,29979,76498,106477
1612244803000,29719,76080,105799
1612244816000,29667,76066,105733
1612244826000,29683,76012,105695
1612244843000,29660,76118,105778
1612244863000,29676,76010,105686
1612245097000,29509,75184,104693
1612245399000,29261,74135,103396
1612245697000,28868,72967,101835
1612245997000,28458,71660,100118
1612246297000,28230,71077,99307
1612246597000,28045,70483,98528
1612246897000,27715,69232,96947
1612247197000,27388,67044,94432
1612247497000,27163,66147,93310
1612247811000,26872,65364,92236
1612248099000,26538,64451,90989
1612248397000,26382,63652,90034
1612248697000,26207,63070,89277
1612248997000,25952,62336,88288
1612249297000,25603,60997,86600
1612249597000,25342,60929,86271
1612249897000,25193,60583,85776
1612250197000,25044,59982,85026
1612250497000,24954,59530,84484
1612250797000,24711,59404,84115
1612251097000,24671,59373,84044
1612251397000,23199,59771,82970
1612251697000,23119,60153,83272
1612251997000,23167,60204,83371
1612252297000,23786,60062,83848
1612252597000,23273,59665,82938
1612252897000,22729,59332,82061
1612253197000,22854,59155,82009
1612253497000,22881,58963,81844
1612253809000,23035,58795,81830
1612254097000,23134,58511,81645
1612254397000,23305,58256,81561
1612254699000,23304,57853,81157
1612254997000,23457,57569,81026
1612255297000,23438,57633,81071
1612255597000,23080,57731,80811
1612255906000,23377,57716,81093
1612256197000,23404,57839,81243
1612256497000,23377,58180,81557
1612256797000,23517,58698,82215
1612257097000,23634,58790,82424
1612257397000,23658,58932,82590
1612257697000,23784,59021,82805
1612257997000,23790,58960,82750
1612258297000,23738,58368,82106
1612258597000,23871,58326,82197
1612258897000,24013,57671,81684
1612259197000,24057,57636,81693
1612259497000,24160,57910,82070
1612259813000,24264,58011,82275
1612260097000,24263,58132,82395
1612260397000,24388,58103,82491
1612260697000,24550,58494,83044
1612260997000,24592,58645,83237
1612261297000,24728,58780,83508
1612261597000,24732,58898,83630
1612261898000,24890,59027,83917
1612262197000,25002,59245,84247
1612262497000,25155,59295,84450
1612262797000,25279,59451,84730
1612263097000,25439,59569,85008
1612263397000,25512,59908,85420
1612263697000,25649,60204,85853
1612263997000,25769,59912,85681
1612264297000,25983,60225,86208
1612264597000,26188,60597,86785
1612264897000,26194,61078,87272
1612265197000,26294,61336,87630
1612265497000,26412,61464,87876
1612265797000,26691,61656,88347
1612266097000,26871,62052,88923
1612266397000,27068,62145,89213
1612266697000,27194,62733,89927
1612266997000,26310,63250,89560
1612267311000,26467,63587,90054
1612267603000,26636,64097,90733
1612267897000,26822,64585,91407
1612268197000,27026,65256,92282
1612268498000,27283,65458,92741
1612268797000,27427,65580,93007
1612269098000,27620,66084,93704
1612269397000,27955,65773,93728
1612269697000,28121,67124,95245
1612269997000,28256,67812,96068
1612270297000,28645,68238,96883
1612270597000,28958,68907,97865
1612270897000,29223,69451,98674
1612271197000,29428,70220,99648
1612271497000,29770,71009,100779
1612271797000,29840,69652,99492
1612272097000,30119,72695,102814
1612272398000,30359,73323,103682
1612272697000,30924,72308,103232
1612272997000,30945,74937,105882
1612273297000,31153,75838,106991
1612273597000,31393,76811,108204
1612273897000,31690,77715,109405
1612274197000,31904,78559,110463
1612274497000,32218,79499,111717
1612274798000,32582,80086,112668
1612275103000,32862,80956,113818
1612275397000,32996,81560,114556
1612275698000,33321,82389,115710
1612275997000,33580,83198,116778
1612276297000,33941,84052,117993
1612276597000,34253,84827,119080
1612276897000,34638,86369,121007
1612277197000,34763,85585,120348
1612277497000,35114,86343,121457
1612277797000,35610,87075,122685
1612278097000,35948,87751,123699
1612278397000,36340,88484,124824
1612278697000,36687,89359,126046
1612278997000,37035,90243,127278
1612279297000,37349,90679,128028
1612279597000,37561,90173,127734
1612279897000,37947,90654,128601
1612280197000,38321,91078,129399
1612280497000,38748,91640,130388
1612280797000,39082,92289,131371
1612281097000,38182,92739,130921
1612281397000,39835,92665,132500
1612281697000,38652,92907,131559
1612281997000,38823,93226,132049
1612282297000,39073,93681,132754
1612282597000,39136,94262,133398
1612282897000,39365,94723,134088
1612283197000,39603,94407,134010
1612283497000,40017,95107,135124
1612283797000,39882,95819,135701
1612284097000,40219,94003,134222
1612284397000,40775,96055,136830
1612284697000,41088,96328,137416
1612284997000,41712,96248,137960
1612285297000,42386,96311,138697
1612285597000,42608,96365,138973
1612285897000,42872,96770,139642
1612286197000,43117,96748,139865
1612286497000,43472,96881,140353
1612286797000,43689,96706,140395
1612287097000,43835,96916,140751
1612287397000,44232,97326,141558
1612287697000,44516,97710,142226
1612287997000,44712,98120,142832
1612288297000,44865,98689,143554
1612288597000,45086,97530,142616
1612288897000,45290,96967,142257
1612289211000,45359,97918,143277
1612289497000,45502,98580,144082
1612289797000,45718,99009,144727
1612290097000,45905,100691,146596
1612290397000,46163,102473,148636
1612290697000,46334,103158,149492
1612290997000,46512,104457,150969
1612291297000,46593,105213,151806
1612291597000,46772,105675,152447
1612291897000,46973,105864,152837
1612292197000,47055,106477,153532
1612292497000,47190,104904,152094
1612292798000,47434,107156,154590
1612293097000,47775,107299,155074
1612293397000,47952,108590,156542
1612293697000,47955,109194,157149
1612293997000,47992,109734,157726
1612294297000,48104,110146,158250
1612294598000,48177,110517,158694
1612294897000,48258,110728,158986
1612295197000,48378,110964,159342
1612295497000,48443,111120,159563
1612295797000,48672,111937,160609
1612296097000,48692,111995,160687
1612296397000,48543,112374,160917
1612296697000,48513,112481,160994
1612296997000,48639,112338,160977
1612297297000,48691,112714,161405
1612297597000,48663,112463,161126
1612297897000,48696,111355,160051
1612298197000,48523,110878,159401
1612298497000,48494,110865,159359
1612298797000,48508,108610,157118
1612299097000,48333,108399,156732
1612299397000,48201,110622,158823
1612299697000,48151,110171,158322
1612299997000,47969,109644,157613
1612300297000,47841,109425,157266
1612300597000,47760,109277,157037
1612300897000,47656,109146,156802
1612301197000,47455,108907,156362
1612301497000,47366,108530,155896
1612301797000,47312,108260,155572
1612302097000,47079,108169,155248
1612302397000,47089,107853,154942
1612302697000,46889,105661,152550
1612302997000,46827,107698,154525
1612303297000,46609,107107,153716
1612303597000,46322,106598,152920
1612303897000,46093,106254,152347
1612304197000,45923,105075,150998
1612304497000,45726,105670,151396
1612304797000,45639,105213,150852
1612305097000,45355,105074,150429
1612305397000,45351,104740,150091
1612305697000,45282,104599,149881
1612305997000,45224,104066,149290
1612306297000,45109,103665,148774
1612306597000,44973,102565,147538
1612306897000,44699,101962,146661
1612307197000,44484,101189,145673
1612307497000,44323,100367,144690
1612307797000,44234,100363,144597
1612308097000,44207,100309,144516
1612308397000,44022,100273,144295
1612308697000,43898,99751,143649
1612308997000,43831,97539,141370
1612309297000,43851,98876,142727
1612309597000,43756,99370,143126
1612309897000,43767,97536,141303
1612310197000,43747,98544,142291
1612310497000,44062,98345,142407
1612310797000,44548,98080,142628
1612311097000,44537,97779,142316
1612311397000,44505,97957,142462
1612311697000,44427,98070,142497
1612311997000,44218,98033,142251
1612312297000,44088,98077,142165
1612312597000,43909,98145,142054
1612312896000,43746,98439,142185
1612313197000,43668,98534,142202
1612313497000,43549,98689,142238
1612313797000,43493,98605,142098
1612314098000,43396,97767,141163
1612314397000,43261,98629,141890
1612314697000,43158,98383,141541
1612314997000,43052,98470,141522
1612315297000,42934,98948,141882
1612315596000,42909,99296,142205
1612315897000,42862,99559,142421
1612316197000,42758,99812,142570
1612316497000,42627,99930,142557
1612316797000,42463,100038,142501
1612317097000,42365,98429,140794
1612317397000,42244,100229,142473
1612317697000,42123,100167,142290
1612317997000,41996,100085,142081
1612318297000,41737,99984,141721
1612318597000,41552,99889,141441
1612318896000,41316,98437,139753
1612319197000,41084,99388,140472
1612319497000,40851,97811,138662
1612319797000,40659,99351,140010
1612320097000,40501,99214,139715
1612320397000,40230,98928,139158
1612320697000,40036,98452,138488
1612320997000,39817,97936,137753
1612321297000,39590,97451,137041
1612321597000,39288,96937,136225
1612321897000,38971,96120,135091
1612322197000,38483,95835,134318
1612322497000,38126,95216,133342
1612322797000,37798,94824,132622
1612323097000,37450,94121,131571
1612323397000,37176,93651,130827
1612323697000,36798,91365,128163
1612323997000,36597,92081,128678
1612324297000,36311,91773,128084
1612324597000,36035,90977,127012
1612324896000,35730,88293,124023
1612325198000,35372,87564,122936
1612325497000,35088,86990,122078
1612325797000,34730,86101,120831
1612326097000,34398,86187,120585
1612326397000,34143,86305,120448
1612326697000,33772,85987,119759
1612326997000,33472,85080,118552
1612327297000,33008,84282,117290
1612327597000,32704,83267,115971
1612327897000,32320,82452,114772
1612328197000,31873,81698,113571
1612328497000,31560,80480,112040
1612328797000,31286,79277,110563
1612329097000,30801,79144,109945
1612329397000,30533,78136,108669
1612329697000,30200,77501,107701
1612329997000,29837,76728,106565
1612330297000,29535,76153,105688
1612330597000,29245,75410,104655
1612330897000,28968,74754,103722
1612331197000,28571,73776,102347
1612331497000,28265,73071,101336
1612331797000,28089,72412,100501
1612332097000,27751,71312,99063
1612332397000,27283,70212,97495
1612332697000,27156,69186,96342
1612332997000,26875,68293,95168
1612333297000,26662,67286,93948
1612333597000,26508,65636,92144
1612333899000,26317,65433,91750
1612334197000,25994,64480,90474
1612334497000,25771,64019,89790
1612334797000,25685,63070,88755
1612335097000,25554,62434,87988
1612335397000,25312,61804,87116
1612335697000,25162,61109,86271
1612335997000,25194,60501,85695
1612336297000,25049,60331,85380
1612336597000,25185,59746,84931
1612336897000,25321,60400,85721
1612337197000,25132,61038,86170
1612337497000,25086,60650,85736
1612337797000,23689,59750,83439
1612338097000,22934,59236,82170
1612338397000,22879,57627,80506
1612338697000,22862,58213,81075
1612338997000,22981,57614,80595
1612339297000,23265,55950,79215
1612339597000,24190,57845,82035
1612339897000,23019,57679,80698
1612340197000,22974,57382,80356
1612340497000,22996,57013,80009
1612340797000,23034,56901,79935
1612341097000,22932,56659,79591
1612341397000,22883,56760,79643
1612341697000,22727,56957,79684
1612341997000,22709,56817,79526
1612342297000,22816,56358,79174
1612342597000,22810,56453,79263
1612342897000,22828,56320,79148
1612343197000,23080,54543,77623
1612343497000,23118,56261,79379
1612343797000,23205,56671,79876
1612344097000,23239,56663,79902
1612344397000,23334,56585,79919
1612344697000,23455,54716,78171
1612344997000,23555,56852,80407
1612345297000,23726,56971,80697
1612345597000,23735,57210,80945
1612345897000,23840,57208,81048
1612346197000,24006,57231,81237
1612346497000,24031,57421,81452
1612346797000,24001,57399,81400
1612347097000,24031,57708,81739
1612347397000,24077,57960,82037
1612347697000,24169,58119,82288
1612347997000,24250,57954,82204
1612348297000,24309,56781,81090
1612348597000,24310,57037,81347
1612348897000,24371,57417,81788
1612349197000,24487,57609,82096
1612349497000,24619,57706,82325
1612349797000,24677,57601,82278
1612350097000,24831,58546,83377
1612350397000,25061,57761,82822
1612350697000,25241,57190,82431
1612350997000,25558,56556,82114
1612351310000,25836,55106,80942
1612351597000,26023,52212,78235
1612351897000,26191,7429,33620
1612352197000,26302,24777,51079
1612352497000,26605,32853,59458
1612352797000,26701,38399,65100
1612353097000,26823,41999,68822
1612353397000,27047,44925,71972
1612353697000,27101,47187,74288
1612353997000,27458,49355,76813
1612354297000,27679,51445,79124
1612354597000,27894,52905,80799
1612354897000,28101,55250,83351
1612355197000,28353,57477,85830
1612355497000,28551,58757,87308
1612355797000,28773,59841,88614
1612356097000,28985,60907,89892
1612356397000,29229,61968,91197
1612356697000,29350,63064,92414
1612356997000,29456,62350,91806
1612357297000,29714,64444,94158
1612357597000,30018,65922,95940
1612357897000,28823,66902,95725
1612358197000,29052,67838,96890
1612358497000,29269,68761,98030
1612358797000,29493,69822,99315
1612359097000,29753,70642,100395
1612359397000,30146,71500,101646
1612359697000,30510,72564,103074
1612359997000,31043,73320,104363
1612360297000,31381,73805,105186
1612360597000,31630,74363,105993
1612360897000,32094,75332,107426
1612361197000,32550,76141,108691
1612361497000,32897,77005,109902
1612361797000,33329,76391,109720
1612362097000,33720,78381,112101
1612362397000,33999,79566,113565
1612362697000,34338,80524,114862
1612362997000,33667,80748,114415
1612363297000,33846,81759,115605
1612363597000,34168,82565,116733
1612363897000,34472,83633,118105
1612364197000,34672,84193,118865
1612364497000,34925,84796,119721
1612364797000,35120,85294,120414
1612365097000,35378,85966,121344
1612365397000,35647,86712,122359
1612365697000,35854,87386,123240
1612365997000,36103,87990,124093
1612366297000,36325,88243,124568
1612366597000,36667,88914,125581
1612366897000,36957,88516,125473
1612367199000,37088,89616,126704
1612367497000,37326,90030,127356
1612367797000,37546,90172,127718
1612368097000,37547,90810,128357
1612368397000,37710,91143,128853
1612368697000,37968,91688,129656
1612368997000,38046,91869,129915
1612369297000,38262,92557,130819
1612369597000,38386,92772,131158
1612369898000,38868,93048,131916
1612370197000,39203,93299,132502
1612370497000,39570,92894,132464
1612370797000,39457,90875,130332
1612371097000,40475,91204,131679
1612371397000,40391,91436,131827
1612371697000,41234,91241,132475
1612371997000,41889,91313,133202
1612372297000,42038,91523,133561
1612372597000,42076,90884,132960
1612372897000,42239,91635,133874
1612373197000,42410,92550,134960
1612373497000,42540,92933,135473
1612373797000,42791,93562,136353
1612374097000,43035,94384,137419
1612374397000,43189,94502,137691
1612374696000,43366,96004,139370
1612374997000,43499,94824,138323
1612375297000,43662,93875,137537
1612375597000,43846,94124,137970
1612375897000,44100,95050,139150
1612376197000,44284,95872,140156
1612376497000,44543,97302,141845
1612376797000,44647,97544,142191
1612377097000,44790,99545,144335
1612377397000,44959,100444,145403
1612377697000,45159,101290,146449
1612377997000,45545,101612,147157
1612378297000,45923,100633,146556
1612378597000,46237,100637,146874
1612378897000,46513,102206,148719
1612379197000,46806,101366,148172
1612379497000,47110,102143,149253
1612379797000,47266,102933,150199
1612380097000,47528,103285,150813
1612380397000,47800,104193,151993
1612380697000,48001,104729,152730
1612380998000,48170,104871,153041
1612381297000,48494,105184,153678
1612381597000,48627,105611,154238
1612381897000,48883,105514,154397
1612382197000,48964,106016,154980
1612382497000,49188,106207,155395
1612382797000,49329,106563,155892
1612383097000,49509,106630,156139
1612383397000,49650,106870,156520
1612383697000,49793,107059,156852
1612383997000,49941,107331,157272
1612384297000,49882,106965,156847
1612384597000,49859,107394,157253
1612384897000,49817,107733,157550
1612385197000,49885,107801,157686
1612385497000,47377,107885,155262
1612385797000,47406,107838,155244
1612386097000,47131,107809,154940
1612386397000,46971,107593,154564
1612386697000,46947,107179,154126
1612386996000,46806,107048,153854
1612387297000,46763,106690,153453
1612387597000,46584,106462,153046
1612387897000,46427,105962,152389
1612388197000,46319,105933,152252
1612388497000,46135,105733,151868
1612388797000,45967,105273,151240
1612389097000,45863,104759,150622
1612389397000,45757,104734,150491
1612389697000,45489,104240,149729
1612389997000,45286,103397,148683
1612390297000,44994,102904,147898
1612390597000,44823,102611,147434
1612390897000,44602,102126,146728
1612391197000,44432,101875,146307
1612391497000,44338,101522,145860
1612391803000,44297,100909,145206
1612392097000,44204,100735,144939
1612392397000,44038,99216,143254
1612392697000,43858,99525,143383
1612392997000,43757,99550,143307
1612393297000,43423,98740,142163
1612393597000,43323,98369,141692
1612393897000,43145,97702,140847
1612394197000,43099,97268,140367
1612394497000,43007,96842,139849
1612394797000,42947,96766,139713
1612395097000,42783,96316,139099
1612395397000,42696,96330,139026
1612395697000,42664,96265,138929
1612395997000,42630,96160,138790
1612396297000,42712,95974,138686
1612396598000,42864,96045,138909
1612396897000,43375,95579,138954
1612397197000,43730,94085,137815
1612397497000,43760,94957,138717
1612397797000,43563,94906,138469
1612398097000,43514,93601,137115
1612398397000,43339,93775,137114
1612398697000,43239,95028,138267
1612398997000,43168,95680,138848
1612399297000,43000,95364,138364
1612399597000,42877,95382,138259
1612399898000,42795,95939,138734
1612400197000,42667,95937,138604
1612400497000,42455,96064,138519
1612400797000,42264,95968,138232
1612401097000,42151,96167,138318
1612401399000,42072,96298,138370
1612401697000,41953,96400,138353
1612401997000,41807,96583,138390
1612402298000,41700,96983,138683
1612402597000,41607,97340,138947
1612402903000,41599,97269,138868
1612403197000,41561,95732,137293
1612403497000,41459,96854,138313
1612403797000,41277,97432,138709
1612404097000,41223,97343,138566
1612404397000,40960,97268,138228
1612404697000,40755,97131,137886
1612404997000,40637,97348,137985
1612405297000,40440,97085,137525
1612405597000,40402,97031,137433
1612405897000,40086,96570,136656
1612406197000,39943,96637,136580
1612406497000,39771,96638,136409
1612406797000,39689,96397,136086
1612407097000,39492,95873,135365
1612407397000,39206,95473,134679
1612407697000,38939,94965,133904
1612407997000,38799,94403,133202
1612408297000,38521,93349,131870
1612408597000,38211,93584,131795
1612408897000,37980,93737,131717
1612409197000,37692,93292,130984
1612409497000,37339,92519,129858
1612409797000,36969,92123,129092
1612410097000,36670,91738,128408
1612410397000,36364,91117,127481
1612410697000,36027,90662,126689
1612410997000,35778,89366,125144
1612411297000,35475,87125,122600
1612411597000,35182,86120,121302
1612411897000,34858,85576,120434
1612412197000,34476,84593,119069
1612412497000,34182,84511,118693
1612412797000,33857,84369,118226
1612413097000,33357,82546,115903
1612413397000,33138,82628,115766
1612413697000,32863,82010,114873
1612413997000,32575,80917,113492
1612414300000,32266,80189,112455
1612414612000,31970,79462,111432
1612414640000,32005,79353,111358
1612414678000,31896,79325,111221
1612414712000,31876,79329,111205
1612414850000,31719,78930,110649
1612415008000,31539,77065,108604
1612415046000,31482,78382,109864
1612415066000,31473,78363,109836
1612415197000,31313,78134,109447
1612415497000,30917,77082,107999
1612415797000,30592,76306,106898
1612416097000,30216,75575,105791
1612416397000,30103,74881,104984
1612416697000,29729,74310,104039
1612416997000,29364,73430,102794
1612417297000,29092,72603,101695
1612417597000,28541,71907,100448
1612417897000,28215,69500,97715
1612418197000,27848,69899,97747
1612418497000,27353,69580,96933
1612418797000,26976,68513,95489
1612419098000,26748,67716,94464
1612419397000,26639,66761,93400
1612419697000,26223,65883,92106
1612419997000,26041,65008,91049
1612420297000,25814,64194,90008
1612420597000,25583,63455,89038
1612420897000,25303,62573,87876
1612421197000,25233,62048,87281
1612421497000,24915,61203,86118
1612421797000,24930,60700,85630
1612422097000,24636,60262,84898
1612422397000,24476,59685,84161
1612422697000,24573,57799,82372
1612422997000,24706,58344,83050
1612423297000,24579,58676,83255
1612423597000,24468,58683,83151
1612423897000,24461,58123,82584
1612424197000,23227,57171,80398
1612424497000,22903,56749,79652
1612424797000,22784,55888,78672
1612425097000,22680,55824,78504
1612425397000,23009,54362,77371
1612425697000,23654,55256,78910
1612425997000,22684,55841,78525
1612426297000,22755,56077,78832
1612426597000,22598,56491,79089
1612426897000,22678,56365,79043
1612427197000,22739,56115,78854
1612427497000,22665,56351,79016
1612427797000,22710,56322,79032
1612428097000,22801,56429,79230
1612428398000,22844,56386,79230
1612428697000,22916,56185,79101
1612428997000,22938,56101,79039
1612429297000,22555,55682,78237
1612429597000,22562,55990,78552
1612429897000,22584,56141,78725
1612430197000,22567,54574,77141
1612430497000,22632,56035,78667
1612430797000,22652,56600,79252
1612431097000,22772,56795,79567
1612431397000,22793,56856,79649
1612431697000,22861,56805,79666
1612431997000,23053,56993,80046
1612432297000,23184,56899,80083
1612432597000,22962,56875,79837
1612432897000,23263,56742,80005
1612433197000,23272,56807,80079
1612433498000,23434,57111,80545
1612433797000,23780,57152,80932
1612434097000,23911,56924,80835
1612434397000,24041,57519,81560
1612434697000,24103,57847,81950
1612434996000,24154,57936,82090
1612435297000,24393,57430,81823
1612435597000,24619,58352,82971
1612435897000,24759,58328,83087
1612436197000,24874,58159,83033
1612436497000,24933,58483,83416
1612436797000,25142,58704,83846
1612437097000,25278,59134,84412
1612437397000,25488,59367,84855
1612437697000,25424,59366,84790
1612437997000,25574,59878,85452
1612438297000,25736,59874,85610
1612438597000,25952,59841,85793
1612438897000,26265,60195,86460
1612439197000,26406,60880,87286
1612439497000,26601,60986,87587
1612439797000,26803,61090,87893
1612440097000,26939,60501,87440
1612440397000,27162,61917,89079
1612440697000,27337,62637,89974
1612440997000,26166,63344,89510
1612441297000,26308,63885,90193
1612441597000,26607,64432,91039
1612441897000,26832,64892,91724
1612442197000,27168,65389,92557
1612442497000,27394,66013,93407
1612442797000,27595,66514,94109
1612443150000,27769,67283,95052
1612443177000,27756,67378,95134
1612443216000,27777,66879,94656
1612443236000,27804,67289,95093
1612443346000,27875,67549,95424
1612443479000,28008,67758,95766
1612443697000,28189,68128,96317
1612443997000,28403,68878,97281
1612444297000,28711,69476,98187
1612444597000,28878,70486,99364
1612444897000,29132,70342,99474
1612445199000,29440,71539,100979
1612445497000,29654,72656,102310
1612445797000,29840,73492,103332
1612446097000,30008,74495,104503
1612446397000,30308,75250,105558
1612446697000,30593,75578,106171
1612447000000,30707,76273,106980
1612447297000,30937,76432,107369
1612447597000,31338,77523,108861
1612447897000,31700,78299,109999
1612448197000,31977,79425,111402
1612448497000,32217,80119,112336
1612448798000,32457,80891,113348
1612449097000,32828,82193,115021
1612449397000,33146,82720,115866
1612449697000,33465,82404,115869
1612449997000,33711,83125,116836
1612450297000,33981,84793,118774
1612450597000,34152,84921,119073
1612450897000,34315,85353,119668
1612451197000,34537,85856,120393
1612451497000,34770,86704,121474
1612451797000,35087,87714,122801
1612452103000,35340,88266,123606
1612452397000,35701,89079,124780
1612452697000,35901,89062,124963
1612452997000,36113,89850,125963
1612453297000,36475,90773,127248
1612453597000,36568,90905,127473
1612453897000,36733,91682,128415
1612454197000,37035,91838,128873
1612454497000,37081,91598,128679
1612454797000,37404,91273,128677
1612455100000,37627,92415,130042
1612455404000,37746,93039,130785
1612455697000,37909,93159,131068
1612455997000,38117,93295,131412
1612456297000,38394,93454,131848
1612456597000,38706,93872,132578
1612456897000,38685,94101,132786
1612457197000,39930,94161,134091
1612457497000,39416,94250,133666
1612457797000,39573,94293,133866
1612458097000,40795,94072,134867
1612458397000,41068,94200,135268
1612458697000,41360,94720,136080
1612458997000,41561,94955,136516
1612459297000,41905,95626,137531
1612459598000,42232,95242,137474
1612459897000,42580,95918,138498
1612460197000,42954,96829,139783
1612460497000,43277,97169,140446
1612460797000,43519,97551,141070
1612461097000,43831,97648,141479
1612461397000,42468,97891,140359
1612461698000,42585,98251,140836
1612461998000,42804,98773,141577
1612462297000,43180,99403,142583
1612462597000,43181,100218,143399
1612462897000,43438,100555,143993
1612463197000,43605,101164,144769
1612463497000,43671,101408,145079
1612463797000,43952,101730,145682
1612464097000,44023,99031,143054
1612464397000,44277,99638,143915
1612464697000,44300,100871,145171
1612464997000,44375,100843,145218
1612465297000,44340,101367,145707
1612465597000,44465,102102,146567
1612465897000,44662,102486,147148
1612466197000,44745,103308,148053
1612466497000,44717,105386,150103
1612466797000,44980,105845,150825
1612467097000,45047,106299,151346
1612467397000,45184,106002,151186
1612467697000,45346,106112,151458
1612467997000,45513,106368,151881
1612468297000,45582,106451,152033
1612468597000,45544,106497,152041
1612468897000,45164,100923,146087
1612469197000,45334,101278,146612
1612469497000,45332,101126,146458
1612469797000,45469,102833,148302
1612470097000,45540,103802,149342
1612470397000,45466,104370,149836
1612470697000,45563,105028,150591
1612470997000,45515,105505,151020
1612471297000,45742,105887,151629
1612471597000,45865,106243,152108
1612471897000,45805,106534,152339
1612472197000,45684,106616,152300
1612472497000,45594,106030,151624
1612472797000,45548,106289,151837
1612473097000,45419,106289,151708
1612473397000,45388,106234,151622
1612473697000,45301,106013,151314
1612473997000,45227,105871,151098
1612474297000,45147,105058,150205
1612474599000,45033,105246,150279
1612474897000,44906,105497,150403
1612475197000,44730,105145,149875
1612475497000,44658,105144,149802
1612475797000,44526,104500,149026
1612476097000,44320,104194,148514
1612476397000,44057,103511,147568
1612476697000,43856,103381,147237
1612476997000,43590,103339,146929
1612477335000,43517,103346,146863
1612477597000,43385,102846,146231
1612477897000,43269,102263,145532
1612478197000,43144,101499,144643
1612478497000,43170,101205,144375
1612478797000,43071,100604,143675
1612479097000,43051,99173,142224
1612479397000,42859,98845,141704
1612479697000,42690,98456,141146
1612479997000,42495,98558,141053
1612480297000,42313,98120,140433
1612480597000,42211,97702,139913
1612480897000,42157,96911,139068
1612481197000,42035,96656,138691
1612481497000,41891,96395,138286
1612481797000,41845,96078,137923
1612482097000,41777,95698,137475
1612482397000,41707,95476,137183
1612482697000,41655,94821,136476
1612482997000,41671,94603,136274
1612483297000,42015,94274,136289
1612483597000,42423,94147,136570
1612483897000,42449,93102,135551
1612484197000,42486,93177,135663
1612484498000,42334,93568,135902
1612484797000,42270,94125,136395
1612485097000,42128,94311,136439
1612485397000,42000,94169,136169
1612485697000,41866,94177,136043
1612485997000,41604,94523,136127
1612486297000,41539,94635,136174
1612486597000,41394,94380,135774
1612486897000,41203,94571,135774
1612487197000,40998,94502,135500
1612487497000,40899,94770,135669
1612487797000,40917,95021,135938
1612488097000,40779,95349,136128
1612488397000,40792,95362,136154
1612488697000,40610,94764,135374
1612488997000,40487,95069,135556
1612489297000,40429,95556,135985
1612489597000,40283,96061,136344
1612489897000,40031,96376,136407
1612490197000,39860,96189,136049
1612490497000,39599,96100,135699
1612490797000,39292,96016,135308
1612491097000,39170,95904,135074
1612491397000,39062,95806,134868
1612491698000,38920,96086,135006
1612491997000,38773,95880,134653
1612492297000,38745,95700,134445
1612492597000,38572,95489,134061
1612492897000,38393,95469,133862
1612493197000,38194,94968,133162
1612493497000,38021,94493,132514
1612493797000,37888,93560,131448
1612494097000,37773,93376,131149
1612494397000,37463,93156,130619
1612494697000,37265,92906,130171
1612494997000,36962,92669,129631
1612495297000,36689,92287,128976
1612495597000,36541,91952,128493
1612495897000,36240,91170,127410
1612496197000,36044,90844,126888
1612496497000,35757,90081,125838
1612496797000,35592,89473,125065
1612497097000,35160,89126,124286
1612497397000,34945,89977,124922
1612497697000,34683,88056,122739
1612497997000,34287,87059,121346
1612498297000,34061,86580,120641
1612498597000,33525,85508,119033
1612498897000,33219,84936,118155
1612499197000,32903,84756,117659
1612499497000,32687,83283,115970
1612499797000,32298,82755,115053
1612500097000,31978,81952,113930
1612500397000,31702,81075,112777
1612500697000,31478,80532,112010
1612500997000,31092,79752,110844
1612501297000,30709,78653,109362
1612501597000,30370,78062,108432
1612501897000,30034,77216,107250
1612502197000,29645,76181,105826
1612502497000,29304,75796,105100
1612502797000,28926,74893,103819
1612503097000,28603,73889,102492
1612503397000,28321,72356,100677
1612503697000,27888,72562,100450
1612503997000,27606,71699,99305
1612504297000,27325,71235,98560
1612504597000,26960,70663,97623
1612504897000,26596,69969,96565
1612505197000,26128,68748,94876
1612505497000,25968,67858,93826
1612505796000,25810,67137,92947
1612506097000,25569,65672,91241
1612506397000,25331,64765,90096
1612506697000,25031,63879,88910
1612506997000,24924,63142,88066
1612507297000,24776,62607,87383
1612507597000,24532,61889,86421
1612507897000,24400,61275,85675
1612508197000,24225,59713,83938
1612508497000,24056,59664,83720
1612508797000,23917,59726,83643
1612509097000,23751,59097,82848
1612509397000,23089,59021,82110
1612509697000,23130,59747,82877
1612509997000,23092,59615,82707
1612510297000,23346,59172,82518
1612510596000,22096,58975,81071
1612510897000,21930,58988,80918
1612511197000,22078,58874,80952
1612511497000,22027,58742,80769
1612511797000,21994,58545,80539
1612512097000,21938,58332,80270
1612512397000,21863,57830,79693
1612512697000,21847,57671,79518
1612512997000,21902,56973,78875
1612513297000,21910,56525,78435
1612513597000,21813,56057,77870
1612513897000,21837,55899,77736
1612514197000,21915,55810,77725
1612514497000,21883,55697,77580
1612514797000,21905,55700,77605
1612515097000,21964,55786,77750
1612515397000,21907,56008,77915
1612515697000,21888,56170,78058
1612515997000,22012,56315,78327
1612516298000,22064,56512,78576
1612516597000,22133,56486,78619
1612516897000,22287,56299,78586
1612517197000,22377,56124,78501
1612517497000,22459,56114,78573
1612517797000,22470,56268,78738
1612518097000,22505,55902,78407
1612518396000,22632,56451,79083
1612518697000,22739,56671,79410
1612518997000,22743,56747,79490
1612519297000,22832,56866,79698
1612519597000,22866,56969,79835
1612519897000,22950,57107,80057
1612520197000,22977,57242,80219
1612520497000,23110,57400,80510
1612520797000,23218,57661,80879
1612521097000,23147,57831,80978
1612521397000,23229,58140,81369
1612521697000,23356,58110,81466
1612522010000,23496,58199,81695
1612522297000,23743,58540,82283
1612522597000,23886,58521,82407
1612522897000,24074,58030,82104
1612523197000,24416,58766,83182
1612523497000,24609,59158,83767
1612523797000,24884,59598,84482
1612524097000,25108,59984,85092
1612524396000,25343,60319,85662
1612524697000,25452,60509,85961
1612524997000,25613,60905,86518
1612525297000,24986,61158,86144
1612525597000,25082,61626,86708
1612525897000,25198,61858,87056
1612526197000,25262,62133,87395
1612526497000,25378,62590,87968
1612526797000,25559,62935,88494
1612527097000,25718,63312,89030
1612527397000,25992,63732,89724
1612527697000,26148,63172,89320
1612527997000,26198,64499,90697
1612528297000,26339,65081,91420
1612528597000,26373,65575,91948
1612528897000,26638,65882,92520
1612529197000,26936,66340,93276
1612529497000,27072,66863,93935
1612529797000,27343,67526,94869
1612530097000,27573,68293,95866
1612530397000,27771,68963,96734
1612530697000,28150,69679,97829
1612530997000,28362,70225,98587
1612531297000,28574,71168,99742
1612531597000,28835,72074,100909
1612531898000,29090,72708,101798
1612532197000,29303,73348,102651
1612532497000,29583,73526,103109
1612532797000,29958,74632,104590
1612533097000,30214,75272,105486
1612533403000,30411,75704,106115
1612533427000,30412,75788,106200
1612533465000,30475,75987,106462
1612533485000,30455,76099,106554
1612533582000,30674,76370,107044
1612533777000,30753,77051,107804
1612533806000,30822,75428,106250
1612533845000,30835,77192,108027
1612533866000,30903,77307,108210
1612533997000,31052,77614,108666
1612534297000,31273,78555,109828
1612534597000,31630,79479,111109
1612534898000,31829,80022,111851
1612535204000,32129,81238,113367
1612535497000,32253,81903,114156
1612535797000,32621,82751,115372
1612536097000,32849,83170,116019
1612536397000,33079,83494,116573
1612536697000,33393,84256,117649
1612536997000,33641,84632,118273
1612537297000,33834,85438,119272
1612537597000,34138,85604,119742
1612537897000,34329,86693,121022
1612538197000,34396,86320,120716
1612538497000,34636,87105,121741
1612538797000,34876,87771,122647
1612539097000,35139,88075,123214
1612539397000,35444,88214,123658
1612539697000,35645,89047,124692
1612539997000,35869,89035,124904
1612540297000,36148,89432,125580
1612540597000,36390,90057,126447
1612540897000,36452,90166,126618
1612541197000,36705,90297,127002
1612541497000,36708,90726,127434
1612541797000,36946,91400,128346
1612542097000,36998,92131,129129
1612542397000,37165,92288,129453
1612542697000,37573,92595,130168
1612542997000,37634,92744,130378
1612543297000,37908,93002,130910
1612543597000,37862,92801,130663
1612543897000,38271,92815,131086
1612544197000,38335,92584,130919
1612544497000,38537,93302,131839
1612544797000,38694,93498,132192
1612545097000,39840,92684,132524
1612545397000,40462,92668,133130
1612545697000,41985,92688,134673
1612545997000,42218,92994,135212
1612546297000,42519,93039,135558
1612546597000,42798,93408,136206
1612546897000,42983,93724,136707
1612547197000,43359,93958,137317
1612547497000,43733,94259,137992
1612547797000,43975,94508,138483
1612548097000,44313,94974,139287
1612548397000,44486,95376,139862
1612548697000,44797,96098,140895
1612548997000,43044,96701,139745
1612549297000,43013,97376,140389
1612549597000,43207,97945,141152
1612549897000,43259,98339,141598
1612550197000,43482,98532,142014
1612550497000,43701,98988,142689
1612550797000,43846,99407,143253
1612551097000,43991,99782,143773
1612551397000,44200,98139,142339
1612551697000,44215,98521,142736
1612551997000,44364,98614,142978
1612552297000,44460,99352,143812
1612552597000,44613,99667,144280
1612552897000,44752,101133,145885
1612553198000,46017,102116,148133
1612553497000,44964,102580,147544
1612553797000,44828,103127,147955
1612554097000,45151,103547,148698
1612554397000,45151,103921,149072
1612554697000,45449,103963,149412
1612554997000,45674,104247,149921
1612555297000,45646,104388,150034
1612555597000,45855,104740,150595
1612555897000,45982,104923,150905
1612556197000,45968,105274,151242
1612556498000,46065,105561,151626
1612556797000,46091,105792,151883
1612557097000,46102,106012,152114
1612557397000,46276,106062,152338
1612557697000,46315,106273,152588
1612557997000,46395,106566,152961
1612558297000,46549,106776,153325
1612558597000,46498,106228,152726
1612558906000,46618,106484,153102
1612559197000,46410,106240,152650
1612559497000,46485,106371,152856
1612559797000,46566,106144,152710
1612560097000,46591,106203,152794
1612560397000,46479,106065,152544
1612560697000,46309,105883,152192
1612560997000,46323,106486,152809
1612561297000,46281,106038,152319
1612561597000,46346,105805,152151
1612561897000,46348,105548,151896
1612562198000,46298,105237,151535
1612562498000,46269,104350,150619
1612562797000,45961,104101,150062
1612563098000,45718,103950,149668
1612563397000,45647,103673,149320
1612563697000,45477,103507,148984
1612563997000,45511,103450,148961
1612564297000,45422,103132,148554
1612564597000,45224,103019,148243
1612564897000,45203,102650,147853
1612565197000,45004,102234,147238
1612565497000,44902,101804,146706
1612565797000,44833,101041,145874
1612566097000,44474,100498,144972
1612566397000,44473,100128,144601
1612566697000,44276,99866,144142
1612566997000,44045,99680,143725
1612567297000,43926,99356,143282
1612567597000,43946,98984,142930
1612567897000,43830,98514,142344
1612568197000,43826,98188,142014
1612568497000,43801,97817,141618
1612568797000,43808,97427,141235
1612569097000,43742,97204,140946
1612569397000,43684,97105,140789
1612569697000,43835,96860,140695
1612569997000,43949,96309,140258
1612570297000,44088,95905,139993
1612570597000,43888,95595,139483
1612570897000,43764,95696,139460
1612571197000,43697,95342,139039
1612571497000,43582,95018,138600
1612571797000,43649,95038,138687
1612572097000,43458,94963,138421
1612572397000,43432,94565,137997
1612572697000,43222,94773,137995
1612573004000,43021,94973,137994
1612573297000,42767,95297,138064
1612573597000,42638,94889,137527
1612573897000,42530,94979,137509
1612574197000,42366,94891,137257
1612574497000,42250,94759,137009
1612574797000,42171,95045,137216
1612575097000,42056,95043,137099
1612575397000,41887,94893,136780
1612575697000,41756,94723,136479
1612575997000,41680,94625,136305
1612576297000,41433,95030,136463
1612576597000,41264,94810,136074
1612576897000,41053,94877,135930
1612577197000,40905,94507,135412
1612577497000,40826,94404,135230
1612577797000,40714,93759,134473
1612578097000,40711,94389,135100
1612578397000,40608,94503,135111
1612578697000,40533,94544,135077
1612578997000,40366,94625,134991
1612579297000,40227,94335,134562
1612579597000,39999,94234,134233
1612579897000,39869,94061,133930
1612580197000,39658,93903,133561
1612580497000,39570,93728,133298
1612580797000,39447,93374,132821
1612581097000,39216,93252,132468
1612581397000,39040,93461,132501
1612581697000,38758,92959,131717
1612581997000,38570,92547,131117
1612582297000,38441,92136,130577
1612582597000,38231,92173,130404
1612582897000,38078,91589,129667
1612583197000,37941,90979,128920
1612583497000,37558,90803,128361
1612583797000,37384,90156,127540
1612584097000,37084,89498,126582
1612584397000,36834,88863,125697
1612584697000,36665,88194,124859
1612584997000,36437,87971,124408
1612585297000,36117,87369,123486
1612585597000,35825,86733,122558
1612585897000,35550,86064,121614
1612586196000,35348,85535,120883
1612586497000,35136,84984,120120
1612586797000,34915,84579,119494
1612587097000,34546,84071,118617
1612587397000,34328,83430,117758
1612587697000,34078,82474,116552
1612587997000,33651,82002,115653
1612588297000,33233,81320,114553
1612588608000,32808,80549,113357
1612588897000,32483,79921,112404
1612589197000,32159,79026,111185
1612589497000,31851,78278,110129
1612589797000,31498,77868,109366
1612590097000,31061,77150,108211
1612590397000,30764,76630,107394
1612590697000,30289,75965,106254
1612590997000,29950,75115,105065
1612591297000,29549,74172,103721
1612591597000,28996,73092,102088
1612591897000,28708,71979,100687
1612592197000,28529,70866,99395
1612592497000,28228,69299,97527
1612592797000,28008,69105,97113
1612593097000,27794,68271,96065
1612593397000,27486,67359,94845
1612593697000,27358,66325,93683
1612593997000,27122,65412,92534
1612594297000,26855,64510,91365
1612594597000,26539,63697,90236
1612594899000,26481,63200,89681
1612595197000,26239,62731,88970
1612595497000,26206,62527,88733
1612595797000,26042,61704,87746
1612596097000,25696,62089,87785
1612596397000,25528,62438,87966
1612596697000,25337,61968,87305
1612596996000,23872,61427,85299
1612597297000,23636,60149,83785
1612597597000,23563,60522,84085
1612597897000,24492,60314,84806
1612598197000,24605,59924,84529
1612598497000,23353,59309,82662
1612598797000,23296,58797,82093
1612599097000,23339,58603,81942
1612599397000,22765,58295,81060
1612599697000,22701,58128,80829
1612599997000,22780,57760,80540
1612600297000,22849,57629,80478
1612600597000,22924,57263,80187
1612600897000,22904,57129,80033
1612601196000,22955,57258,80213
1612601497000,23015,57109,80124
1612601797000,23094,56896,79990
1612602097000,23193,56435,79628
1612602397000,23242,56324,79566
1612602697000,23356,56355,79711
1612602997000,23328,56376,79704
1612603297000,23304,56358,79662
1612603596000,23435,56443,79878
1612603897000,23425,56407,79832
1612604198000,23510,56539,80049
1612604498000,23583,55809,79392
1612604797000,23672,55979,79651
1612605097000,23648,56137,79785
1612605397000,23795,56328,80123
1612605697000,23794,56139,79933
1612605997000,23958,56319,80277
1612606297000,24062,56367,80429
1612606597000,24248,56602,80850
1612606897000,24299,56774,81073
1612607197000,24312,57216,81528
1612607497000,24479,57291,81770
1612607797000,24621,57577,82198
1612608097000,24701,57829,82530
1612608397000,24783,58222,83005
1612608697000,24888,58441,83329
1612608997000,24940,58661,83601
1612609297000,25066,58873,83939
1612609597000,25298,59075,84373
1612609897000,25162,59214,84376
1612610197000,25437,59566,85003
1612610497000,25629,59946,85575
1612610797000,25742,60440,86182
1612611097000,25999,60688,86687
1612611397000,26170,61036,87206
1612611697000,26394,61842,88236
1612611997000,26564,62292,88856
1612612297000,26835,62883,89718
1612612597000,27006,63176,90182
1612612897000,27203,63550,90753
1612613197000,27501,64010,91511
1612613497000,27742,64507,92249
1612613797000,27873,64885,92758
1612614097000,28126,65116,93242
1612614397000,28399,65844,94243
1612614697000,28616,66474,95090
1612614997000,28781,67080,95861
1612615297000,29007,67532,96539
1612615597000,29124,68205,97329
1612615897000,29425,68743,98168
1612616197000,29732,69136,98868
1612616497000,29872,69658,99530
1612616797000,30151,70324,100475
1612617097000,30447,70732,101179
1612617397000,30653,71264,101917
1612617697000,31034,72009,103043
1612617997000,31248,72930,104178
1612618297000,31476,73363,104839
1612618596000,31786,74020,105806
1612618897000,32028,74731,106759
1612619197000,32323,75556,107879
1612619497000,32635,76409,109044
1612619797000,32879,77025,109904
1612620097000,33247,77657,110904
1612620397000,33517,78272,111789
1612620697000,33816,79291,113107
1612620997000,34168,80067,114235
1612621297000,34461,80868,115329
1612621598000,34673,81308,115981
1612621897000,34978,81954,116932
1612622197000,35297,82724,118021
1612622497000,35617,83412,119029
1612622797000,35999,84271,120270
1612623097000,36141,85379,121520
1612623397000,36405,86101,122506
1612623697000,36819,86671,123490
1612623997000,37188,87163,124351
1612624297000,37484,87950,125434
1612624597000,38258,88751,127009
1612624897000,38103,89579,127682
1612625197000,38339,90208,128547
1612625497000,38591,90652,129243
1612625797000,38921,91212,130133
1612626097000,39096,91785,130881
1612626397000,39359,92280,131639
1612626697000,39699,92849,132548
1612626997000,40035,93257,133292
1612627297000,40160,93516,133676
1612627597000,40265,93905,134170
1612627897000,40451,94470,134921
1612628197000,40806,94842,135648
1612628497000,40957,95336,136293
1612628797000,41162,95869,137031
1612629097000,41337,96384,137721
1612629397000,41611,96360,137971
1612629697000,41842,96580,138422
1612629997000,42223,96836,139059
1612630297000,41929,97366,139295
1612630597000,43217,96517,139734
1612630897000,43024,96590,139614
1612631197000,43798,96763,140561
1612631497000,44623,96702,141325
1612631797000,44804,97029,141833
1612632097000,44916,97347,142263
1612632397000,45021,97732,142753
1612632697000,45160,97678,142838
1612632997000,45361,97782,143143
1612633297000,45487,98142,143629
1612633597000,45655,98159,143814
1612633897000,45763,98403,144166
1612634197000,45921,98717,144638
1612634497000,46045,99003,145048
1612634797000,46303,99173,145476
1612635097000,46373,99738,146111
1612635397000,46505,100415,146920
1612635697000,46746,100945,147691
1612635997000,46929,100991,147920
1612636297000,46981,98570,145551
1612636597000,47273,99685,146958
1612636897000,47403,100810,148213
1612637199000,47464,101530,148994
1612637497000,47790,102378,150168
1612637797000,47864,101228,149092
1612638097000,47965,101767,149732
1612638397000,47940,102180,150120
1612638697000,48146,102819,150965
1612638997000,48252,103128,151380
1612639338000,48418,104836,153254
1612639366000,48437,104999,153436
1612639597000,48461,105903,154364
1612639897000,48506,106541,155047
1612640197000,48731,106924,155655
1612640497000,48909,107169,156078
1612640797000,48971,107766,156737
1612641097000,49063,108148,157211
1612641397000,49314,108324,157638
1612641697000,49434,108653,158087
1612641997000,49619,109046,158665
1612642298000,49666,109444,159110
1612642597000,49690,109808,159498
1612642897000,49833,110140,159973
1612643198000,49980,110428,160408
1612643497000,49913,110444,160357
1612643797000,50016,110756,160772
1612644097000,50099,111058,161157
1612644397000,50152,111204,161356
1612644697000,50274,111180,161454
1612644997000,50384,111161,161545
1612645297000,50360,111101,161461
1612645597000,50201,111047,161248
1612645897000,50316,111047,161363
1612646197000,50365,110924,161289
1612646497000,50458,110980,161438
1612646797000,50260,110938,161198
1612647097000,50177,110737,160914
1612647397000,50088,110576,160664
1612647697000,50119,110564,160683
1612647997000,50043,110488,160531
1612648297000,50018,110295,160313
1612648597000,50032,109908,159940
1612648897000,49935,109571,159506
1612649197000,49810,109315,159125
1612649497000,49596,109051,158647
1612649796000,49496,108716,158212
1612650097000,49437,108751,158188
1612650397000,49250,108532,157782
1612650697000,49138,108174,157312
1612650997000,49044,107671,156715
1612651297000,48926,107025,155951
1612651597000,48756,106725,155481
1612651898000,48533,106371,154904
1612652197000,48419,105882,154301
1612652497000,48202,105305,153507
1612652797000,48048,105084,153132
1612653097000,47844,104253,152097
1612653397000,47720,103997,151717
1612653697000,47559,103193,150752
1612653997000,47282,102927,150209
1612654297000,47048,102786,149834
1612654597000,46939,102650,149589
1612654897000,46722,102268,148990
1612655197000,46620,101842,148462
1612655497000,46424,101479,147903
1612655797000,46317,101117,147434
1612656097000,46362,100601,146963
1612656397000,46852,100131,146983
1612656697000,46808,100005,146813
1612656997000,46726,99586,146312
1612657297000,46626,99527,146153
1612657597000,46439,99234,145673
1612657897000,46167,99014,145181
1612658197000,46000,98643,144643
1612658497000,45929,98679,144608
1612658797000,45613,98765,144378
1612659097000,45544,98607,144151
1612659397000,45352,98461,143813
1612659697000,45095,98248,143343
1612659997000,44983,98158,143141
1612660297000,44796,98077,142873
1612660597000,44683,97952,142635
1612660897000,44602,98011,142613
1612661197000,44506,97991,142497
1612661497000,44241,97681,141922
1612661797000,44108,97774,141882
1612662097000,44122,97876,141998
1612662397000,44013,97833,141846
1612662697000,43806,97867,141673
1612662997000,43637,97956,141593
1612663297000,43503,97912,141415
1612663597000,43373,97811,141184
1612663897000,43172,97854,141026
1612664197000,42953,97991,140944
1612664497000,42880,98018,140898
1612664797000,42839,98049,140888
1612665097000,42737,98145,140882
1612665397000,42559,98181,140740
1612665697000,42513,98226,140739
1612665997000,42324,97782,140106
1612666297000,42141,97696,139837
1612666597000,42115,97484,139599
1612666897000,41778,96977,138755
1612667197000,41636,96607,138243
1612667497000,41326,96210,137536
1612667797000,41165,95895,137060
1612668097000,41034,95543,136577
1612668397000,40839,95115,135954
1612668697000,40569,94730,135299
1612668997000,40386,94425,134811
1612669297000,40125,94099,134224
1612669597000,39910,93109,133019
1612669897000,39558,93200,132758
1612670197000,39257,92735,131992
1612670497000,39062,92022,131084
1612670796000,38844,91386,130230
1612671097000,38579,90972,129551
1612671397000,38373,90757,129130
1612671697000,38033,90053,128086
1612671997000,37786,89525,127311
1612672297000,37508,88929,126437
1612672597000,37288,88349,125637
1612672897000,37004,87907,124911
1612673197000,36706,87150,123856
1612673497000,36464,86524,122988
1612673797000,36252,85743,121995
1612674097000,35697,84859,120556
1612674397000,35257,82678,117935
1612674697000,34806,83186,117992
1612674997000,34389,82723,117112
1612675297000,33944,82132,116076
1612675597000,33587,81524,115111
1612675897000,33246,80801,114047
1612676197000,32977,79944,112921
1612676497000,32769,79434,112203
1612676797000,32384,78830,111214
1612677097000,31942,78119,110061
1612677397000,31667,77251,108918
1612677697000,31307,76536,107843
1612677997000,30795,75484,106279
1612678297000,30465,74114,104579
1612678597000,30291,73429,103720
1612678897000,29927,72514,102441
1612679197000,29603,71971,101574
1612679497000,29286,70920,100206
1612679797000,29053,69949,99002
1612680097000,28808,69321,98129
1612680397000,28415,68205,96620
1612680697000,28274,67184,95458
1612680997000,27920,66432,94352
1612681297000,27765,65295,93060
1612681597000,27476,64527,92003
1612681897000,27281,64530,91811
1612682197000,27029,63823,90852
1612682497000,26790,64265,91055
1612682797000,26767,64768,91535
1612683097000,26582,64327,90909
1612683397000,25025,63725,88750
1612683697000,24838,63632,88470
1612683997000,24713,63329,88042
1612684296000,24502,62551,87053
1612684597000,24399,62762,87161
1612684897000,24813,62395,87208
1612685197000,23905,62047,85952
1612685497000,23983,61841,85824
1612685797000,23865,61604,85469
1612686097000,23762,61366,85128
1612686397000,23852,61302,85154
1612686697000,24019,61076,85095
1612686997000,24158,61038,85196
1612687297000,24113,61107,85220
1612687597000,24064,60656,84720
1612687897000,24121,60619,84740
1612688197000,24197,60475,84672
1612688497000,24262,60381,84643
1612688797000,24323,60284,84607
1612689097000,24353,59220,83573
1612689397000,24463,59965,84428
1612689697000,24689,59830,84519
1612689997000,24815,59921,84736
1612690297000,25001,60013,85014
1612690597000,25123,59791,84914
1612690898000,25284,60026,85310
1612691197000,25355,59862,85217
1612691497000,25508,60110,85618
1612691797000,25653,59934,85587
1612692097000,25720,59980,85700
1612692397000,25782,60107,85889
1612692697000,25839,60353,86192
1612692997000,25979,60436,86415
1612693297000,26118,60919,87037
1612693597000,26287,61127,87414
1612693897000,26499,60446,86945
1612694197000,26545,61483,88028
1612694497000,26657,61973,88630
1612694797000,26761,62156,88917
1612695097000,26998,62400,89398
1612695397000,27196,62324,89520
1612695697000,27314,62277,89591
1612695997000,27496,62439,89935
1612696297000,27439,62454,89893
1612696597000,27590,62740,90330
1612696897000,27823,63204,91027
1612697197000,28005,63441,91446
1612697497000,28125,63728,91853
1612697797000,28164,63825,91989
1612698097000,28342,64079,92421
1612698397000,28493,64196,92689
1612698697000,28692,64237,92929
1612698997000,28932,64706,93638
1612699297000,29159,65382,94541
1612699597000,29363,65640,95003
1612699897000,29537,66212,95749
1612700197000,29723,67110,96833
1612700497000,29873,67506,97379
1612700797000,30149,67983,98132
1612701097000,30229,68644,98873
1612701397000,30405,69134,99539
1612701697000,30521,69869,100390
1612701997000,30819,70421,101240
1612702297000,30997,70933,101930
1612702597000,31209,71414,102623
1612702897000,31483,72049,103532
1612703197000,31675,72564,104239
1612703497000,31887,73246,105133
1612703797000,32194,73410,105604
1612704097000,32429,74864,107293
1612704397000,32669,75795,108464
1612704697000,33019,76465,109484
1612704997000,33379,77085,110464
1612705297000,33806,77901,111707
1612705597000,34110,78313,112423
1612705897000,34321,79123,113444
1612706197000,34701,80005,114706
1612706497000,35057,80711,115768
1612706797000,35353,81417,116770
1612707097000,35678,82216,117894
1612707397000,35987,82934,118921
1612707697000,36418,83799,120217
1612707997000,36623,84736,121359
1612708297000,37040,85787,122827
1612708597000,37471,85876,123347
1612708897000,37753,87316,125069
1612709197000,37973,88294,126267
1612709497000,38397,88802,127199
1612709797000,38794,89487,128281
1612710097000,39116,90339,129455
1612710397000,39205,91237,130442
1612710697000,39551,92216,131767
1612710997000,40006,93129,133135
1612711297000,40356,93836,134192
1612711597000,40711,94465,135176
1612711897000,41014,94762,135776
1612712197000,41418,95278,136696
1612712497000,41716,96001,137717
1612712797000,41950,96688,138638
1612713097000,42353,97365,139718
1612713397000,42593,96895,139488
1612713697000,42724,98295,141019
1612713997000,43000,99135,142135
1612714297000,43349,99668,143017
1612714597000,43466,100418,143884
1612714897000,44271,101069,145340
1612715197000,44093,101535,145628
1612715497000,44603,101561,146164
1612715797000,44610,102020,146630
1612716097000,45608,102569,148177
1612716397000,45656,102805,148461
1612716697000,46894,103116,150010
1612716997000,47181,103468,150649
1612717297000,47256,103610,150866
1612717597000,47355,103890,151245
1612717897000,47528,104269,151797
1612718197000,47604,104064,151668
1612718497000,47815,104790,152605
1612718797000,48066,105205,153271
1612719097000,48210,105461,153671
1612719397000,48426,105807,154233
1612719697000,48609,106112,154721
1612719997000,48856,106654,155510
1612720298000,49077,107105,156182
1612720597000,49045,107510,156555
1612720897000,49270,107734,157004
1612721197000,49399,108063,157462
1612721497000,49616,108573,158189
1612721797000,49780,109222,159002
1612722097000,49979,109704,159683
1612722397000,50303,110310,160613
1612722696000,50505,110788,161293
1612722997000,50620,111406,162026
1612723297000,50964,111714,162678
1612723597000,51045,112664,163709
1612723897000,51160,113226,164386
1612724197000,51267,111641,162908
1612724497000,51440,113183,164623
1612724797000,51580,113924,165504
1612725097000,51780,114417,166197
1612725397000,51948,114604,166552
1612725697000,51844,113329,165173
1612725997000,51961,115083,167044
1612726297000,52065,115717,167782
1612726597000,52309,116530,168839
1612726897000,52346,117202,169548
1612727197000,52419,117859,170278
1612727497000,52579,118120,170699
1612727797000,52677,118722,171399
1612728097000,52612,118013,170625
1612728397000,52626,118816,171442
1612728697000,52647,118596,171243
1612728997000,52821,118337,171158
1612729297000,52766,119432,172198
1612729597000,52773,119791,172564
1612729897000,52737,119326,172063
1612730197000,52756,119568,172324
1612730497000,52630,119634,172264
1612730797000,52601,119698,172299
1612731097000,52635,119778,172413
1612731397000,52576,119191,171767
1612731697000,52451,118959,171410
1612731997000,52232,118499,170731
1612732297000,52146,118251,170397
1612732597000,51984,117879,169863
1612732897000,51892,116506,168398
1612733197000,51669,117320,168989
1612733497000,51445,116742,168187
1612733797000,51244,116181,167425
1612734097000,51051,115679,166730
1612734397000,50793,115435,166228
1612734696000,50643,115011,165654
1612734997000,50411,114036,164447
1612735297000,50141,113367,163508
1612735598000,49775,113010,162785
1612735897000,49368,112018,161386
1612736197000,49085,111570,160655
1612736497000,48774,111017,159791
1612736797000,48480,110375,158855
1612737097000,48070,110172,158242
1612737397000,47954,109006,156960
1612737697000,47687,106994,154681
1612737997000,47424,106735,154159
1612738297000,47069,106322,153391
1612738597000,46671,105163,151834
1612738897000,46273,104211,150484
1612739197000,45787,103853,149640
1612739497000,45298,102998,148296
1612739797000,45078,101734,146812
1612740097000,44613,101563,146176
1612740397000,44167,99730,143897
1612740697000,43761,98778,142539
1612740997000,43559,98150,141709
1612741297000,43455,96563,140018
1612741597000,43353,95914,139267
1612741896000,43261,95825,139086
1612742197000,43218,95643,138861
1612742497000,43478,95324,138802
1612742797000,43732,95156,138888
1612743097000,43597,94972,138569
1612743397000,43557,94804,138361
1612743697000,44745,93428,138173
1612743997000,44265,93271,137536
1612744297000,44044,93160,137204
1612744597000,44100,93406,137506
1612744897000,43866,93669,137535
1612745197000,43734,93405,137139
1612745497000,43549,93198,136747
1612745797000,43466,93434,136900
1612746097000,43370,93073,136443
1612746397000,43144,94993,138137
1612746697000,42960,93540,136500
1612746997000,42808,92755,135563
1612747297000,42768,92902,135670
1612747597000,42690,92899,135589
1612747897000,42551,92719,135270
1612748197000,42432,92928,135360
1612748497000,42311,93128,135439
1612748797000,42212,93337,135549
1612749097000,42072,93244,135316
1612749397000,41965,93496,135461
1612749697000,41847,93304,135151
1612749997000,41570,93187,134757
1612750297000,41425,93000,134425
1612750597000,41101,92588,133689
1612750897000,40870,92583,133453
1612751197000,40654,92691,133345
1612751497000,40404,92730,133134
1612751797000,40259,92648,132907
1612752097000,40031,92541,132572
1612752397000,39820,91972,131792
1612752697000,39444,91502,130946
1612752997000,39204,91259,130463
1612753297000,38890,90677,129567
1612753597000,38653,90124,128777
1612753897000,38447,89334,127781
1612754197000,38303,88235,126538
1612754497000,38119,87893,126012
1612754797000,37978,87772,125750
1612755097000,37836,87310,125146
1612755397000,37723,86908,124631
1612755697000,37657,86806,124463
1612755997000,37480,86581,124061
1612756297000,37375,86482,123857
1612756597000,37172,86069,123241
1612756897000,36937,85722,122659
1612757197000,36731,85170,121901
1612757497000,36399,84576,120975
1612757797000,36069,83914,119983
1612758097000,36017,82988,119005
1612758397000,35536,82690,118226
1612758697000,35422,81981,117403
1612758997000,35194,81164,116358
1612759297000,34776,80700,115476
1612759597000,34381,80193,114574
1612759897000,33922,79569,113491
1612760197000,33526,78691,112217
1612760497000,33126,77839,110965
1612760797000,32786,76763,109549
1612761097000,32416,75670,108086
1612761397000,32042,75239,107281
1612761697000,31698,74487,106185
1612761997000,31339,73530,104869
1612762297000,30920,72815,103735
1612762597000,30621,72166,102787
1612762897000,30335,71380,101715
1612763197000,29979,70582,100561
1612763497000,29589,69666,99255
1612763797000,29458,68804,98262
1612764097000,28979,67932,96911
1612764397000,28763,66692,95455
1612764696000,28521,65798,94319
1612764997000,28312,64940,93252
1612765297000,28050,64008,92058
1612765597000,27921,63192,91113
1612765897000,27661,62367,90028
1612766197000,27411,61415,88826
1612766497000,27205,60953,88158
1612766797000,27060,60168,87228
1612767097000,26855,59440,86295
1612767397000,26631,58616,85247
1612767697000,26481,57880,84361
1612767997000,26273,57138,83411
1612768297000,26089,57244,83333
1612768597000,25949,56508,82457
1612768897000,25838,57371,83209
1612769197000,25658,57902,83560
1612769497000,24228,57657,81885
1612769797000,24343,57279,81622
1612770097000,22805,56999,79804
1612770397000,22198,56646,78844
1612770697000,22108,56619,78727
1612770997000,22304,56444,78748
1612771297000,23154,56264,79418
1612771597000,22315,56053,78368
1612771897000,22434,56080,78514
1612772197000,22443,56104,78547
1612772497000,22438,55902,78340
1612772798000,22480,55908,78388
1612773097000,22568,55883,78451
1612773397000,22603,55832,78435
1612773697000,22816,56041,78857
1612773997000,22944,55904,78848
1612774297000,23083,55815,78898
1612774597000,23202,55642,78844
1612774897000,23146,55223,78369
1612775197000,23183,55442,78625
1612775497000,23271,55861,79132
1612775797000,23360,56216,79576
1612776097000,23498,56416,79914
1612776397000,23606,56375,79981
1612776697000,23502,56386,79888
1612776997000,23715,56518,80233
1612777297000,23849,56683,80532
1612777597000,23919,56556,80475
1612777897000,24087,56845,80932
1612778197000,24161,56820,80981
1612778497000,24290,56989,81279
1612778527000,24323,56963,81286
1612778797000,24555,57196,81751
1612779097000,24625,57411,82036
1612779397000,24725,57627,82352
1612779697000,24880,57839,82719
1612779998000,25035,58071,83106
1612780297000,25054,58286,83340
1612780597000,24720,58553,83273
1612780897000,24616,58657,83273
1612781197000,24326,58784,83110
1612781497000,23869,58758,82627
1612781797000,22676,58846,81522
1612782097000,10360,58844,69204
1612782397000,0,58899,58899
1612782697000,8,59111,59119
1612782997000,0,59644,59644
1612783297000,8,59954,59962
1612783600000,13,60376,60389
1612783897000,12,60539,60551
1612784197000,0,60572,60572
1612784497000,3384,60974,64358
1612784797000,10749,60032,70781
1612785097000,14137,60684,74821
1612785397000,16085,60945,77030
1612785697000,17627,61300,78927
1612785997000,18766,61815,80581
1612786297000,19933,62189,82122
1612786597000,20776,62645,83421
1612786897000,21703,63168,84871
1612787197000,22404,63848,86252
1612787497000,22956,64226,87182
1612787797000,23471,64809,88280
1612788097000,24050,65408,89458
1612788397000,24388,65833,90221
1612788697000,24843,66283,91126
1612788997000,25276,66894,92170
1612789297000,25532,67489,93021
1612789597000,25975,68092,94067
1612789897000,26364,68802,95166
1612790198000,26825,69711,96536
1612790497000,27181,70620,97801
1612790797000,27622,71481,99103
1612791097000,27996,72165,100161
1612791397000,27897,72728,100625
1612791697000,28184,73209,101393
1612791997000,28451,73628,102079
1612792299000,28675,74393,103068
1612792597000,29007,75136,104143
1612792897000,28916,75934,104850
1612793197000,28382,76681,105063
1612793497000,28047,77786,105833
1612793797000,27835,78774,106609
1612794102000,27387,79833,107220
1612794397000,26193,80725,106918
1612794697000,2685,81083,83768
1612794997000,14201,82213,96414
1612795297000,19027,83085,102112
1612795597000,22124,84061,106185
1612795897000,24269,84971,109240
1612796197000,25931,85614,111545
1612796497000,27333,86467,113800
1612796797000,28643,87089,115732
1612797097000,29861,87803,117664
1612797397000,31030,88358,119388
1612797697000,31849,89233,121082
1612798001000,32659,89996,122655
1612798297000,33418,90438,123856
1612798597000,34037,91009,125046
1612798897000,34706,91843,126549
1612799197000,35194,92076,127270
1612799497000,35750,92512,128262
1612799797000,36347,92835,129182
1612800097000,36788,92828,129616
1612800397000,37143,93353,130496
1612800697000,37479,93748,131227
1612800997000,37856,94340,132196
1612801297000,38219,94700,132919
1612801597000,38628,94803,133431
1612801897000,38907,95182,134089
1612802197000,39374,95297,134671
1612802497000,39748,95542,135290
1612802797000,40087,95618,135705
1612803097000,40338,95601,135939
1612803397000,40688,95205,135893
1612803697000,40917,94933,135850
1612803998000,41159,95241,136400
1612804296000,41573,95723,137296
1612804597000,41895,96530,138425
1612804897000,42241,96442,138683
1612805197000,42553,96628,139181
1612805497000,42854,96800,139654
1612805797000,43204,97376,140580
1612806097000,43557,97693,141250
1612806397000,43707,98222,141929
1612806698000,44073,98808,142881
1612806997000,44326,99393,143719
1612807297000,44371,99592,143963
1612807597000,44713,99992,144705
1612807897000,44950,100542,145492
1612808197000,45277,100969,146246
1612808497000,45617,101827,147444
1612808797000,45871,102256,148127
1612809097000,46198,102907,149105
1612809397000,46508,103450,149958
1612809696000,44145,103963,148108
1612809997000,44294,104225,148519
1612810297000,44417,104869,149286
1612810597000,44583,103149,147732
1612810897000,44570,103272,147842
1612811197000,44648,103788,148436
1612811497000,44704,104400,149104
1612811797000,44873,104746,149619
1612812097000,44942,105982,150924
1612812397000,45147,107333,152480
1612812697000,45305,107635,152940
1612812997000,45450,107669,153119
1612813297000,45603,108364,153967
1612813597000,45771,108617,154388
1612813897000,45853,108958,154811
1612814197000,45890,108983,154873
1612814497000,45957,108662,154619
1612814797000,45901,108453,154354
1612815097000,45974,108819,154793
1612815397000,45941,109253,155194
1612815697000,45894,109576,155470
1612815998000,45816,109715,155531
1612816297000,45812,109778,155590
1612816597000,45800,109506,155306
1612816897000,45841,109774,155615
1612817203000,45784,110678,156462
1612817497000,45667,109599,155266
1612817797000,45706,108718,154424
1612818097000,45549,108984,154533
1612818397000,45349,108742,154091
1612818697000,45215,108781,153996
1612818997000,45070,108585,153655
1612819297000,44877,108649,153526
1612819597000,44831,108558,153389
1612819897000,44694,108262,152956
1612820197000,44582,107985,152567
1612820497000,44542,107772,152314
1612820809000,44425,107279,151704
1612821097000,44364,107092,151456
1612821397000,44076,106853,150929
1612821697000,43864,106080,149944
1612821997000,43557,105458,149015
1612822297000,43379,105484,148863
1612822597000,43302,104919,148221
1612822897000,43138,104145,147283
1612823197000,42958,104000,146958
1612823497000,42756,103701,146457
1612823797000,42569,103270,145839
1612824097000,42397,102673,145070
1612824397000,42342,102291,144633
1612824697000,42194,101642,143836
1612824997000,42081,100957,143038
1612825297000,41904,100728,142632
1612825597000,41794,100102,141896
1612825897000,41551,99876,141427
1612826197000,41293,99428,140721
1612826497000,41228,98747,139975
1612826797000,41224,98460,139684
1612827097000,40218,98168,138386
1612827398000,40153,97961,138114
1612827697000,40124,97444,137568
1612827997000,40109,97823,137932
1612828297000,40142,97646,137788
1612828597000,40152,97252,137404
1612828897000,40604,96677,137281
1612829197000,40884,96751,137635
1612829497000,40994,96598,137592
1612829797000,40843,96557,137400
1612830097000,40770,96443,137213
1612830397000,40746,96550,137296
1612830697000,40694,96549,137243
1612830997000,40837,96570,137407
1612831297000,40867,96754,137621
1612831597000,40972,96948,137920
1612831897000,40940,96844,137784
1612832197000,40859,97064,137923
1612832497000,40659,96690,137349
1612832797000,40613,96726,137339
1612833097000,40559,96613,137172
1612833397000,40600,96775,137375
1612833697000,40492,97000,137492
1612833997000,40427,97291,137718
1612834297000,40307,97596,137903
1612834597000,40230,97755,137985
1612834897000,40132,97926,138058
1612835197000,40078,98093,138171
1612835497000,39916,98266,138182
1612835797000,39726,98215,137941
1612836097000,39508,98093,137601
1612836397000,39300,98112,137412
1612836697000,39156,98207,137363
1612836997000,39000,97903,136903
1612837297000,38819,97139,135958
1612837598000,38606,97701,136307
1612837897000,38484,97297,135781
1612838197000,38337,97001,135338
1612838497000,38088,96862,134950
1612838797000,37943,96493,134436
1612839097000,37773,96212,133985
1612839397000,37368,95504,132872
1612839697000,37002,94837,131839
1612839997000,36576,91868,128444
1612840297000,36313,92244,128557
1612840597000,36162,92272,128434
1612840897000,35862,92185,128047
1612841197000,35592,91906,127498
1612841497000,35245,91494,126739
1612841797000,34913,90946,125859
1612842097000,34670,90359,125029
1612842397000,34325,89660,123985
1612842697000,34008,89193,123201
1612842997000,33705,87915,121620
1612843297000,33305,87065,120370
1612843597000,33000,86228,119228
1612843897000,32626,85657,118283
1612844197000,32326,85056,117382
1612844497000,32030,84258,116288
1612844797000,31748,83552,115300
1612845097000,31411,82622,114033
1612845397000,31084,81904,112988
1612845697000,30797,81219,112016
1612845997000,30406,80365,110771
1612846297000,30178,79559,109737
1612846597000,29837,78773,108610
1612846897000,29523,77529,107052
1612847197000,29110,76379,105489
1612847497000,28764,75936,104700
1612847797000,28495,75153,103648
1612848098000,28253,74292,102545
1612848397000,27935,73521,101456
1612848697000,27604,72868,100472
1612849018000,27215,71951,99166
1612849297000,26907,71181,98088
1612849597000,26648,70537,97185
1612849898000,26481,69855,96336
1612850197000,26226,69152,95378
1612850497000,25850,68474,94324
1612850797000,25406,67330,92736
1612851097000,25178,66268,91446
1612851397000,24924,65422,90346
1612851697000,24928,64894,89822
1612851997000,24679,63766,88445
1612852297000,24454,63407,87861
1612852597000,24331,62600,86931
1612852897000,23994,62157,86151
1612853197000,23750,61305,85055
1612853498000,23502,60423,83925
1612853797000,23383,59849,83232
1612854097000,23254,59105,82359
1612854397000,23102,58520,81622
1612854697000,23010,58511,81521
1612854998000,22926,58010,80936
1612855297000,22861,58841,81702
1612855597000,22724,59217,81941
1612855897000,22672,58749,81421
1612856197000,22623,58463,81086
1612856497000,22572,58331,80903
1612856797000,22593,57603,80196
1612857097000,22565,58078,80643
1612857397000,22443,58254,80697
1612857697000,22539,58056,80595
1612857997000,22399,57614,80013
1612858297000,22281,57569,79850
1612858597000,22327,57417,79744
1612858897000,22414,57373,79787
1612859197000,22232,57126,79358
1612859497000,22310,57068,79378
1612859797000,22467,56870,79337
1612860097000,22569,57021,79590
1612860397000,22604,56864,79468
1612860697000,22752,56993,79745
1612860997000,22920,56960,79880
1612861297000,22981,56839,79820
1612861597000,23059,56938,79997
1612861897000,22995,56881,79876
1612862197000,23068,56988,80056
1612862497000,23185,57060,80245
1612862798000,23302,56946,80248
1612863097000,23359,56846,80205
1612863397000,23433,57164,80597
1612863698000,23569,57375,80944
1612863997000,23643,56777,80420
1612864297000,23684,56899,80583
1612864597000,23710,56679,80389
1612864897000,23871,56762,80633
1612865197000,23924,56900,80824
1612865497000,23914,57118,81032
1612865797000,23919,57399,81318
1612866097000,23995,57584,81579
1612866397000,24078,57667,81745
1612866697000,24167,57777,81944
1612866998000,24298,57924,82222
1612867297000,24381,58220,82601
1612867597000,24476,57864,82340
1612867897000,24659,56364,81023
1612868197000,24697,55713,80410
1612868498000,24740,55871,80611
1612868797000,24849,56089,80938
1612869098000,24937,56449,81386
1612869397000,24978,56550,81528
1612869698000,25067,56690,81757
1612869997000,25205,56924,82129
1612870298000,25364,57130,82494
1612870597000,25568,57551,83119
1612870898000,25742,58013,83755
1612871198000,25893,58429,84322
1612871498000,25921,58839,84760
1612871800000,25931,59348,85279
1612872098000,26166,59496,85662
1612872397000,26388,59737,86125
1612872698000,26440,60366,86806
1612872997000,26610,60741,87351
1612873298000,26839,61358,88197
1612873597000,26997,61976,88973
1612873898000,27129,62332,89461
1612874197000,27347,62779,90126
1612874498000,27701,63551,91252
1612874797000,27853,64181,92034
1612875098000,28303,64787,93090
1612875397000,28583,65253,93836
1612875698000,29390,65630,95020
1612875997000,29622,66030,95652
1612876298000,29513,66781,96294
1612876597000,29792,67453,97245
1612876898000,30079,68291,98370
1612877197000,30377,69081,99458
1612877498000,30503,69764,100267
1612877797000,30796,70121,100917
1612878098000,30187,71185,101372
1612878397000,30403,71889,102292
1612878698000,30683,72573,103256
1612878997000,30950,73009,103959
1612879298000,31145,73724,104869
1612879597000,31596,74703,106299
1612879898000,31972,75587,107559
1612880198000,32285,76413,108698
1612880498000,32527,77386,109913
1612880797000,32827,78339,111166
1612881098000,33077,79150,112227
1612881397000,33419,80026,113445
1612881702000,33815,80860,114675
1612881997000,34007,81309,115316
1612882298000,34284,81792,116076
1612882597000,34560,82701,117261
1612882898000,34891,83265,118156
1612883197000,35176,84283,119459
1612883498000,35435,85141,120576
1612883816000,35663,86109,121772
1612884098000,35924,86857,122781
1612884397000,36127,87606,123733
1612884698000,36367,87281,123648
1612884997000,36482,88125,124607
1612885299000,36875,89060,125935
1612885605000,37321,89394,126715
1612885898000,37735,89946,127681
1612886197000,38024,90571,128595
1612886498000,38290,90830,129120
1612886797000,38568,91419,129987
1612887098000,38900,92164,131064
1612887397000,39146,92742,131888
1612887699000,39495,93015,132510
1612887997000,39792,93252,133044
1612888298000,40075,93393,133468
1612888597000,40298,93839,134137
1612888898000,40592,94130,134722
1612889197000,40900,93923,134823
1612889498000,41217,93948,135165
1612889797000,41564,93924,135488
1612890098000,41667,94071,135738
1612890397000,41758,94324,136082
1612890698000,41723,89935,131658
1612890997000,42003,91199,133202
1612891298000,42275,92140,134415
1612891598000,42621,92755,135376
1612891898000,42974,93569,136543
1612892197000,40997,94183,135180
1612892499000,41249,94895,136144
1612892801000,41480,95485,136965
1612893119000,41714,96191,137905
1612893397000,41894,96614,138508
1612893699000,42123,96859,138982
1612894001000,42244,97198,139442
1612894299000,42302,98263,140565
1612894597000,42488,98572,141060
1612894899000,42631,99395,142026
1612895197000,42702,99661,142363
1612895499000,42816,100085,142901
1612895797000,42977,100645,143622
1612896099000,43155,101339,144494
1612896397000,43248,101938,145186
1612896699000,43479,102186,145665
1612896997000,43621,100599,144220
1612897299000,43673,101067,144740
1612897597000,43900,101110,145010
1612897899000,44018,101807,145825
1612898197000,44166,101999,146165
1612898499000,44262,103574,147836
1612898803000,44456,104709,149165
1612899099000,44602,105038,149640
1612899397000,44696,105496,150192
1612899697000,44906,105794,150700
1612899997000,44943,106264,151207
1612900297000,45032,106596,151628
1612900597000,45040,106927,151967
1612900899000,45068,107148,152216
1612901197000,45233,107642,152875
1612901499000,45268,107983,153251
1612901797000,45357,108162,153519
1612902097000,45325,108412,153737
1612902397000,45094,107178,152272
1612902697000,45038,107033,152071
1612902997000,45070,107522,152592
1612903299000,45016,107945,152961
1612903597000,44967,107836,152803
1612903897000,45001,108006,153007
1612904197000,45001,107751,152752
1612904497000,44807,107354,152161
1612904797000,44679,107270,151949
1612905099000,44554,106229,150783
1612905397000,44354,106708,151062
1612905699000,44100,106621,150721
1612905997000,44029,106334,150363
1612906297000,43942,106235,150177
1612906597000,43665,105895,149560
1612906897000,43377,105664,149041
1612907197000,43302,105034,148336
1612907497000,43168,104581,147749
1612907797000,42961,104207,147168
1612908097000,42754,103642,146396
1612908397000,42595,103003,145598
1612908699000,42319,102706,145025
1612908997000,42070,102421,144491
1612909297000,41889,101785,143674
1612909598000,41732,101438,143170
1612909897000,41524,100458,141982
1612910197000,41492,100530,142022
1612910497000,41473,100325,141798
1612910797000,41248,99755,141003
1612911109000,41207,99417,140624
1612911397000,41014,98895,139909
1612911697000,40670,98283,138953
1612911997000,40516,97880,138396
1612912297000,40365,97488,137853
1612912597000,40282,97079,137361
1612912897000,40187,97030,137217
1612913197000,40144,96554,136698
1612913497000,40088,96375,136463
1612913798000,39970,96169,136139
1612914097000,39914,95803,135717
1612914397000,39912,95017,134929
1612914697000,39848,94736,134584
1612914997000,39968,93913,133881
1612915297000,40251,94103,134354
1612915597000,40808,93883,134691
1612915897000,40866,93715,134581
1612916197000,40756,93409,134165
1612916497000,40700,93694,134394
1612916797000,40536,93792,134328
1612917097000,40349,93878,134227
1612917397000,40174,94315,134489
1612917697000,40211,94607,134818
1612917997000,40227,94868,135095
1612918297000,40086,95188,135274
1612918597000,39910,95208,135118
1612918897000,39758,95093,134851
1612919197000,39774,95153,134927
1612919503000,39628,95265,134893
1612919797000,39700,94805,134505
1612920097000,39693,95650,135343
1612920397000,39626,95660,135286
1612920697000,39440,95853,135293
1612920997000,39309,96039,135348
1612921297000,39349,96434,135783
1612921597000,39212,96439,135651
1612921897000,39139,95632,134771
1612922197000,39017,96025,135042
1612922497000,38833,96403,135236
1612922797000,38644,96077,134721
1612923097000,38552,95994,134546
1612923397000,38400,95823,134223
1612923697000,38228,95952,134180
1612923997000,37869,95754,133623
1612924297000,37710,94740,132450
1612924597000,37465,93665,131130
1612924897000,37373,94326,131699
1612925197000,37156,94664,131820
1612925497000,37066,94756,131822
1612925797000,36763,94543,131306
1612926097000,36548,94102,130650
1612926397000,36338,93419,129757
1612926697000,36055,92855,128910
1612926997000,35850,92027,127877
1612927297000,35622,92164,127786
1612927597000,35266,91608,126874
1612927897000,34917,90593,125510
1612928197000,34661,90094,124755
1612928497000,34462,89836,124298
1612928797000,34070,89319,123389
1612929097000,33788,88716,122504
1612929397000,33412,87110,120522
1612929697000,33032,86943,119975
1612929997000,32790,86064,118854
1612930297000,32513,85437,117950
1612930597000,32354,84719,117073
1612930897000,31979,83707,115686
1612931197000,31721,82793,114514
1612931497000,31424,82069,113493
1612931797000,31077,80940,112017
1612932097000,30850,80747,111597
1612932397000,30490,80085,110575
1612932697000,30161,79273,109434
1612932996000,29837,78612,108449
1612933297000,29470,77652,107122
1612933597000,29132,76611,105743
1612933897000,28710,75796,104506
1612934197000,28358,74722,103080
1612934497000,27969,73549,101518
1612934797000,27712,73128,100840
1612935097000,27381,72517,99898
1612935397000,27043,71756,98799
1612935697000,26824,71206,98030
1612935727000,26788,71103,97891
1612935997000,26555,70419,96974
1612936297000,26160,69886,96046
1612936597000,25856,68597,94453
1612936897000,25426,67986,93412
1612937197000,25009,66882,91891
1612937497000,24837,66024,90861
1612937797000,24728,65223,89951
1612938097000,24595,64770,89365
1612938397000,24251,63953,88204
1612938697000,23993,63413,87406
1612938997000,23780,62700,86480
1612939297000,23521,61326,84847
1612939597000,23439,61196,84635
1612939897000,23320,60597,83917
1612940197000,23086,59974,83060
1612940497000,22837,59440,82277
1612940797000,22744,58624,81368
1612941097000,22586,58708,81294
1612941396000,22509,57595,80104
1612941697000,22335,58804,81139
1612941998000,22261,59604,81865
1612942297000,22168,59235,81403
1612942597000,22293,58681,80974
1612942897000,22425,58216,80641
1612943197000,22553,57859,80412
1612943497000,22545,57643,80188
1612943797000,22526,57125,79651
1612944097000,22456,55882,78338
1612944397000,22511,56601,79112
1612944697000,21949,56413,78362
1612944998000,21999,56502,78501
1612945297000,22092,56433,78525
1612945597000,22128,56329,78457
1612945897000,22198,56391,78589
1612946197000,22353,56310,78663
1612946497000,22470,56155,78625
1612946797000,22641,56331,78972
1612947097000,22636,56324,78960
1612947397000,22689,56066,78755
1612947697000,22777,56019,78796
1612947997000,22857,56173,79030
1612948297000,22971,56148,79119
1612948597000,22752,56341,79093
1612948897000,22925,55944,78869
1612949197000,22966,56467,79433
1612949497000,22890,56655,79545
1612949797000,22986,56843,79829
1612950097000,23086,57065,80151
1612950397000,23169,57001,80170
1612950697000,23132,56893,80025
1612950997000,23177,57113,80290
1612951297000,23275,56729,80004
1612951597000,23383,57131,80514
1612951897000,23546,57502,81048
1612952197000,23572,57699,81271
1612952497000,23660,57884,81544
1612952797000,23828,57984,81812
1612953097000,23914,58123,82037
1612953397000,24044,58034,82078
1612953697000,24202,58359,82561
1612953997000,24251,58192,82443
1612954296000,24289,58603,82892
1612954597000,24353,58669,83022
1612954897000,24376,58686,83062
1612955197000,24377,58712,83089
1612955497000,24481,58805,83286
1612955797000,24520,58848,83368
1612956097000,24632,58608,83240
1612956397000,24826,59440,84266
1612956697000,24992,59574,84566
1612956997000,25181,59568,84749
1612957297000,25305,60050,85355
1612957597000,25461,60294,85755
1612957897000,25628,60841,86469
1612958197000,25724,61306,87030
1612958497000,25878,61472,87350
1612958797000,27326,61368,88694
1612959097000,26123,62418,88541
1612959397000,26288,62771,89059
1612959697000,26537,63476,90013
1612959997000,26734,64212,90946
1612960297000,26946,64694,91640
1612960597000,27170,65180,92350
1612960896000,27336,65103,92439
1612961197000,27611,66248,93859
1612961497000,27803,67103,94906
1612961797000,28054,67654,95708
1612962098000,28233,68212,96445
1612962397000,28536,68972,97508
1612962697000,28834,70033,98867
1612962997000,29076,70863,99939
1612963297000,29307,71704,101011
1612963597000,29553,71504,101057
1612963897000,29823,73033,102856
1612964197000,30086,73438,103524
1612964497000,30287,74158,104445
1612964797000,30447,74873,105320
1612965097000,30532,75915,106447
1612965397000,30717,76708,107425
1612965697000,30988,77215,108203
1612965997000,31409,77719,109128
1612966297000,31727,78686,110413
1612966597000,31964,79215,111179
1612966897000,32161,79759,111920
1612967197000,32525,80555,113080
1612967498000,32734,81292,114026
1612967797000,33051,81785,114836
1612968097000,33262,82630,115892
1612968397000,33559,82880,116439
1612968697000,33796,84247,118043
1612968997000,33976,85138,119114
1612969297000,34208,85785,119993
1612969597000,34595,86492,121087
1612969897000,34978,87172,122150
1612970197000,35377,87758,123135
1612970497000,35866,88493,124359
1612970797000,36212,88883,125095
1612971097000,36459,89371,125830
1612971397000,36889,90007,126896
1612971697000,37155,90364,127519
1612971997000,37351,90992,128343
1612972297000,37724,91189,128913
1612972597000,38138,91185,129323
1612972898000,38368,91817,130185
1612973197000,38623,91989,130612
1612973497000,38758,91909,130667
1612973797000,39111,92493,131604
1612974097000,39526,92714,132240
1612974397000,39771,91386,131157
1612974697000,39912,91465,131377
1612974997000,40115,91544,131659
1612975297000,38639,91481,130120
1612975597000,38860,91630,130490
1612975901000,38842,92015,130857
1612976197000,38912,92084,130996
1612976497000,39024,91974,130998
1612976797000,39167,92221,131388
1612977097000,39364,92461,131825
1612977398000,39510,92835,132345
1612977697000,39646,93283,132929
1612977997000,39829,89975,129804
1612978297000,39805,91069,130874
1612978597000,40067,92389,132456
1612978897000,40317,93377,133694
1612979197000,40414,93983,134397
1612979497000,40922,94683,135605
1612979797000,41238,95348,136586
1612980097000,41111,95717,136828
1612980397000,41239,96125,137364
1612980697000,41339,96914,138253
1612980997000,41793,97327,139120
1612981297000,42003,97972,139975
1612981597000,42092,98310,140402
1612981897000,41840,98929,140769
1612981927000,41808,98960,140768
1612982197000,42156,99437,141593
1612982497000,42324,99736,142060
1612982797000,42651,100433,143084
1612983098000,42795,100879,143674
1612983397000,42989,99395,142384
1612983697000,43102,99687,142789
1612983997000,43175,100290,143465
1612984300000,43530,101152,144682
1612984597000,43599,101606,145205
1612984897000,43760,102928,146688
1612985197000,43833,104157,147990
1612985497000,43937,104215,148152
1612985798000,44045,104644,148689
1612986097000,44251,104862,149113
1612986397000,44264,105207,149471
1612986697000,44399,105250,149649
1612986997000,44433,105358,149791
1612987297000,44438,105359,149797
1612987597000,44500,105282,149782
1612987897000,44564,105632,150196
1612988197000,44606,105695,150301
1612988497000,44645,105842,150487
1612988797000,44663,106061,150724
1612989097000,44677,106268,150945
1612989397000,44680,106204,150884
1612989697000,44601,106327,150928
1612989997000,44535,105999,150534
1612990297000,44431,105875,150306
1612990597000,44436,105632,150068
1612990897000,44186,105188,149374
1612991197000,43980,105512,149492
1612991497000,44022,104928,148950
1612991797000,43898,104720,148618
1612992097000,43829,104231,148060
1612992397000,43769,104358,148127
1612992697000,43594,104027,147621
1612992997000,43432,103407,146839
1612993297000,43323,103499,146822
1612993597000,43251,102801,146052
1612993905000,43176,102308,145484
1612994197000,42956,101808,144764
1612994503000,42788,101063,143851
1612994797000,42503,100666,143169
1612995098000,42290,100300,142590
1612995397000,42101,99841,141942
1612995697000,41971,99764,141735
1612995997000,41792,99309,141101
1612996297000,41668,99050,140718
1612996598000,41679,98581,140260
1612996897000,41510,97909,139419
1612997197000,41238,97307,138545
1612997497000,41312,97235,138547
1612997797000,41162,97767,138929
1612998097000,40802,96958,137760
1612998399000,40433,96438,136871
1612998698000,40165,95762,135927
1612998998000,39979,96040,136019
1612999297000,39941,95489,135430
1612999597000,39874,95210,135084
1612999897000,39953,94272,134225
1613000197000,39785,94666,134451
1613000497000,39825,94276,134101
1613000797000,39828,93758,133586
1613001097000,39981,93186,133167
1613001397000,40002,93707,133709
1613001696000,40375,93237,133612
1613001997000,40892,93057,133949
1613002297000,40964,92195,133159
1613002597000,40869,92920,133789
1613002897000,40845,93026,133871
1613003197000,40881,93069,133950
1613003497000,40773,92634,133407
1613003797000,40498,93368,133866
1613004097000,40245,93269,133514
1613004397000,40139,93206,133345
1613004697000,40048,92937,132985
1613004997000,40018,93562,133580
1613005297000,39987,93602,133589
1613005597000,39940,93680,133620
1613005905000,39882,93882,133764
1613006197000,39726,94056,133782
1613006497000,39666,94418,134084
1613006797000,39492,94516,134008
1613007097000,39489,94191,133680
1613007398000,39385,94777,134162
1613007697000,39373,95050,134423
1613007997000,39195,94973,134168
1613008297000,39117,94571,133688
1613008599000,38918,95317,134235
1613008897000,38740,94052,132792
1613009197000,38340,93876,132216
1613009497000,38295,93862,132157
1613009797000,38251,93850,132101
1613010097000,37985,93958,131943
1613010397000,37847,93924,131771
1613010697000,37719,93607,131326
1613010997000,37535,93519,131054
1613011297000,37283,93637,130920
1613011597000,37114,93440,130554
1613011897000,36825,93045,129870
1613012197000,36915,92337,129252
1613012497000,36576,91798,128374
1613012799000,36310,91409,127719
1613013097000,36448,91069,127517
1613013397000,36069,90438,126507
1613013697000,35783,90019,125802
1613013997000,35501,89432,124933
1613014297000,35170,89020,124190
1613014597000,34914,88554,123468
1613014897000,34527,88033,122560
1613015197000,34281,87288,121569
1613015497000,33935,86791,120726
1613015797000,33736,86002,119738
1613015826000,33675,85910,119585
1613016097000,33261,85179,118440
1613016397000,32351,84210,116561
1613016698000,34040,83090,117130
1613016997000,33690,82433,116123
1613017297000,33450,81832,115282
1613017597000,33243,81020,114263
1613017897000,33020,79714,112734
1613018197000,32699,79068,111767
1613018497000,32382,78375,110757
1613018797000,32080,77664,109744
1613019097000,31820,77017,108837
1613019397000,31521,76094,107615
1613019697000,31156,75219,106375
1613019997000,30866,74159,105025
1613020297000,30500,73280,103780
1613020597000,30168,72723,102891
1613020897000,29886,71621,101507
1613021197000,29551,70714,100265
1613021497000,29191,69823,99014
1613021797000,28896,69389,98285
1613022097000,28702,68531,97233
1613022397000,28483,68010,96493
1613022697000,28258,67085,95343
1613022997000,28002,66453,94455
1613023297000,27614,65629,93243
1613023597000,27222,64730,91952
1613023897000,26950,64095,91045
1613024197000,26845,62915,89760
1613024497000,26660,62315,88975
1613024797000,26602,61336,87938
1613025097000,26303,60706,87009
1613025397000,26047,59754,85801
1613025697000,25911,59009,84920
1613026002000,25768,58422,84190
1613026297000,25632,57757,83389
1613026596000,25588,56981,82569
1613026897000,25296,56364,81660
1613027197000,25087,55840,80927
1613027496000,24931,55916,80847
1613027797000,24749,55252,80001
1613028097000,24120,55807,79927
1613028397000,24030,56474,80504
1613028697000,23299,55928,79227
1613028997000,22063,55874,77937
1613029297000,22424,55775,78199
1613029597000,21870,55657,77527
1613029897000,22755,55335,78090
1613030197000,21816,55340,77156
1613030497000,21762,55172,76934
1613030797000,21789,55035,76824
1613031097000,21831,54978,76809
1613031397000,21931,55245,77176
1613031697000,21976,55145,77121
1613031997000,22042,54935,76977
1613032297000,22133,54844,76977
1613032597000,22185,54836,77021
1613032897000,22231,54745,76976
1613033197000,22378,54630,77008
1613033497000,22478,54489,76967
1613033797000,22587,54672,77259
1613034097000,22655,54836,77491
1613034397000,22829,54971,77800
1613034697000,22993,55299,78292
1613034997000,22346,55382,77728
1613035297000,22498,55380,77878
1613035597000,22577,55406,77983
1613035626000,22580,55304,77884
1613035897000,22570,54976,77546
1613036197000,22647,55306,77953
1613036497000,22741,55213,77954
1613036797000,22834,55095,77929
1613037097000,22909,55252,78161
1613037397000,22972,55400,78372
1613037697000,22995,55447,78442
1613037997000,23112,55707,78819
1613038297000,23239,55924,79163
1613038597000,23387,56130,79517
1613038907000,23494,56196,79690
1613039197000,23712,56357,80069
1613039497000,23826,56787,80613
1613039797000,24019,57008,81027
1613040097000,24118,57052,81170
1613040397000,24233,57125,81358
1613040697000,24513,57293,81806
1613040997000,24656,57152,81808
1613041297000,24751,56751,81502
1613041597000,23843,56889,80732
1613041897000,23975,57155,81130
1613042197000,24011,57333,81344
1613042498000,24199,57843,82042
1613042797000,24302,58082,82384
1613043097000,24462,58313,82775
1613043397000,24526,58505,83031
1613043697000,24627,58919,83546
1613043997000,24781,59188,83969
1613044297000,24921,59437,84358
1613044597000,24895,59902,84797
1613044897000,25011,60406,85417
1613045209000,25229,60777,86006
1613045497000,25507,61267,86774
1613045797000,25803,61849,87652
1613046097000,26121,62538,88659
1613046397000,26323,62863,89186
1613046697000,26559,63632,90191
1613046997000,26820,64072,90892
1613047297000,27040,64382,91422
1613047597000,27281,64897,92178
1613047897000,27501,65645,93146
1613048197000,27663,66119,93782
1613048497000,27094,66650,93744
1613048797000,27267,67325,94592
1613049097000,27563,68230,95793
1613049397000,27847,69111,96958
1613049697000,28123,69648,97771
1613049997000,28358,70544,98902
1613050297000,28612,71015,99627
1613050597000,28890,71645,100535
1613050897000,29113,72294,101407
1613051197000,29373,72898,102271
1613051497000,29640,73850,103490
1613051797000,29920,74701,104621
1613052097000,30056,75402,105458
1613052397000,30323,76082,106405
1613052697000,30674,76922,107596
1613052997000,30936,77740,108676
1613053297000,31156,78757,109913
1613053597000,31451,79483,110934
1613053897000,31802,80064,111866
1613054197000,32166,81000,113166
1613054497000,32529,81772,114301
1613054797000,32683,82497,115180
1613055097000,32993,83013,116006
1613055397000,33167,83588,116755
1613055697000,33404,84216,117620
1613055997000,33793,84827,118620
1613056297000,34038,85425,119463
1613056597000,34409,85969,120378
1613056897000,34727,86630,121357
1613057197000,35029,87245,122274
1613057497000,35306,87619,122925
1613057797000,35501,88163,123664
1613058097000,35666,88622,124288
1613058397000,35987,88995,124982
1613058697000,36204,89470,125674
1613058997000,36448,89923,126371
1613059298000,36525,90103,126628
1613059598000,36835,90832,127667
1613059898000,37172,91656,128828
1613060197000,37389,92337,129726
1613060497000,37664,92593,130257
1613060801000,38022,92518,130540
1613061097000,38292,92646,130938
1613061397000,38626,93259,131885
1613061697000,38979,93381,132360
1613061997000,39243,94015,133258
1613062297000,39586,94329,133915
1613062597000,39786,94517,134303
1613062897000,39930,94547,134477
1613063197000,40282,94790,135072
1613063497000,40520,95097,135617
1613063798000,40930,95344,136274
1613064097000,41497,95636,137133
1613064397000,41726,96038,137764
1613064697000,42003,96197,138200
1613064997000,43105,96057,139162
1613065297000,43364,96446,139810
1613065597000,43607,96890,140497
1613065897000,44863,97170,142033
1613066197000,45110,97665,142775
1613066497000,45268,97899,143167
1613066797000,45590,98083,143673
1613067097000,45900,98518,144418
1613067397000,46181,99059,145240
1613067697000,46305,99597,145902
1613067997000,46575,99989,146564
1613068297000,46840,100433,147273
1613068597000,47145,100454,147599
1613068897000,47394,101224,148618
1613069197000,47590,101993,149583
1613069497000,47818,102293,150111
1613069797000,48025,100688,148713
1613070097000,48098,100921,149019
1613070397000,48173,101463,149636
1613070697000,45254,102151,147405
1613070997000,45502,102222,147724
1613071296000,45588,104067,149655
1613071597000,45582,105162,150744
1613071897000,45664,105740,151404
1613072197000,45832,105516,151348
1613072497000,46084,105808,151892
1613072797000,46420,106327,152747
1613073097000,46696,106344,153040
1613073397000,46972,106321,153293
1613073698000,47044,106499,153543
1613073997000,47288,106680,153968
1613074297000,47419,107012,154431
1613074597000,47529,107213,154742
1613074897000,47769,107322,155091
1613075197000,47902,107104,155006
1613075497000,48041,107179,155220
1613075798000,48115,106338,154453
1613076097000,48126,106803,154929
1613076397000,46448,107014,153462
1613076697000,46439,107087,153526
1613076997000,46410,107002,153412
1613077297000,46181,106750,152931
1613077597000,46162,106250,152412
1613077897000,46056,106013,152069
1613078197000,45867,105890,151757
1613078497000,45721,105472,151193
1613078797000,45597,105418,151015
1613079097000,45481,105153,150634
1613079397000,45350,105101,150451
1613079697000,45417,104900,150317
1613079997000,45292,104738,150030
1613080297000,45175,104585,149760
1613080597000,44924,103894,148818
1613080897000,44679,103606,148285
1613081197000,44482,103345,147827
1613081497000,44107,103108,147215
1613081797000,43873,102584,146457
1613082098000,43678,102262,145940
1613082397000,43637,101838,145475
1613082697000,43501,101449,144950
1613082997000,43314,101055,144369
1613083297000,43269,100862,144131
1613083597000,43062,100441,143503
1613083897000,43018,99971,142989
1613084197000,42915,99730,142645
1613084497000,42744,98949,141693
1613084797000,42522,98345,140867
1613085097000,42562,98166,140728
1613085397000,42409,97677,140086
1613085697000,42380,97401,139781
1613085997000,42276,96996,139272
1613086297000,42119,96894,139013
1613086597000,42035,96611,138646
1613086897000,41970,95826,137796
1613087197000,41865,95794,137659
1613087497000,41857,95782,137639
1613087797000,41760,95741,137501
1613088097000,41921,95346,137267
1613088397000,42254,95055,137309
1613088697000,42436,95165,137601
1613088997000,42401,95255,137656
1613089297000,42361,95296,137657
1613089597000,42244,95091,137335
1613089897000,42108,95099,137207
1613090197000,42018,94937,136955
1613090497000,41881,94917,136798
1613090797000,41764,95054,136818
1613091097000,41605,95069,136674
1613091397000,41365,94720,136085
1613091697000,41259,94655,135914
1613091997000,41022,94778,135800
1613092297000,40882,94849,135731
1613092597000,40738,94407,135145
1613092897000,40668,94527,135195
1613093197000,40541,94753,135294
1613093497000,40453,94823,135276
1613093799000,40378,94916,135294
1613094099000,40255,94592,134847
1613094397000,40236,94749,134985
1613094697000,40135,94898,135033
1613094997000,39942,94970,134912
1613095297000,39800,94992,134792
1613095597000,39700,95124,134824
1613095897000,39525,94830,134355
1613096197000,39419,94952,134371
1613096497000,39234,94796,134030
1613096797000,39114,94665,133779
1613097097000,38948,94606,133554
1613097397000,38797,94592,133389
1613097697000,38698,94589,133287
1613097997000,38533,94398,132931
1613098297000,38324,94100,132424
1613098597000,38148,93955,132103
1613098897000,37723,93674,131397
1613099197000,37487,93050,130537
1613099497000,37167,92679,129846
1613099797000,37112,92178,129290
1613100097000,36777,91539,128316
1613100397000,36607,90814,127421
1613100697000,36319,89930,126249
1613100997000,36080,89653,125733
1613101297000,35984,89213,125197
1613101597000,35654,88600,124254
1613101897000,35447,88118,123565
1613102197000,35074,87450,122524
1613102497000,34739,86688,121427
1613102797000,34368,85529,119897
1613103097000,34045,85134,119179
1613103397000,33777,84518,118295
1613103697000,33466,83638,117104
1613103997000,33139,82786,115925
1613104297000,32702,81976,114678
1613104597000,32401,81126,113527
1613104899000,32075,80617,112692
1613105197000,31732,79656,111388
1613105497000,31489,78754,110243
1613105797000,31167,78370,109537
1613106097000,30942,77562,108504
1613106397000,30580,76604,107184
1613106697000,30249,75770,106019
1613106996000,30006,74981,104987
1613107297000,29732,74545,104277
1613107597000,29445,74062,103507
1613107897000,29133,72926,102059
1613108200000,28881,72226,101107
1613108497000,28545,71552,100097
1613108797000,27895,70683,98578
1613109097000,27593,70204,97797
1613109397000,27272,69232,96504
1613109697000,26986,68375,95361
1613109997000,26601,67574,94175
1613110297000,26379,66415,92794
1613110597000,26318,65744,92062
1613110897000,26211,64731,90942
1613111197000,25899,63385,89284
1613111497000,25605,62347,87952
1613111797000,25431,61423,86854
1613112097000,25267,60867,86134
1613112397000,25109,59802,84911
1613112697000,24846,59457,84303
1613112997000,24652,58753,83405
1613113297000,24475,58610,83085
1613113597000,24231,57833,82064
1613113897000,24135,57638,81773
1613114197000,23941,57068,81009
1613114497000,23890,57646,81536
1613114797000,23889,58165,82054
1613115097000,22549,58308,80857
1613115397000,22206,57581,79787
1613115697000,22160,57721,79881
1613115997000,22069,57432,79501
1613116297000,22125,57213,79338
1613116597000,22144,57371,79515
1613116897000,21985,56954,78939
1613117197000,21897,56673,78570
1613117497000,21901,56221,78122
1613117797000,21963,56489,78452
1613118097000,21545,56388,77933
1613118397000,21539,56241,77780
1613118697000,21618,55924,77542
1613118997000,21784,55639,77423
1613119297000,22006,55757,77763
1613119597000,22154,55665,77819
1613119897000,22311,55590,77901
1613120197000,22462,55855,78317
1613120497000,22537,55794,78331
1613120797000,22610,55957,78567
1613121097000,22795,56020,78815
1613121397000,22879,56129,79008
1613121697000,23074,56193,79267
1613121997000,23110,56180,79290
1613122297000,26029,56127,82156
1613122597000,23306,56282,79588
1613122897000,23489,56563,80052
1613123197000,23592,56700,80292
1613123497000,23695,56928,80623
1613123797000,23858,57175,81033
1613124097000,22755,57264,80019
1613124397000,22905,57603,80508
1613124697000,22930,57821,80751
1613124997000,22995,57783,80778
1613125297000,23112,58272,81384
1613125597000,23246,58617,81863
1613125897000,23464,58792,82256
1613126197000,23570,58617,82187
1613126497000,23657,58523,82180
1613126798000,23970,58515,82485
1613127097000,24140,58852,82992
1613127397000,24335,58788,83123
1613127697000,24551,58977,83528
1613127997000,24797,58351,83148
1613128297000,24821,58393,83214
1613128597000,25004,58541,83545
1613128897000,25052,58686,83738
1613129197000,25248,58996,84244
1613129497000,25309,59497,84806
1613129797000,24655,59901,84556
1613130097000,24741,60192,84933
1613130397000,24844,60082,84926
1613130697000,24959,60657,85616
1613130997000,25153,61296,86449
1613131297000,25262,61675,86937
1613131597000,25411,62143,87554
1613131897000,25592,62651,88243
1613132197000,25815,63058,88873
1613132497000,25967,63917,89884
1613132797000,26246,64474,90720
1613133097000,26569,64985,91554
1613133397000,26799,65391,92190
1613133697000,27077,65939,93016
1613133997000,27348,66461,93809
1613134297000,27556,66946,94502
1613134597000,27702,67469,95171
1613134897000,27982,67781,95763
1613135197000,28443,68566,97009
1613135497000,28721,68990,97711
1613135797000,29213,70006,99219
1613136097000,29599,70612,100211
1613136397000,29897,71430,101327
1613136697000,30141,72157,102298
1613136997000,30453,73085,103538
1613137297000,29586,73551,103137
1613137597000,29813,74171,103984
1613137897000,29963,74726,104689
1613138197000,30320,75316,105636
1613138497000,30463,75874,106337
1613138797000,30625,76844,107469
1613139097000,30862,77719,108581
1613139398000,31163,78625,109788
1613139697000,31597,79553,111150
1613139997000,31804,79883,111687
1613140297000,32042,80318,112360
1613140597000,32327,81415,113742
1613140897000,32435,82063,114498
1613141197000,32689,81977,114666
1613141497000,33071,82591,115662
1613141797000,33261,83268,116529
1613142097000,33597,83824,117421
1613142397000,33836,84409,118245
1613142697000,34161,85290,119451
1613142997000,34307,86176,120483
1613143297000,34548,86683,121231
1613143597000,34470,87695,122165
1613143897000,34800,87883,122683
1613144197000,35050,88529,123579
1613144497000,35210,88760,123970
1613144797000,35344,88863,124207
1613145097000,35564,89307,124871
1613145397000,35792,88831,124623
1613145698000,35999,89079,125078
1613145997000,35889,88501,124390
1613146297000,36210,89320,125530
1613146597000,36464,89716,126180
1613146897000,36601,90083,126684
1613147197000,38878,90631,129509
1613147497000,37128,90670,127798
1613147797000,37536,90628,128164
1613148097000,37829,90651,128480
1613148397000,37877,90922,128799
1613148698000,38699,91210,129909
1613148997000,38941,90866,129807
1613149297000,40037,91123,131160
1613149597000,40189,91228,131417
1613149897000,40302,90971,131273
1613150197000,40485,91319,131804
1613150497000,40681,91648,132329
1613150797000,40807,91738,132545
1613151097000,40925,91620,132545
1613151397000,41084,91420,132504
1613151697000,41191,91697,132888
1613151997000,41390,91568,132958
1613152297000,41674,92279,133953
1613152597000,41723,92599,134322
1613152898000,41835,92631,134466
1613153197000,41972,93311,135283
1613153497000,42344,93731,136075
1613153797000,42649,94341,136990
1613154097000,43021,93396,136417
1613154397000,43348,93935,137283
1613154697000,43476,94184,137660
1613154997000,43667,94647,138314
1613155297000,43937,95461,139398
1613155597000,44216,96260,140476
1613155897000,44427,97027,141454
1613156197000,44603,95495,140098
1613156497000,44852,95841,140693
1613156797000,45103,96152,141255
1613157097000,43697,96787,140484
1613157397000,43772,97387,141159
1613157697000,43872,98123,141995
1613157997000,44080,98277,142357
1613158297000,44189,98835,143024
1613158597000,44267,99480,143747
1613158897000,44412,99973,144385
1613159197000,44508,100383,144891
1613159497000,44569,100660,145229
1613159797000,44767,100904,145671
1613160097000,44822,101054,145876
1613160397000,44854,101628,146482
1613160697000,45016,102090,147106
1613160997000,45176,102562,147738
1613161297000,45225,102705,147930
1613161597000,45288,102848,148136
1613161897000,45395,102971,148366
1613162197000,45539,103239,148778
1613162497000,45664,103292,148956
1613162797000,45679,103647,149326
1613163097000,45676,103707,149383
1613163397000,45731,103886,149617
1613163697000,45619,103673,149292
1613163997000,45727,103362,149089
1613164296000,45732,103444,149176
1613164597000,45724,103588,149312
1613164897000,45772,103252,149024
1613165197000,45722,103582,149304
1613165497000,45735,103393,149128
1613165797000,45697,103347,149044
1613166097000,45703,103229,148932
1613166397000,45652,103128,148780
1613166697000,45598,103095,148693
1613166997000,45525,102844,148369
1613167297000,45332,102432,147764
1613167597000,45254,102115,147369
1613167897000,44984,101725,146709
1613168197000,44777,101654,146431
1613168497000,44672,101331,146003
1613168798000,44593,101069,145662
1613169097000,44397,100698,145095
1613169397000,44369,100425,144794
1613169697000,44377,100043,144420
1613169997000,44391,99742,144133
1613170297000,44189,99566,143755
1613170597000,43842,98956,142798
1613170897000,43723,98186,141909
1613171197000,43493,97506,140999
1613171497000,43318,96924,140242
1613171797000,43337,96814,140151
1613172098000,43302,96266,139568
1613172397000,43294,96054,139348
1613172697000,43189,95545,138734
1613172997000,43099,95429,138528
1613173297000,42970,95095,138065
1613173597000,42942,94935,137877
1613173897000,42772,94617,137389
1613174209000,42822,94161,136983
1613174497000,42975,93454,136429
1613174797000,43260,93374,136634
1613175097000,43295,93119,136414
1613175397000,43203,92959,136162
1613175697000,43080,92769,135849
1613175997000,42873,92733,135606
1613176297000,42645,92545,135190
1613176597000,42357,92460,134817
1613176897000,42287,92535,134822
1613177197000,42099,92531,134630
1613177497000,41980,92346,134326
1613177797000,41855,92298,134153
1613178097000,41785,91947,133732
1613178397000,41688,91919,133607
1613178697000,41564,92070,133634
1613178997000,41391,92045,133436
1613179297000,41166,92042,133208
1613179597000,41152,92059,133211
1613179897000,40947,91813,132760
1613180197000,40815,91784,132599
1613180497000,40676,91799,132475
1613180797000,40506,91924,132430
1613181097000,40360,91917,132277
1613181397000,40180,91619,131799
1613181697000,39942,91751,131693
1613181997000,39823,91665,131488
1613182297000,39810,91513,131323
1613182597000,39762,91475,131237
1613182897000,39635,91583,131218
1613183197000,39561,91276,130837
1613183497000,39384,91237,130621
1613183797000,39273,91643,130916
1613184097000,39332,92122,131454
1613184397000,39156,92205,131361
1613184698000,38997,92395,131392
1613184997000,38725,92129,130854
1613185297000,38508,91791,130299
1613185597000,38291,89934,128225
1613185897000,38109,90820,128929
1613186197000,37928,91234,129162
1613186497000,37692,92276,129968
1613186797000,37579,92750,130329
1613187097000,37355,92380,129735
1613187397000,37132,92189,129321
1613187697000,37002,92021,129023
1613187997000,36894,91662,128556
1613188297000,36752,91405,128157
1613188597000,36526,90837,127363
1613188897000,36274,90383,126657
1613189197000,36091,89819,125910
1613189497000,35828,89199,125027
1613189797000,35607,88617,124224
1613190097000,35387,88090,123477
1613190397000,35232,87422,122654
1613190697000,34921,85964,120885
1613190997000,34677,85981,120658
1613191297000,34373,85813,120186
1613191598000,34089,85258,119347
1613191897000,33846,84622,118468
1613192197000,33441,83789,117230
1613192497000,32726,83115,115841
1613192797000,32307,82419,114726
1613193097000,31907,81846,113753
1613193397000,31580,81022,112602
1613193699000,31292,80447,111739
1613193997000,31022,79590,110612
1613194297000,30727,78748,109475
1613194597000,30389,78093,108482
1613194897000,30160,77321,107481
1613195197000,29912,76597,106509
1613195497000,29663,74125,103788
1613195797000,29290,74535,103825
1613196097000,28984,74164,103148
1613196397000,28421,73260,101681
1613196697000,28218,72220,100438
1613196997000,28038,71085,99123
1613197297000,27863,70045,97908
1613197596000,27596,68902,96498
1613197897000,27308,68025,95333
1613198197000,27118,67001,94119
1613198497000,26819,66290,93109
1613198797000,26576,65655,92231
1613199097000,26390,64747,91137
1613199397000,26082,64347,90429
1613199697000,25926,63631,89557
1613199997000,25730,63189,88919
1613200297000,25413,60719,86132
1613200597000,25306,61348,86654
1613200897000,25118,62447,87565
1613201197000,24981,62947,87928
1613201497000,24897,62739,87636
1613201797000,22950,62174,85124
1613202097000,22768,61853,84621
1613202398000,22845,61447,84292
1613202697000,22968,61123,84091
1613202997000,23397,61093,84490
1613203297000,22604,60665,83269
1613203597000,22579,60409,82988
1613203897000,22468,60142,82610
1613204197000,22298,60000,82298
1613204497000,22313,59713,82026
1613204797000,22271,59681,81952
1613205097000,22279,59189,81468
1613205397000,22326,58500,80826
1613205697000,22301,59007,81308
1613205997000,22323,58971,81294
1613206297000,22300,58729,81029
1613206597000,22356,58672,81028
1613206897000,22333,58699,81032
1613207197000,22366,58196,80562
1613207497000,22410,58325,80735
1613207797000,22503,58340,80843
1613208097000,22506,58521,81027
1613208397000,22558,58431,80989
1613208697000,22690,58424,81114
1613208997000,22723,58584,81307
1613209297000,22882,58437,81319
1613209597000,22953,58378,81331
1613209897000,23026,58091,81117
1613210197000,23107,56969,80076
1613210497000,23195,57945,81140
1613210797000,23279,57994,81273
1613211097000,23345,58085,81430
1613211397000,23571,58264,81835
1613211697000,23684,58569,82253
1613211997000,23900,58857,82757
1613212297000,24013,59051,83064
1613212597000,24105,59343,83448
1613212897000,24249,59705,83954
1613213197000,24206,59996,84202
1613213497000,24288,60031,84319
1613213797000,24303,60137,84440
1613214097000,24426,60448,84874
1613214397000,24632,60615,85247
1613214697000,24892,60937,85829
1613214997000,24967,59811,84778
1613215297000,25133,60751,85884
1613215597000,25307,61739,87046
1613215897000,25396,62171,87567
1613216197000,25515,62545,88060
1613216497000,25510,62791,88301
1613216797000,25680,63048,88728
1613217097000,25725,63363,89088
1613217397000,25988,63781,89769
1613217697000,26195,63912,90107
1613217997000,26384,64210,90594
1613218297000,26679,64673,91352
1613218597000,26917,65291,92208
1613218897000,27154,65848,93002
1613219197000,27329,66313,93642
1613219497000,27509,66744,94253
1613219797000,27652,65711,93363
1613220097000,27890,66712,94602
1613220397000,28113,68025,96138
1613220697000,28323,68877,97200
1613220997000,28516,69350,97866
1613221297000,28604,70014,98618
1613221597000,28792,70311,99103
1613221897000,29066,70966,100032
1613222197000,29365,71645,101010
1613222497000,29581,72322,101903
1613222797000,29861,73071,102932
1613223097000,30110,73638,103748
1613223397000,30360,74096,104456
1613223697000,30561,74764,105325
1613223997000,30814,75524,106338
1613224297000,31186,76030,107216
1613224597000,31448,75600,107048
1613224897000,31761,76209,107970
1613225197000,32091,77343,109434
1613225497000,32351,78307,110658
1613225797000,32640,79226,111866
1613226097000,32976,80083,113059
1613226397000,33183,80583,113766
1613226697000,33513,81567,115080
1613226997000,33821,82125,115946
1613227297000,34088,82906,116994
1613227598000,34332,83674,118006
1613227897000,34605,84287,118892
1613228197000,34936,85016,119952
1613228497000,35238,85610,120848
1613228797000,35437,86353,121790
1613229097000,35810,86873,122683
1613229397000,36024,87703,123727
1613229697000,36363,87020,123383
1613229997000,36733,87881,124614
1613230297000,36986,88911,125897
1613230597000,37330,89687,127017
1613230897000,37713,90827,128540
1613231197000,38003,91394,129397
1613231497000,38059,91672,129731
1613231797000,38462,91972,130434
1613232097000,38759,90589,129348
1613232397000,39016,91179,130195
1613232697000,39121,91729,130850
1613232997000,39315,92300,131615
1613233297000,39641,92676,132317
1613233597000,40106,93062,133168
1613233897000,40041,93417,133458
1613234197000,40559,93745,134304
1613234497000,40572,93764,134336
1613234797000,41130,94069,135199
1613235097000,41249,94259,135508
1613235397000,41376,94302,135678
1613235697000,42567,94449,137016
1613235997000,42747,94876,137623
1613236297000,42847,95108,137955
1613236597000,43006,95369,138375
1613236897000,43107,95482,138589
1613237198000,43238,95740,138978
1613237497000,43342,95783,139125
1613237797000,43491,96026,139517
1613238097000,43715,96685,140400
1613238397000,43876,97161,141037
1613238697000,44028,97576,141604
1613238998000,44261,97807,142068
1613239297000,44280,98029,142309
1613239597000,44457,98287,142744
1613239897000,44440,98604,143044
1613240197000,44514,98957,143471
1613240497000,44565,99402,143967
1613240797000,44820,99796,144616
1613241097000,44949,100134,145083
1613241397000,45042,100566,145608
1613241697000,45280,101017,146297
1613241997000,45427,100985,146412
1613242297000,45755,101716,147471
1613242597000,45870,100242,146112
1613242897000,46016,100254,146270
1613243197000,46120,100498,146618
1613243498000,46257,101088,147345
1613243797000,46504,101282,147786
1613244098000,46670,102194,148864
1613244397000,46744,103564,150308
1613244697000,46850,104466,151316
1613244997000,47029,104474,151503
1613245297000,47126,104981,152107
1613245597000,47284,105505,152789
1613245897000,47387,106176,153563
1613246197000,47564,106659,154223
1613246497000,47618,107145,154763
1613246797000,47668,107571,155239
1613247097000,47628,107378,155006
1613247397000,47689,107629,155318
1613247697000,47899,107963,155862
1613247997000,47881,107885,155766
1613248297000,48008,107730,155738
1613248597000,48008,108071,156079
1613248897000,48076,108226,156302
1613249197000,48087,108190,156277
1613249497000,48141,108239,156380
1613249797000,48133,107473,155606
1613250097000,48215,107562,155777
1613250397000,48145,107357,155502
1613250697000,48180,107622,155802
1613250997000,48111,108101,156212
1613251297000,48141,108439,156580
1613251597000,48185,108464,156649
1613251897000,48148,108388,156536
1613252197000,48073,108548,156621
1613252497000,48138,108382,156520
1613252797000,48630,108017,156647
1613253097000,48096,107974,156070
1613253397000,48123,107671,155794
1613253697000,47913,107338,155251
1613253997000,47801,106350,154151
1613254297000,47553,106289,153842
1613254597000,47403,105179,152582
1613254897000,47245,104918,152163
1613255197000,47220,104772,151992
1613255497000,47047,104284,151331
1613255797000,47067,104268,151335
1613256097000,46935,104317,151252
1613256397000,46874,104145,151019
1613256697000,46675,103712,150387
1613256997000,46642,103186,149828
1613257297000,46537,102514,149051
1613257597000,46264,101999,148263
1613257897000,46126,101609,147735
1613258197000,45927,101246,147173
1613258497000,45762,100939,146701
1613258797000,45538,100271,145809
1613259097000,45228,99593,144821
1613259397000,45134,99354,144488
1613259697000,45002,97901,142903
1613259997000,44773,97633,142406
1613260297000,44670,97825,142495
1613260597000,44651,97659,142310
1613260897000,44718,97365,142083
1613261197000,44968,97076,142044
1613261497000,44880,97134,142014
1613261797000,44747,97042,141789
1613262097000,44496,96722,141218
1613262397000,44151,96522,140673
1613262697000,43892,96518,140410
1613262997000,43734,96170,139904
1613263297000,43425,95959,139384
1613263597000,43174,95926,139100
1613263897000,43101,95716,138817
1613264197000,42929,95436,138365
1613264497000,42722,93988,136710
1613264797000,42425,93928,136353
1613265097000,42256,94030,136286
1613265397000,42094,93751,135845
1613265697000,41962,94772,136734
1613265997000,41743,93915,135658
1613266300000,41682,95014,136696
1613266597000,41445,95173,136618
1613266897000,41320,95101,136421
1613267196000,41167,94993,136160
1613267497000,41085,94763,135848
1613267797000,41000,94834,135834
1613268097000,40722,94898,135620
1613268397000,40644,94829,135473
1613268697000,40417,94938,135355
1613268997000,40200,94757,134957
1613269297000,40009,94692,134701
1613269597000,39839,93144,132983
1613269897000,39666,93796,133462
1613270197000,39523,94502,134025
1613270497000,39345,94458,133803
1613270797000,39204,92264,131468
1613271105000,39023,92759,131782
1613271397000,38941,92864,131805
1613271697000,38795,92804,131599
1613271997000,38639,92590,131229
1613272297000,38402,92522,130924
1613272597000,38327,92540,130867
1613272897000,38179,92451,130630
1613273197000,38009,92127,130136
1613273497000,37831,92196,130027
1613273797000,37635,91863,129498
1613274097000,37471,91619,129090
1613274397000,37256,91388,128644
1613274697000,36931,89718,126649
1613274997000,36822,89879,126701
1613275297000,36503,89590,126093
1613275597000,36187,88928,125115
1613275897000,35944,88382,124326
1613276207000,35697,88029,123726
1613276497000,35497,87388,122885
1613276797000,35301,86800,122101
1613277097000,35050,86162,121212
1613277397000,34817,85669,120486
1613277697000,34553,85304,119857
1613277997000,34245,84677,118922
1613278297000,34066,83904,117970
1613278597000,33738,83351,117089
1613278897000,33470,82677,116147
1613279197000,33254,82157,115411
1613279497000,32809,80387,113196
1613279797000,32529,79881,112410
1613280097000,32273,79861,112134
1613280397000,31982,79623,111605
1613280697000,31673,78843,110516
1613280997000,31392,78041,109433
1613281298000,31072,77295,108367
1613281597000,30635,76434,107069
1613281897000,30286,75680,105966
1613282197000,30022,75084,105106
1613282498000,29727,74283,104010
1613282797000,29346,73585,102931
1613283097000,29047,72528,101575
1613283397000,28880,71327,100207
1613283697000,28654,70402,99056
1613283997000,28373,69289,97662
1613284297000,28178,67251,95429
1613284597000,27848,66934,94782
1613284897000,27553,66903,94456
1613285197000,27355,65944,93299
1613285497000,27212,65162,92374
1613285797000,27088,64499,91587
1613286097000,26823,63755,90578
1613286397000,26596,62927,89523
1613286697000,26327,62629,88956
1613286997000,26172,61913,88085
1613287297000,25966,62080,88046
1613287597000,25757,62785,88542
1613287897000,23918,62624,86542
1613288197000,24010,62231,86241
1613288497000,23880,61953,85833
1613288797000,23616,61912,85528
1613289097000,23581,60530,84111
1613289397000,23463,60247,83710
1613289697000,23327,60738,84065
1613289997000,23344,60466,83810
1613290297000,23235,60522,83757
1613290597000,23209,60351,83560
1613290897000,23162,60230,83392
1613291197000,23011,59822,82833
1613291497000,22759,59412,82171
1613291797000,22828,59043,81871
1613292097000,22856,58784,81640
1613292397000,22847,58571,81418
1613292697000,22887,58364,81251
1613292997000,22953,58391,81344
1613293297000,22988,58315,81303
1613293597000,23042,58222,81264
1613293897000,23122,58086,81208
1613294197000,23200,57227,80427
1613294497000,23357,58187,81544
1613294797000,23375,58335,81710
1613295097000,23432,58087,81519
1613295397000,23554,58012,81566
1613295697000,23639,57968,81607
1613295997000,23777,58159,81936
1613296297000,23887,58334,82221
1613296597000,23881,58301,82182
1613296897000,23928,58311,82239
1613297197000,24066,58111,82177
1613297497000,24132,58132,82264
1613297797000,24217,58298,82515
1613298097000,24305,58520,82825
1613298397000,24425,58683,83108
1613298697000,24463,58686,83149
1613298997000,24720,57409,82129
1613299297000,24833,57769,82602
1613299597000,28404,57739,86143
1613299897000,25696,58132,83828
1613300197000,25318,58306,83624
1613300497000,25408,58504,83912
1613300797000,25487,58661,84148
1613301097000,25638,59093,84731
1613301397000,25718,59215,84933
1613301697000,25839,59460,85299
1613301998000,25924,59761,85685
1613302297000,26041,59988,86029
1613302597000,26201,60439,86640
1613302897000,26364,60597,86961
1613303197000,26562,60927,87489
1613303497000,26801,61459,88260
1613303797000,27011,61647,88658
1613304097000,27256,62030,89286
1613304397000,27387,62338,89725
1613304697000,27491,62539,90030
1613304997000,27558,62747,90305
1613305297000,27717,63261,90978
1613305597000,27914,63907,91821
1613305897000,28049,64332,92381
1613306197000,28154,64741,92895
1613306497000,28345,65146,93491
1613306797000,28574,65641,94215
1613307097000,28904,66133,95037
1613307397000,29046,66790,95836
1613307697000,29257,67116,96373
1613307997000,29422,67606,97028
1613308297000,29646,68166,97812
1613308597000,29887,68689,98576
1613308897000,30123,69420,99543
1613309197000,30351,70016,100367
1613309497000,30489,70508,100997
1613309797000,30763,71080,101843
1613310097000,31022,71442,102464
1613310397000,31395,72128,103523
1613310696000,31679,72973,104652
1613310997000,31999,73756,105755
1613311297000,32194,74309,106503
1613311597000,32460,74698,107158
1613311897000,32777,75590,108367
1613312197000,33116,76322,109438
1613312497000,33441,77252,110693
1613312797000,33654,78049,111703
1613313097000,33958,78660,112618
1613313397000,34359,79455,113814
1613313697000,34705,80317,115022
1613313997000,34972,81026,115998
1613314297000,35327,81805,117132
1613314597000,35696,82534,118230
1613314897000,35973,82942,118915
1613315197000,36345,83423,119768
1613315497000,36514,84165,120679
1613315797000,36745,84796,121541
1613316097000,37051,85388,122439
1613316397000,37408,86236,123644
1613316697000,37761,86930,124691
1613316997000,38141,87478,125619
1613317297000,38473,88018,126491
1613317597000,38737,88380,127117
1613317900000,38915,88977,127892
1613318197000,39233,89220,128453
1613318497000,39494,89441,128935
1613318797000,39700,90251,129951
1613319097000,39976,90897,130873
1613319397000,42031,91473,133504
1613319697000,40308,91857,132165
1613319997000,40533,92174,132707
1613320297000,40728,92567,133295
1613320597000,40923,92856,133779
1613320897000,41072,93049,134121
1613321197000,41238,93810,135048
1613321497000,41439,93892,135331
1613321797000,41743,93588,135331
1613322097000,41861,93568,135429
1613322397000,41991,93690,135681
1613322697000,42256,94080,136336
1613322997000,42434,94128,136562
1613323297000,42753,94404,137157
1613323597000,42874,94860,137734
1613323897000,43032,95208,138240
1613324197000,43343,95409,138752
1613324497000,44791,95754,140545
1613324797000,44935,96281,141216
1613325097000,45065,96425,141490
1613325397000,45313,96887,142200
1613325698000,45363,97244,142607
1613325997000,45529,97449,142978
1613326297000,45713,97983,143696
1613326597000,45786,98497,144283
1613326897000,45897,99002,144899
1613327197000,46055,99937,145992
1613327497000,46273,100404,146677
1613327797000,46458,100923,147381
1613328097000,46571,101071,147642
1613328397000,46786,101955,148741
1613328697000,46972,102231,149203
1613328997000,47227,100794,148021
1613329297000,47377,100560,147937
1613329597000,47687,101502,149189
1613329897000,47794,101957,149751
1613330197000,47926,102683,150609
1613330497000,48009,103127,151136
1613330797000,48158,104345,152503
1613331097000,48229,105822,154051
1613331397000,48273,105477,153750
1613331697000,48418,105724,154142
1613331997000,48592,106031,154623
1613332297000,48735,106602,155337
1613332597000,48880,107066,155946
1613332897000,48939,107325,156264
1613333197000,48787,107174,155961
1613333497000,48902,107262,156164
1613333797000,48885,107362,156247
1613334097000,49011,107440,156451
1613334397000,48990,107597,156587
1613334697000,49007,107674,156681
1613334997000,49115,107858,156973
1613335297000,49144,107774,156918
1613335597000,49160,107767,156927
1613335897000,49117,107848,156965
1613336197000,48992,107440,156432
1613336497000,48965,107305,156270
1613336797000,48873,107135,156008
1613337097000,48744,106831,155575
1613337397000,48661,106702,155363
1613337697000,48414,105984,154398
1613337997000,48444,106199,154643
1613338297000,48187,105895,154082
1613338597000,48111,105454,153565
1613338897000,47940,105163,153103
1613339197000,47746,105005,152751
1613339497000,47492,104629,152121
1613339797000,47336,103927,151263
1613340098000,47191,103214,150405
1613340397000,46858,102678,149536
1613340697000,46567,102189,148756
1613340997000,46362,101939,148301
1613341297000,46269,101482,147751
1613341597000,45935,100852,146787
1613341897000,45712,100398,146110
1613342197000,45382,99832,145214
1613342497000,45280,99212,144492
1613342797000,45057,98714,143771
1613343097000,44773,98131,142904
1613343397000,44625,97452,142077
1613343697000,44284,96437,140721
1613343997000,44035,95791,139826
1613344297000,43811,95244,139055
1613344597000,43683,95277,138960
1613344897000,43394,95139,138533
1613345197000,43313,94934,138247
1613345497000,43146,94566,137712
1613345797000,42992,94317,137309
1613346097000,42790,94131,136921
1613346396000,42719,93473,136192
1613346697000,42674,93325,135999
1613346997000,42728,92933,135661
1613347297000,42938,92697,135635
1613347597000,43400,92415,135815
1613347897000,43342,91721,135063
1613348197000,43277,90410,133687
1613348497000,43151,90305,133456
1613348797000,43096,90224,133320
1613349097000,42968,90077,133045
1613349397000,42712,89836,132548
1613349697000,42417,89936,132353
1613349997000,42201,89931,132132
1613350297000,42100,89904,132004
1613350597000,41950,90309,132259
1613350897000,41681,91291,132972
1613351197000,41594,91088,132682
1613351497000,41431,91431,132862
1613351796000,41267,91440,132707
1613352097000,41207,90195,131402
1613352397000,41185,90021,131206
1613352698000,41077,91456,132533
1613352997000,40870,91513,132383
1613353297000,40724,91420,132144
1613353597000,40641,91656,132297
1613353897000,40357,91745,132102
1613354197000,40245,91601,131846
1613354497000,40170,91538,131708
1613354797000,39985,91377,131362
1613355097000,39624,91540,131164
1613355397000,39629,91280,130909
1613355697000,39466,91491,130957
1613355997000,38208,91346,129554
1613356297000,37807,91162,128969
1613356597000,37954,91112,129066
1613356897000,37383,91075,128458
1613357197000,37229,89556,126785
1613357497000,37052,90594,127646
1613357797000,36866,90298,127164
1613358097000,36668,89948,126616
1613358397000,36394,89504,125898
1613358697000,36408,89026,125434
1613358997000,36059,88664,124723
1613359297000,35942,88589,124531
1613359597000,35552,88222,123774
1613359897000,36698,87773,124471
1613360197000,36369,87388,123757
1613360497000,36257,86263,122520
1613360797000,36116,85916,122032
1613361097000,35868,85467,121335
1613361397000,35678,84996,120674
1613361697000,35283,84207,119490
1613361997000,35105,82413,117518
1613362297000,34882,82772,117654
1613362597000,34586,82815,117401
1613362897000,34304,82369,116673
1613363197000,34096,82064,116160
1613363497000,33793,81236,115029
1613363797000,33540,80703,114243
1613364097000,33260,80212,113472
1613364397000,32706,79591,112297
1613364697000,32552,78818,111370
1613364997000,32344,77856,110200
1613365297000,31843,77034,108877
1613365597000,31463,76252,107715
1613365897000,31201,75670,106871
1613366197000,30919,75010,105929
1613366497000,30640,74362,105002
1613366797000,30378,73644,104022
1613367096000,30146,71832,101978
1613367397000,29860,72410,102270
1613367697000,29633,72076,101709
1613367997000,29369,71217,100586
1613368297000,29046,70597,99643
1613368597000,28863,69709,98572
1613368897000,28516,69149,97665
1613369197000,28075,68284,96359
1613369497000,27935,67404,95339
1613369797000,27790,66585,94375
1613370097000,27546,65795,93341
1613370397000,27318,65112,92430
1613370697000,27159,64347,91506
1613370998000,26995,63694,90689
1613371297000,26882,63123,90005
1613371597000,26657,62532,89189
1613371897000,26417,60335,86752
1613372197000,26282,61240,87522
1613372497000,25996,60501,86497
1613372797000,25957,59814,85771
1613373097000,25896,59817,85713
1613373397000,25797,59198,84995
1613373697000,25761,59061,84822
1613373997000,25739,59852,85591
1613374297000,25524,60128,85652
1613374597000,25368,59623,84991
1613374897000,23485,59614,83099
1613375197000,23343,59426,82769
1613375497000,23529,59220,82749
1613375797000,23178,58818,81996
1613376097000,23177,58701,81878
1613376397000,23212,58336,81548
1613376697000,23212,56449,79661
1613376997000,23182,57663,80845
1613377298000,23212,57719,80931
1613377597000,23192,57287,80479
1613377897000,23269,57172,80441
1613378197000,23296,56991,80287
1613378497000,23321,56894,80215
1613378797000,23417,56595,80012
1613379097000,23420,56611,80031
1613379397000,23487,56721,80208
1613379697000,23506,56695,80201
1613379997000,23591,56933,80524
1613380297000,23817,57168,80985
1613380597000,23969,57138,81107
1613380897000,24052,57323,81375
1613381197000,24234,57067,81301
1613381497000,24405,55860,80265
1613381797000,24543,56673,81216
1613382097000,24696,57282,81978
1613382397000,24746,57307,82053
1613382697000,24874,57642,82516
1613382997000,25034,57726,82760
1613383297000,24940,57772,82712
1613383597000,25060,57873,82933
1613383897000,25146,57995,83141
1613384197000,25250,58033,83283
1613384497000,25404,58243,83647
1613384797000,25432,58334,83766
1613385097000,25280,58398,83678
1613385397000,25156,58599,83755
1613385697000,24910,58732,83642
1613385997000,24547,58526,83073
1613386297000,24151,58558,82709
1613386597000,23275,57689,80964
1613386897000,8019,58797,66816
1613387197000,8877,58982,67859
1613387498000,13095,59137,72232
1613387797000,15384,59208,74592
1613388097000,16936,59488,76424
1613388397000,18216,59946,78162
1613388697000,19431,60230,79661
1613388997000,20290,60570,80860
1613389297000,21060,60810,81870
1613389597000,21855,60977,82832
1613389897000,22585,61290,83875
1613390197000,23253,61571,84824
1613390497000,23705,61850,85555
1613390797000,24199,62039,86238
1613391097000,24648,62795,87443
1613391397000,25039,61755,86794
1613391697000,25408,63951,89359
1613391997000,25797,64527,90324
1613392297000,26132,64945,91077
1613392597000,26355,65658,92013
1613392897000,26698,66122,92820
1613393197000,27098,66517,93615
1613393497000,27457,66964,94421
1613393797000,27778,67494,95272
1613394097000,28044,67878,95922
1613394397000,28401,68686,97087
1613394697000,28798,69295,98093
1613394997000,29111,69729,98840
1613395297000,29532,70758,100290
1613395597000,29945,71404,101349
1613395898000,30289,71935,102224
1613396197000,30595,71275,101870
1613396497000,31056,73506,104562
1613396797000,31396,74180,105576
1613397097000,31789,75030,106819
1613397397000,32058,76082,108140
1613397697000,32410,76635,109045
1613397997000,32778,77750,110528
1613398297000,33221,78507,111728
1613398597000,33634,79126,112760
1613398897000,34109,79903,114012
1613399198000,33095,80756,113851
1613399497000,33368,81602,114970
1613399797000,33713,82343,116056
1613400097000,34039,83130,117169
1613400397000,34380,83996,118376
1613400697000,34638,84707,119345
1613400997000,34973,83930,118903
1613401297000,35286,85560,120846
1613401597000,35579,85490,121069
1613401897000,35959,86376,122335
1613402197000,36330,87410,123740
1613402497000,36589,88289,124878
1613402797000,36929,89028,125957
1613403097000,37198,89840,127038
1613403397000,37481,90353,127834
1613403697000,37835,91001,128836
1613403997000,38206,91303,129509
1613404297000,38417,91985,130402
1613404597000,38562,92437,130999
1613404897000,38788,92802,131590
1613405197000,38923,93209,132132
1613405497000,39048,93750,132798
1613405797000,39286,94567,133853
1613406097000,39294,96250,135544
1613406397000,39629,96853,136482
1613406697000,39861,97148,137009
1613406997000,40184,97644,137828
1613407297000,40303,97531,137834
1613407597000,40625,97799,138424
1613407897000,41013,98120,139133
1613408197000,41261,98303,139564
1613408498000,41435,98287,139722
1613408797000,41811,98643,140454
1613409097000,42217,98990,141207
1613409397000,42431,99095,141526
1613409697000,43282,99446,142728
1613409997000,43584,99921,143505
1613410297000,44782,100601,145383
1613410597000,45044,99912,144956
1613410897000,45236,100747,145983
1613411197000,45574,101944,147518
1613411497000,45841,101551,147392
1613411797000,46120,102908,149028
1613412097000,46310,103199,149509
1613412397000,46439,103551,149990
1613412697000,46610,104087,150697
1613412997000,46903,104700,151603
1613413297000,47129,105403,152532
1613413607000,47317,106276,153593
1613413897000,47516,106731,154247
1613414197000,47854,107258,155112
1613414497000,48067,107664,155731
1613414797000,48363,108176,156539
1613415097000,48510,108562,157072
1613415397000,48637,106790,155427
1613415697000,48844,107315,156159
1613415997000,48991,107753,156744
1613416297000,49022,107077,156099
1613416597000,49164,108316,157480
1613416897000,49431,109291,158722
1613417197000,49461,110857,160318
1613417497000,49735,112171,161906
1613417797000,49797,112657,162454
1613418097000,49872,113067,162939
1613418397000,49990,113313,163303
1613418697000,50085,113620,163705
1613418997000,50321,113560,163881
1613419297000,50400,113663,164063
1613419597000,50420,113719,164139
1613419897000,50529,113863,164392
1613420197000,50647,114019,164666
1613420497000,51034,114520,165554
1613420797000,51788,109358,161146
1613421097000,50562,109640,160202
1613421397000,50681,110906,161587
1613421697000,50627,111571,162198
1613421997000,50674,111866,162540
1613422297000,50629,112318,162947
1613422597000,50633,112590,163223
1613422897000,50397,112567,162964
1613423197000,50341,112094,162435
1613423497000,50144,112008,162152
1613423797000,50131,111977,162108
1613424097000,50120,111896,162016
1613424397000,50015,111765,161780
1613424697000,49938,111242,161180
1613424997000,49815,111060,160875
1613425297000,49652,111329,160981
1613425597000,49572,111129,160701
1613425897000,49601,110807,160408
1613426197000,49437,109545,158982
1613426497000,49093,108888,157981
1613426797000,48867,108372,157239
1613427097000,48651,107985,156636
1613427397000,48473,107753,156226
1613427697000,48287,107461,155748
1613427997000,48075,106843,154918
1613428297000,47878,106589,154467
1613428597000,47637,105944,153581
1613428897000,47604,105853,153457
1613429197000,47422,105418,152840
1613429497000,47426,105080,152506
1613429797000,47294,104729,152023
1613430097000,47046,104386,151432
1613430397000,46767,103583,150350
1613430697000,46508,103139,149647
1613430997000,46288,102591,148879
1613431297000,46237,102096,148333
1613431597000,46151,101810,147961
1613431897000,46080,101494,147574
1613432197000,45906,101018,146924
1613432497000,45749,101236,146985
1613432797000,45674,101154,146828
1613433097000,45574,101266,146840
1613433397000,45534,100754,146288
1613433697000,45766,100073,145839
1613433997000,46011,100026,146037
1613434297000,45947,99890,145837
1613434597000,45866,99903,145769
1613434903000,45693,99828,145521
1613435198000,45418,99690,145108
1613435497000,45184,99782,144966
1613435797000,45008,99683,144691
1613436097000,44776,99740,144516
1613436397000,44624,99366,143990
1613436697000,44577,99804,144381
1613436997000,44556,99745,144301
1613437297000,44330,99768,144098
1613437597000,44399,99792,144191
1613437897000,44168,100040,144208
1613438199000,44036,100160,144196
1613438497000,43783,99120,142903
1613438797000,43733,99969,143702
1613439099000,43500,100226,143726
1613439397000,43415,99789,143204
1613439697000,43295,99781,143076
1613439997000,43167,99701,142868
1613440297000,43014,99829,142843
1613440597000,42880,99597,142477
1613440897000,42722,99340,142062
1613441197000,42423,99319,141742
1613441497000,42259,99341,141600
1613441797000,42079,99069,141148
1613442097000,41858,98891,140749
1613442397000,41680,98865,140545
1613442697000,41446,98617,140063
1613442997000,41271,98470,139741
1613443297000,41088,97355,138443
1613443597000,40904,98221,139125
1613443897000,40678,97954,138632
1613444197000,40477,97399,137876
1613444514000,40136,96935,137071
1613444797000,39848,96479,136327
1613445097000,39627,96020,135647
1613445397000,39277,95595,134872
1613445697000,38935,95393,134328
1613445997000,38696,94929,133625
1613446297000,38347,94402,132749
1613446599000,38110,93920,132030
1613446897000,37947,93144,131091
1613447197000,37547,92454,130001
1613447497000,37263,91802,129065
1613447797000,36957,91007,127964
1613448097000,36558,89453,126011
1613448397000,36126,89165,125291
1613448697000,35814,88506,124320
1613448997000,35542,87540,123082
1613449297000,35180,86675,121855
1613449597000,34816,85940,120756
1613449897000,34545,85151,119696
1613450197000,34266,83870,118136
1613450497000,33973,81065,115038
1613450797000,33608,80136,113744
1613451097000,33214,79359,112573
1613451397000,32894,78298,111192
1613451697000,32439,77383,109822
1613451997000,32089,76572,108661
1613452297000,31834,75748,107582
1613452597000,31540,74845,106385
1613452897000,31148,74092,105240
1613453197000,30861,72882,103743
1613453497000,30372,72219,102591
1613453797000,30179,71893,102072
1613454097000,29901,71330,101231
1613454397000,29561,70681,100242
1613454697000,29280,70033,99313
1613454997000,28967,69819,98786
1613455297000,28693,69878,98571
1613455597000,28306,68237,96543
1613455897000,28090,67074,95164
1613456197000,28030,65881,93911
1613456498000,27698,65101,92799
1613456797000,27494,64692,92186
1613457097000,27181,64771,91952
1613457397000,26402,64136,90538
1613457697000,26328,63402,89730
1613457997000,26240,61495,87735
1613458297000,26031,61336,87367
1613458597000,25860,60473,86333
1613458897000,25669,59819,85488
1613459197000,25123,58942,84065
1613459497000,24952,58745,83697
1613459797000,24669,58021,82690
1613460097000,24550,57605,82155
1613460397000,24471,58563,83034
1613460697000,24328,59146,83474
1613460997000,23007,58799,81806
1613461297000,22744,58707,81451
1613461597000,22617,58690,81307
1613461897000,22557,58497,81054
1613462197000,22565,58374,80939
1613462497000,22578,58115,80693
1613462797000,22581,56799,79380
1613463097000,22456,57855,80311
1613463397000,22377,57922,80299
1613463698000,22483,57009,79492
1613463997000,22547,56907,79454
1613464297000,22505,56701,79206
1613464597000,22607,56863,79470
1613464897000,22678,56766,79444
1613465197000,22724,56840,79564
1613465497000,22688,56767,79455
1613465797000,22737,56537,79274
1613466097000,22768,56431,79199
1613466397000,22863,56206,79069
1613466697000,22929,56402,79331
1613466997000,23032,56385,79417
1613467297000,23024,56637,79661
1613467596000,23115,55848,78963
1613467897000,23117,56416,79533
1613468197000,23232,56742,79974
1613468497000,23285,56851,80136
1613468797000,23481,56917,80398
1613469097000,23645,56983,80628
1613469397000,23766,57162,80928
1613469697000,23804,57168,80972
1613469997000,23896,57184,81080
1613470297000,23972,57327,81299
1613470597000,24155,57509,81664
1613470897000,24263,57544,81807
1613471197000,24318,57739,82057
1613471497000,24438,57752,82190
1613471797000,24501,58071,82572
1613472097000,24695,58067,82762
1613472397000,24740,58373,83113
1613472697000,24758,58243,83001
1613472997000,24734,58616,83350
1613473297000,24689,58421,83110
1613473597000,24773,58545,83318
1613473897000,24942,59122,84064
1613474197000,25095,59368,84463
1613474497000,25232,59823,85055
1613474797000,25306,60172,85478
1613475097000,25266,60420,85686
1613475397000,25402,60821,86223
1613475697000,25567,61093,86660
1613475997000,25706,61526,87232
1613476297000,25920,61936,87856
1613476597000,25927,62222,88149
1613476897000,26168,62660,88828
1613477197000,26270,63380,89650
1613477497000,26477,62661,89138
1613477797000,26659,64143,90802
1613478098000,26742,64592,91334
1613478397000,26909,65107,92016
1613478697000,27104,65470,92574
1613478997000,27341,65987,93328
1613479297000,27582,66456,94038
1613479597000,27866,67188,95054
1613479897000,28064,67716,95780
1613480197000,28272,68106,96378
1613480497000,28530,68564,97094
1613480797000,28896,69458,98354
1613481097000,29102,69990,99092
1613481397000,29393,70711,100104
1613481697000,29666,71500,101166
1613481997000,29929,72529,102458
1613482297000,30166,72048,102214
1613482597000,30495,73629,104124
1613482897000,30774,74494,105268
1613483197000,31190,75249,106439
1613483497000,31387,76126,107513
1613483797000,31670,76471,108141
1613484097000,31841,77040,108881
1613484397000,32175,77943,110118
1613484697000,32532,78636,111168
1613484997000,32884,79556,112440
1613485302000,33260,80418,113678
1613485597000,33625,81400,115025
1613485897000,34023,82284,116307
1613486197000,34399,82861,117260
1613486497000,34730,83344,118074
1613486797000,35117,84089,119206
1613487100000,35486,84209,119695
1613487398000,35755,86093,121848
1613487697000,36041,86702,122743
1613487997000,36353,87315,123668
1613488297000,36607,88039,124646
1613488597000,36804,88718,125522
1613488897000,37140,89365,126505
1613489197000,37442,89908,127350
1613489497000,37807,90478,128285
1613489797000,38277,90819,129096
1613490097000,38701,91308,130009
1613490397000,39084,91887,130971
1613490697000,39491,92201,131692
1613490997000,39797,92757,132554
1613491297000,39995,93137,133132
1613491597000,40271,93649,133920
1613491897000,40563,94323,134886
1613492197000,40876,94672,135548
1613492497000,41210,95216,136426
1613492797000,41484,95243,136727
1613493097000,41772,95254,137026
1613493401000,42022,95605,137627
1613493430000,42078,95576,137654
1613493467000,42062,95518,137580
1613493488000,42052,95551,137603
1613493697000,42256,95891,138147
1613493997000,42496,95976,138472
1613494297000,42896,95888,138784
1613494597000,44975,96115,141090
1613494897000,43179,95940,139119
1613495197000,43807,96084,139891
1613495497000,43855,96574,140429
1613495798000,44553,96691,141244
1613496098000,44981,96990,141971
1613496397000,45680,97019,142699
1613496697000,45989,97186,143175
1613496997000,47411,96780,144191
1613497297000,47650,97912,145562
1613497597000,47863,98316,146179
1613497897000,48066,98871,146937
1613498197000,48286,99394,147680
1613498497000,48523,99780,148303
1613498797000,48794,100584,149378
1613499097000,48936,100958,149894
1613499397000,49240,101490,150730
1613499697000,49530,101785,151315
1613499997000,49804,102202,152006
1613500297000,50021,102305,152326
1613500597000,50314,103149,153463
1613500897000,50535,103369,153904
1613501197000,50690,104235,154925
1613501497000,50900,104793,155693
1613501797000,51116,102582,153698
1613502097000,51254,104006,155260
1613502397000,51452,103794,155246
1613502697000,51676,103534,155210
1613502997000,51844,104776,156620
1613503297000,51973,105256,157229
1613503598000,52053,106823,158876
1613503897000,52208,107697,159905
1613504197000,52312,108136,160448
1613504497000,52507,108471,160978
1613504797000,52561,108839,161400
1613505097000,52877,108569,161446
1613505397000,49272,108732,158004
1613505697000,49283,108523,157806
1613505997000,49248,108541,157789
1613506297000,49250,108646,157896
1613506597000,49181,109129,158310
1613506897000,49081,109348,158429
1613507197000,49107,108949,158056
1613507498000,49491,108314,157805
1613507797000,49230,107548,156778
1613508097000,49441,108656,158097
1613508397000,49173,109033,158206
1613508697000,49266,109100,158366
1613508998000,49138,108911,158049
1613509297000,48929,108479,157408
1613509597000,49034,108067,157101
1613509897000,48704,107867,156571
1613510197000,48571,107695,156266
1613510497000,48486,107723,156209
1613510798000,48529,107564,156093
1613511097000,48483,108686,157169
1613511397000,48294,108236,156530
1613511697000,48228,107790,156018
1613511997000,48157,107527,155684
1613512297000,47988,107342,155330
1613512597000,47584,106026,153610
1613512897000,47386,106840,154226
1613513197000,47100,106190,153290
1613513497000,46820,105900,152720
1613513798000,46483,105754,152237
1613514097000,46272,104819,151091
1613514397000,46124,105241,151365
1613514697000,45987,104430,150417
1613514997000,45712,104614,150326
1613515297000,45741,103794,149535
1613515597000,45667,103042,148709
1613515897000,45486,102620,148106
1613516197000,45337,102211,147548
1613516497000,45113,101517,146630
1613516798000,44869,101012,145881
1613517097000,44713,100514,145227
1613517397000,44630,98678,143308
1613517697000,44228,99033,143261
1613517997000,44225,99337,143562
1613518297000,44048,99060,143108
1613518603000,44093,98617,142710
1613518897000,43986,98243,142229
1613519197000,43929,97776,141705
1613519497000,43868,97380,141248
1613519797000,43910,97035,140945
1613520097000,44224,97101,141325
1613520397000,44639,96742,141381
1613520697000,44719,96993,141712
1613520997000,44546,97267,141813
1613521297000,44296,97256,141552
1613521597000,44180,97392,141572
1613521897000,44143,96476,140619
1613522197000,44036,95591,139627
1613522497000,43861,95845,139706
1613522797000,43767,96469,140236
1613523097000,43611,96267,139878
1613523400000,43480,97232,140712
1613523697000,43384,97398,140782
1613523997000,43195,97753,140948
1613524297000,43178,97878,141056
1613524597000,43047,97476,140523
1613524897000,43038,97844,140882
1613525197000,43064,98219,141283
1613525497000,43030,98290,141320
1613525797000,43027,98034,141061
1613526097000,42784,98757,141541
1613526397000,42658,98544,141202
1613526697000,42489,98754,141243
1613526997000,42439,98505,140944
1613527297000,42248,97324,139572
1613527597000,42145,97453,139598
1613527897000,41820,97980,139800
1613528197000,41617,97920,139537
1613528497000,41615,98070,139685
1613528797000,41404,98083,139487
1613529097000,41245,97840,139085
1613529397000,40960,97727,138687
1613529697000,40748,97702,138450
1613529998000,40550,97497,138047
1613530302000,40372,96973,137345
1613530597000,40231,96316,136547
1613530897000,39901,95864,135765
1613531197000,39542,95344,134886
1613531497000,39417,94953,134370
1613531797000,39193,94587,133780
1613532097000,38862,91497,130359
1613532397000,38547,91123,129670
1613532697000,38293,90755,129048
1613532997000,38021,90593,128614
1613533297000,37682,90204,127886
1613533597000,37294,89871,127165
1613533897000,37015,89713,126728
1613534197000,36630,88600,125230
1613534497000,36181,87943,124124
1613534797000,35893,87009,122902
1613535097000,35610,86463,122073
1613535397000,35338,85564,120902
1613535697000,35070,84581,119651
1613535997000,34643,83730,118373
1613536297000,34323,82911,117234
1613536597000,34001,82183,116184
1613536897000,33627,80108,113735
1613537197000,33281,79393,112674
1613537503000,32819,78778,111597
1613537798000,32486,78109,110595
1613538097000,32192,77333,109525
1613538397000,31924,76482,108406
1613538697000,31597,75756,107353
1613538997000,31179,75191,106370
1613539297000,30942,74406,105348
1613539597000,30582,73691,104273
1613539897000,30327,72871,103198
1613540197000,30050,72128,102178
1613540497000,29715,71297,101012
1613540797000,29487,70533,100020
1613541097000,29181,69715,98896
1613541397000,28873,68835,97708
1613541697000,28365,66690,95055
1613541997000,27959,65824,93783
1613542298000,27747,65098,92845
1613542597000,27664,64379,92043
1613542897000,27388,63814,91202
1613543197000,27090,62894,89984
1613543497000,26920,62247,89167
1613543797000,26746,61627,88373
1613544097000,26469,61197,87666
1613544397000,26284,60894,87178
1613544698000,26192,60096,86288
1613544997000,25972,59454,85426
1613545297000,25835,58991,84826
1613545597000,25723,58410,84133
1613545897000,25092,58373,83465
1613546197000,24891,57673,82564
1613546499000,24751,57316,82067
1613546797000,24550,56765,81315
1613547097000,24618,57228,81846
1613547397000,23467,56999,80466
1613547698000,23355,56929,80284
1613547997000,23349,56716,80065
1613548297000,23752,56651,80403
1613548597000,23742,56514,80256
1613548897000,23204,55909,79113
1613549197000,23243,55482,78725
1613549497000,23195,55264,78459
1613549797000,23130,55047,78177
1613550097000,23232,54890,78122
1613550406000,23118,54694,77812
1613550697000,23163,54384,77547
1613550997000,23216,54057,77273
1613551297000,23158,53948,77106
1613551597000,23155,53973,77128
1613551909000,24592,53681,78273
1613552197000,23452,53570,77022
1613552497000,23448,53543,76991
1613552797000,23420,53616,77036
1613553097000,23442,53531,76973
1613553397000,23544,53831,77375
1613553697000,23515,53781,77296
1613553997000,23697,54051,77748
1613554297000,23773,54010,77783
1613554597000,23715,54121,77836
1613554897000,23685,54295,77980
1613555197000,23748,54440,78188
1613555497000,23863,54540,78403
1613555797000,23991,54187,78178
1613556097000,23991,54220,78211
1613556397000,23954,53960,77914
1613556697000,24182,54033,78215
1613556997000,24392,54201,78593
1613557297000,24588,54258,78846
1613557597000,24705,54371,79076
1613557897000,24740,54636,79376
1613558197000,24785,54523,79308
1613558497000,24802,54708,79510
1613558797000,24931,54462,79393
1613559097000,25189,54590,79779
1613559397000,25200,55006,80206
1613559697000,25323,54612,79935
1613559997000,25436,54022,79458
1613560297000,25596,53410,79006
1613560597000,25706,52760,78466
1613560897000,26052,51493,77545
1613561197000,26224,48513,74737
1613561497000,26386,7768,34154
1613561797000,26547,24039,50586
1613562097000,26786,31126,57912
1613562397000,26938,35364,62302
1613562697000,27104,38889,65993
1613562997000,27306,41554,68860
1613563297000,27405,43811,71216
1613563597000,27723,47258,74981
1613563897000,27929,49771,77700
1613564197000,28200,51621,79821
1613564497000,28491,52946,81437
1613564797000,28695,54197,82892
1613565097000,28978,55365,84343
1613565397000,29148,56527,85675
1613565697000,29517,57660,87177
1613565997000,29776,58660,88436
1613566297000,30035,59611,89646
1613566597000,30435,60638,91073
1613566897000,30664,61472,92136
1613567197000,29384,62527,91911
1613567497000,29531,63277,92808
1613567797000,29805,64386,94191
1613568097000,30077,65224,95301
1613568397000,30184,66112,96296
1613568700000,30417,67056,97473
1613568997000,30712,67795,98507
1613569297000,30976,68899,99875
1613569597000,31185,69783,100968
1613569897000,31314,70374,101688
1613570197000,31571,71194,102765
1613570497000,31853,71791,103644
1613570797000,32179,72551,104730
1613571097000,32497,73594,106091
1613571397000,32769,74531,107300
1613571698000,33138,74513,107651
1613571997000,33567,75371,108938
1613572297000,33861,75696,109557
1613572597000,34106,76391,110497
1613572902000,34350,77337,111687
1613573197000,34519,78490,113009
1613573497000,34788,79139,113927
1613573797000,34973,79588,114561
1613574097000,35290,79937,115227
1613574397000,35656,80853,116509
1613574698000,35879,81523,117402
1613574997000,36199,82393,118592
1613575297000,36597,83250,119847
1613575597000,36854,83768,120622
1613575897000,37080,84456,121536
1613576197000,37354,84991,122345
1613576497000,37671,85297,122968
1613576797000,37887,85699,123586
1613577097000,38099,86298,124397
1613577397000,38334,86607,124941
1613577697000,38470,86886,125356
1613577997000,38652,87387,126039
1613578297000,39053,88293,127346
1613578597000,39376,89451,128827
1613578897000,39652,89585,129237
1613579197000,39789,90171,129960
1613579497000,40075,90786,130861
1613579797000,40122,91013,131135
1613580097000,40268,91239,131507
1613580397000,40417,91684,132101
1613580697000,41486,91829,133315
1613580997000,40795,91820,132615
1613581297000,40915,91764,132679
1613581597000,41324,92075,133399
1613581897000,41603,92448,134051
1613582197000,41751,92598,134349
1613582497000,42348,93005,135353
1613582797000,42572,93314,135886
1613583097000,42782,92204,134986
1613583397000,42429,94068,136497
1613583697000,42982,94579,137561
1613583997000,43409,94997,138406
1613584297000,44966,95262,140228
1613584597000,45105,95668,140773
1613584897000,45240,96125,141365
1613585197000,45281,96613,141894
1613585497000,45595,98419,144014
1613585797000,45981,99240,145221
1613586097000,46250,99821,146071
1613586397000,46434,100407,146841
1613586697000,46831,100729,147560
1613586997000,45847,101372,147219
1613587297000,47686,101825,149511
1613587597000,47381,102272,149653
1613587897000,48268,101052,149320
1613588201000,48463,101051,149514
1613588497000,48723,101590,150313
1613588797000,48824,101692,150516
1613589097000,49220,102412,151632
1613589397000,49558,102859,152417
1613589700000,49893,102370,152263
1613589997000,50183,103956,154139
1613590297000,50281,105349,155630
1613590597000,48775,105497,154272
1613590897000,48888,106013,154901
1613591197000,49001,106126,155127
1613591497000,48938,104777,153715
1613591797000,49046,106195,155241
1613591826000,49065,106248,155313
1613592097000,48924,106295,155219
1613592397000,48990,106697,155687
1613592697000,49029,106871,155900
1613592997000,49108,107082,156190
1613593297000,49249,107072,156321
1613593597000,49211,107369,156580
1613593897000,48975,107446,156421
1613594197000,48944,107502,156446
1613594497000,48901,107376,156277
1613594819000,48928,108204,157132
1613595097000,48875,108161,157036
1613595397000,48737,108036,156773
1613595697000,48718,107703,156421
1613595997000,48332,107419,155751
1613596297000,48358,106024,154382
1613596597000,48069,107155,155224
1613596897000,47872,107016,154888
1613597197000,47674,106929,154603
1613597497000,47628,106254,153882
1613597797000,47472,106168,153640
1613598097000,47472,105900,153372
1613598397000,47431,105488,152919
1613598697000,47254,105227,152481
1613598997000,46962,104649,151611
1613599297000,46565,103504,150069
1613599597000,46359,102939,149298
1613599897000,46044,102480,148524
1613600197000,45847,101933,147780
1613600497000,45779,101606,147385
1613600797000,45632,101379,147011
1613601097000,45483,101173,146656
1613601397000,45332,100782,146114
1613601697000,45278,100332,145610
1613601997000,45072,100203,145275
1613602297000,44715,99707,144422
1613602597000,44488,99371,143859
1613602897000,44257,98685,142942
1613603197000,44108,97802,141910
1613603497000,43928,97313,141241
1613603797000,43713,96921,140634
1613604097000,43603,96476,140079
1613604397000,43511,96162,139673
1613604697000,43461,96003,139464
1613604997000,43398,95561,138959
1613605297000,43483,95562,139045
1613605597000,43515,95184,138699
1613605897000,43582,95179,138761
1613606197000,43581,94240,137821
1613606497000,43878,94530,138408
1613606797000,44269,94420,138689
1613607097000,44275,94325,138600
1613607397000,44177,94367,138544
1613607697000,44099,94469,138568
1613607997000,43992,94458,138450
1613608298000,43975,94535,138510
1613608597000,43813,94623,138436
1613608897000,43777,94758,138535
1613609197000,43554,94950,138504
1613609497000,43445,95178,138623
1613609797000,43262,95054,138316
1613610097000,43193,95119,138312
1613610397000,43135,95142,138277
1613610697000,43085,95108,138193
1613610997000,43034,94091,137125
1613611297000,43023,95356,138379
1613611597000,42936,95718,138654
1613611897000,42750,95885,138635
1613612197000,42620,96229,138849
1613612497000,42539,96460,138999
1613612797000,42710,96415,139125
1613613097000,42561,96419,138980
1613613397000,42557,96676,139233
1613613697000,42371,96745,139116
1613613997000,42132,96985,139117
1613614297000,41884,96676,138560
1613614597000,41602,96642,138244
1613614897000,41528,96597,138125
1613615197000,41265,96451,137716
1613615497000,41121,96213,137334
1613615797000,41043,94731,135774
1613616097000,40829,96007,136836
1613616397000,40631,95779,136410
1613616697000,40454,95860,136314
1613616997000,40168,95423,135591
1613617297000,39897,94865,134762
1613617597000,39592,94350,133942
1613617897000,39344,93808,133152
1613618197000,39095,93491,132586
1613618497000,38767,92941,131708
1613618797000,38588,92534,131122
1613619097000,38302,91907,130209
1613619397000,38118,91338,129456
1613619697000,37855,90728,128583
1613619997000,37655,90155,127810
1613620297000,37317,89412,126729
1613620597000,37012,88757,125769
1613620897000,36637,87945,124582
1613621197000,36288,86905,123193
1613621502000,36018,86271,122289
1613621798000,35675,85136,120811
1613622097000,35346,84472,119818
1613622397000,35024,83539,118563
1613622697000,34712,82738,117450
1613622997000,34361,82020,116381
1613623297000,33991,81125,115116
1613623597000,33716,80336,114052
1613623897000,33447,79594,113041
1613624197000,33075,78909,111984
1613624497000,32684,77926,110610
1613624797000,32395,76947,109342
1613625097000,31734,75218,106952
1613625397000,31670,74783,106453
1613625697000,31319,73523,104842
1613625997000,31142,73383,104525
1613626297000,30857,72595,103452
1613626597000,30621,71722,102343
1613626897000,30372,71030,101402
1613627197000,30063,70307,100370
1613627497000,29703,69559,99262
1613627797000,29450,68530,97980
1613628097000,29166,67586,96752
1613628397000,28756,66709,95465
1613628697000,28564,66215,94779
1613628997000,28499,65143,93642
1613629297000,28279,64340,92619
1613629597000,28165,63904,92069
1613629897000,27912,63281,91193
1613630197000,27667,62512,90179
1613630497000,27491,60467,87958
1613630797000,27357,61167,88524
1613631097000,27126,59697,86823
1613631397000,27047,59253,86300
1613631697000,26851,58835,85686
1613631997000,26774,58424,85198
1613632297000,26787,58120,84907
1613632597000,26282,57588,83870
1613632897000,26251,57058,83309
1613633200000,25846,58224,84070
1613633497000,25617,58511,84128
1613633797000,24086,58229,82315
1613634097000,23899,58078,81977
1613634397000,23905,57940,81845
1613634697000,24183,57860,82043
1613634997000,24302,57802,82104
1613635297000,23530,56257,79787
1613635596000,23460,57124,80584
1613635897000,23483,56904,80387
1613636198000,23465,56658,80123
1613636497000,23251,56176,79427
1613636797000,23392,56269,79661
1613637097000,23490,56107,79597
1613637397000,23532,55869,79401
1613637697000,23540,55906,79446
1613637997000,23589,55717,79306
1613638297000,23647,55792,79439
1613638605000,23727,55827,79554
1613638897000,23738,55901,79639
1613639197000,23763,55998,79761
1613639497000,23868,56178,80046
1613639797000,23856,56528,80384
1613640097000,23933,56427,80360
1613640397000,24069,56300,80369
1613640697000,24065,56411,80476
1613640997000,23998,56390,80388
1613641298000,23950,56570,80520
1613641598000,24036,56487,80523
1613641946000,24090,56620,80710
1613642197000,24153,56636,80789
1613642497000,24203,56604,80807
1613642797000,24336,56785,81121
1613643097000,24395,56638,81033
1613643397000,24453,56685,81138
1613643697000,24569,56870,81439
1613643997000,24592,57016,81608
1613644297000,24713,57120,81833
1613644597000,24743,57355,82098
1613644897000,24719,57417,82136
1613645197000,24806,57091,81897
1613645513000,24942,57661,82603
1613645799000,25067,57726,82793
1613646097000,25234,57958,83192
1613646397000,25334,58162,83496
1613646697000,25538,58568,84106
1613646997000,25580,58860,84440
1613647297000,25875,59132,85007
1613647597000,26081,59337,85418
1613647897000,26231,59270,85501
1613648197000,26537,59369,85906
1613648497000,26672,59502,86174
1613648797000,26919,59727,86646
1613649097000,27140,60081,87221
1613649397000,27313,60597,87910
1613649697000,27409,61055,88464
1613649997000,27560,60142,87702
1613650297000,27843,61770,89613
1613650597000,28019,61931,89950
1613650897000,28378,62644,91022
1613651197000,28551,63170,91721
1613651510000,28851,63597,92448
1613651797000,29091,64290,93381
1613652097000,29305,64715,94020
1613652397000,28304,65159,93463
1613652697000,28504,65741,94245
1613652997000,28730,66428,95158
1613653297000,28980,66793,95773
1613653597000,29252,67516,96768
1613653897000,29536,68127,97663
1613654197000,29678,69096,98774
1613654498000,29970,70098,100068
1613654797000,30234,69749,99983
1613655097000,30550,71712,102262
1613655398000,30887,72534,103421
1613655697000,31191,73383,104574
1613655997000,31511,74187,105698
1613656297000,31905,75083,106988
1613656597000,32214,76194,108408
1613656897000,32501,76647,109148
1613657197000,32844,77193,110037
1613657497000,33172,78065,111237
1613657797000,33502,79277,112779
1613658099000,33721,79662,113383
1613658397000,34079,80107,114186
1613658697000,34361,80567,114928
1613658997000,34608,81253,115861
1613659297000,34931,81892,116823
1613659597000,35330,82371,117701
1613659897000,35666,83158,118824
1613660198000,35945,83831,119776
1613660497000,36139,84142,120281
1613660798000,36501,84435,120936
1613661097000,36668,85809,122477
1613661397000,37038,86657,123695
1613661697000,37274,87056,124330
1613661997000,37453,88265,125718
1613662297000,37658,88663,126321
1613662597000,37913,89321,127234
1613662898000,38133,89698,127831
1613663197000,38139,90108,128247
1613663497000,38379,90631,129010
1613663797000,38603,91315,129918
1613664096000,38858,91366,130224
1613664397000,39021,91663,130684
1613665310000,39603,91843,131446
1613665598000,39764,92168,131932
1613665897000,39967,92368,132335
1613666197000,40126,92788,132914
1613666497000,40484,93063,133547
1613666797000,40506,93626,134132
1613667097000,40781,94005,134786
1613667397000,40969,94695,135664
1613667697000,40947,94334,135281
1613667997000,41349,94380,135729
1613668297000,41684,94628,136312
1613668597000,41845,94855,136700
1613668911000,42922,94966,137888
1613669197000,43289,95245,138534
1613669497000,43593,95602,139195
1613669797000,44055,96209,140264
1613670097000,44498,96555,141053
1613670397000,44826,96866,141692
1613670697000,45065,97115,142180
1613670997000,45360,97425,142785
1613671297000,45788,97690,143478
1613671597000,46227,98023,144250
1613671897000,46620,99039,145659
1613672197000,46968,99380,146348
1613672497000,47183,99978,147161
1613672797000,46128,100382,146510
1613673097000,46340,100958,147298
1613673397000,46762,101584,148346
1613673697000,47117,101413,148530
1613673997000,47551,101992,149543
1613674297000,48014,102688,150702
1613674597000,48279,101278,149557
1613674897000,48484,101341,149825
1613675197000,48710,101870,150580
1613675497000,48922,102526,151448
1613675797000,48241,102984,151225
1613676097000,48550,103387,151937
1613676397000,49746,104981,154727
1613676697000,48939,105742,154681
1613676997000,48987,105762,154749
1613677297000,49238,105854,155092
1613677597000,49417,104290,153707
1613677897000,49643,104508,154151
1613678198000,49832,105042,154874
1613678497000,50102,105723,155825
1613678797000,50318,105817,156135
1613679398000,50977,106669,157646
1613679697000,51180,107028,158208
1613679997000,51337,107196,158533
1613680297000,51390,107176,158566
1613680597000,51479,107354,158833
1613680897000,51567,107431,158998
1613681197000,51797,107401,159198
1613681497000,51867,107475,159342
1613681797000,51884,107372,159256
1613682097000,51925,107067,158992
1613682397000,51988,107126,159114
1613682697000,52063,107180,159243
1613682997000,51928,106952,158880
1613683297000,51901,106696,158597
1613683597000,49555,106281,155836
1613683899000,49473,106232,155705
1613684197000,49345,106186,155531
1613684500000,49312,105972,155284
1613684797000,49288,105371,154659
1613685097000,49105,105400,154505
1613685397000,48881,105151,154032
1613685697000,48627,104653,153280
1613685997000,48367,104165,152532
1613686297000,48067,103590,151657
1613686597000,47891,103262,151153
1613686897000,47656,102993,150649
1613687196000,47567,102681,150248
1613687497000,47404,102421,149825
1613687797000,47273,102230,149503
1613688097000,47231,101896,149127
1613688397000,47087,101483,148570
1613688697000,46976,100805,147781
1613688997000,46912,100520,147432
1613689297000,46560,100029,146589
1613689597000,46362,99047,145409
1613689897000,46240,98685,144925
1613690197000,46082,98399,144481
1613690497000,45872,98784,144656
1613690797000,45768,98860,144628
1613691097000,45734,98725,144459
1613691397000,45605,98377,143982
1613691697000,45505,98073,143578
1613691997000,45453,97712,143165
1613692297000,45415,97511,142926
1613692597000,45405,97286,142691
1613692897000,45701,96815,142516
1613693197000,46251,96295,142546
1613693497000,46405,95867,142272
1613693797000,46418,95822,142240
1613694115000,46293,95659,141952
1613694397000,46208,95578,141786
1613694697000,46018,95355,141373
1613694998000,45851,95358,141209
1613695315000,45783,94323,140106
1613695597000,45784,95460,141244
1613695897000,45816,95293,141109
1613696197000,45685,95453,141138
1613696497000,45565,95279,140844
1613696797000,45265,95494,140759
1613697097000,45021,95600,140621
1613697397000,44749,96902,141651
1613697697000,44674,96100,140774
1613697997000,44539,96341,140880
1613698297000,44439,96186,140625
1613698600000,44246,96212,140458
1613698897000,44062,96342,140404
1613699197000,44033,96384,140417
1613699497000,43868,96463,140331
1613699797000,43704,96507,140211
1613700097000,43583,95013,138596
1613700397000,43447,96427,139874
1613700698000,43355,96048,139403
1613700997000,43154,95984,139138
1613701297000,42963,95935,138898
1613701597000,42721,95737,138458
1613701897000,42600,95651,138251
1613702197000,42331,95517,137848
1613702507000,42188,95674,137862
1613702797000,41946,95407,137353
1613703097000,41684,95021,136705
1613703397000,41349,94507,135856
1613703696000,41091,93984,135075
1613703997000,40826,93456,134282
1613704297000,40477,93059,133536
1613704597000,40044,92435,132479
1613704897000,39798,90817,130615
1613705197000,39459,91120,130579
1613705496000,39160,90444,129604
1613705797000,38911,89643,128554
1613706098000,38625,89463,128088
1613706397000,38359,88787,127146
1613706697000,38033,88049,126082
1613706997000,37734,87615,125349
1613707297000,37434,86901,124335
1613707597000,37074,86108,123182
1613707897000,36731,85380,122111
1613708197000,36412,84654,121066
1613708497000,36133,84228,120361
1613708797000,35824,81389,117213
1613709097000,35410,80694,116104
1613709397000,34957,79775,114732
1613709697000,34617,79233,113850
1613709997000,34354,78515,112869
1613710297000,33977,77934,111911
1613710597000,33661,78453,112114
1613710897000,33352,78284,111636
1613711197000,32925,77253,110178
1613711497000,32537,76528,109065
1613711797000,32172,75815,107987
1613712097000,31831,74864,106695
1613712397000,31480,74148,105628
1613712697000,31115,73465,104580
1613712997000,30853,72745,103598
1613713297000,30623,71952,102575
1613713597000,30342,71064,101406
1613713897000,30044,70273,100317
1613714197000,29673,69652,99325
1613714497000,29201,68743,97944
1613714810000,28746,67285,96031
1613715098000,28572,67659,96231
1613715397000,28409,66981,95390
1613715697000,28207,66328,94535
1613715997000,27926,65618,93544
1613716297000,27602,64892,92494
1613716597000,27408,64222,91630
1613716897000,27178,63834,91012
1613717197000,26895,63151,90046
1613717497000,26665,60725,87390
1613717797000,26174,59429,85603
1613718097000,26011,58892,84903
1613718397000,25789,58294,84083
1613718710000,25703,58196,83899
1613718997000,25633,57796,83429
1613719297000,25583,57291,82874
1613719597000,25643,56857,82500
1613719898000,25441,58553,83994
1613720197000,23663,58062,81725
1613720497000,23668,57976,81644
1613720799000,23635,57961,81596
1613721097000,23630,57852,81482
1613721397000,23776,57688,81464
1613721697000,23763,57431,81194
1613721997000,23474,57495,80969
1613722297000,23204,56944,80148
1613722597000,23314,56809,80123
1613722897000,23318,56693,80011
1613723197000,23265,56614,79879
1613723498000,23311,56487,79798
1613723797000,23282,56364,79646
1613724097000,23530,56331,79861
1613724397000,23726,55076,78802
1613724697000,23877,56109,79986
1613724997000,24024,55871,79895
1613725297000,24188,55961,80149
1613725614000,24312,56179,80491
1613725897000,24397,56292,80689
1613726197000,24512,56506,81018
1613726497000,24711,56494,81205
1613726797000,24889,56623,81512
1613727097000,25052,56669,81721
1613727397000,25128,56660,81788
1613727997000,24265,56472,80737
1613728297000,24369,54679,79048
1613728597000,24395,54991,79386
1613728897000,24482,55144,79626
1613729198000,24650,55549,80199
1613729497000,24874,55300,80174
1613729797000,25046,55430,80476
1613730097000,25263,56411,81674
1613730397000,25374,57341,82715
1613730697000,25571,57368,82939
1613730997000,25631,57442,83073
1613731297000,25879,57543,83422
1613731597000,26082,57549,83631
1613731897000,26297,57611,83908
1613732197000,26580,57664,84244
1613732497000,25826,58040,83866
1613732797000,26166,58004,84170
1613733097000,26356,58464,84820
1613733398000,26603,58712,85315
1613733697000,26979,59122,86101
1613733997000,27361,59244,86605
1613734297000,27798,58498,86296
1613734597000,28076,59875,87951
1613734897000,28430,60254,88684
1613735197000,28746,60417,89163
1613735497000,29198,60900,90098
1613735797000,29610,61138,90748
1613736097000,30660,61364,92024
1613736397000,32390,61904,94294
1613736697000,33592,62488,96080
1613736997000,33943,62603,96546
1613737297000,34832,63178,98010
1613737597000,35433,63444,98877
1613737897000,36100,63984,100084
1613738197000,36779,64587,101366
1613738498000,37515,65099,102614
1613738797000,38208,65868,104076
1613739097000,38671,65128,103799
1613739397000,39188,66914,106102
1613739697000,39620,67491,107111
1613739997000,40092,68201,108293
1613740297000,40652,68973,109625
1613740597000,41036,69733,110769
1613740897000,41536,70772,112308
1613741197000,41966,71480,113446
1613741497000,42422,71752,114174
1613741798000,42800,72781,115581
1613742097000,43166,73672,116838
1613742397000,43592,74298,117890
1613742697000,43995,75098,119093
1613742997000,44284,76725,121009
1613743297000,44698,77653,122351
1613743598000,45131,78483,123614
1613743897000,45587,78253,123840
1613744197000,45802,79276,125078
1613744497000,46303,80429,126732
1613744797000,46800,81257,128057
1613745097000,47233,81861,129094
1613745398000,47589,82226,129815
1613745697000,48015,83126,131141
1613745997000,48440,83572,132012
1613746297000,48813,84262,133075
1613746597000,49152,84885,134037
1613746897000,49360,85336,134696
1613747197000,49722,84964,134686
1613747497000,50196,86676,136872
1613747797000,50726,87305,138031
1613748097000,51180,87883,139063
1613748412000,51533,88628,140161
1613748697000,51712,88913,140625
1613748997000,52046,90036,142082
1613749297000,52652,89745,142397
1613749597000,53132,90113,143245
1613749897000,53447,90519,143966
1613750197000,53656,90572,144228
1613750497000,53786,90700,144486
1613750797000,54015,91240,145255
1613751097000,54324,91856,146180
1613751397000,54637,92015,146652
1613751697000,55092,92500,147592
1613751997000,55370,92782,148152
1613752297000,55672,92790,148462
1613752597000,55940,93061,149001
1613752897000,56169,93191,149360
1613753197000,56333,93370,149703
1613753497000,56572,93270,149842
1613753797000,56868,93136,150004
1613754097000,57235,92941,150176
1613754397000,55496,93139,148635
1613754697000,55625,93205,148830
1613754997000,55622,93427,149049
1613755297000,56876,93730,150606
1613755597000,57066,93728,150794
1613755897000,57144,94031,151175
1613756197000,57345,94166,151511
1613756497000,57545,94451,151996
1613756802000,57764,94703,152467
1613757097000,57849,94330,152179
1613757397000,58145,94952,153097
1613757697000,58174,94236,152410
1613757999000,58570,94565,153135
1613758298000,58920,95213,154133
1613758597000,59073,95509,154582
1613758897000,59409,96231,155640
1613759197000,59767,96513,156280
1613759497000,59817,96853,156670
1613759797000,60143,97447,157590
1613760097000,60294,98092,158386
1613760397000,60416,98376,158792
1613760697000,60679,98754,159433
1613760997000,60806,96793,157599
1613761297000,60895,96944,157839
1613761597000,61147,97404,158551
1613761897000,61285,96908,158193
1613762197000,61510,98594,160104
1613762497000,61717,99038,160755
1613762797000,61897,100767,162664
1613763100000,62039,101895,163934
1613763397000,62249,101712,163961
1613763697000,60925,102113,163038
1613763997000,61508,102700,164208
1613764297000,61500,102794,164294
1613764597000,63520,103171,166691
1613764897000,63711,103321,167032
1613765197000,63787,103560,167347
1613765497000,63939,104322,168261
1613765797000,63982,104225,168207
1613766097000,63898,104500,168398
1613766397000,64105,104899,169004
1613766697000,64192,103442,167634
1613766997000,64267,104837,169104
1613767297000,64275,104825,169100
1613767597000,64350,104710,169060
1613767897000,64521,104782,169303
1613768197000,64508,104900,169408
1613768497000,64491,104972,169463
1613768797000,64521,104941,169462
1613769098000,64754,105088,169842
1613769397000,64766,105472,170238
1613769697000,64904,105339,170243
1613769997000,65066,104783,169849
1613770297000,65165,104739,169904
1613770597000,65301,104621,169922
1613770897000,65364,104631,169995
1613771197000,65512,104508,170020
1613771497000,65474,104329,169803
1613771797000,65589,104280,169869
1613772098000,65421,103940,169361
1613772397000,63630,103484,167114
1613772697000,63342,103311,166653
1613772997000,63227,103088,166315
1613773297000,63044,102652,165696
1613773597000,62901,102155,165056
1613773898000,62212,98154,160366
1613774197000,62277,99096,161373
1613774497000,62202,99669,161871
1613774797000,62209,99709,161918
1613775097000,61961,99772,161733
1613775397000,61670,99701,161371
1613775697000,61087,99248,160335
1613775997000,60703,99052,159755
1613776297000,60554,98564,159118
1613776597000,60314,97319,157633
1613776897000,60117,97531,157648
1613777197000,59941,96874,156815
1613777498000,59802,96655,156457
1613777797000,59621,96040,155661
1613778098000,59499,95578,155077
1613778397000,59244,95278,154522
1613778697000,58934,93718,152652
1613778997000,58846,93983,152829
1613779297000,58704,93531,152235
1613779597000,58697,93126,151823
1613779897000,58558,92716,151274
1613780197000,58325,92435,150760
1613780497000,58067,92421,150488
1613780797000,57864,92492,150356
1613781097000,57579,92194,149773
1613781397000,57312,91980,149292
1613781697000,57165,91969,149134
1613781997000,56871,92115,148986
1613782297000,56699,91815,148514
1613782597000,56678,93020,149698
1613782897000,56400,92933,149333
1613783197000,56156,92888,149044
1613783497000,56072,92868,148940
1613783799000,55917,92928,148845
1613784097000,55749,93069,148818
1613784397000,55447,93033,148480
1613784697000,55347,93121,148468
1613784998000,55160,93466,148626
1613785297000,55034,93443,148477
1613785597000,54970,93324,148294
1613785897000,54963,93256,148219
1613786197000,54763,93417,148180
1613786497000,54492,93261,147753
1613786797000,54261,93138,147399
1613787097000,54065,92880,146945
1613787397000,53958,93176,147134
1613787717000,53679,93396,147075
1613787997000,53420,93388,146808
1613788297000,53149,93194,146343
1613788597000,52989,93231,146220
1613788897000,52905,93084,145989
1613789197000,52714,93010,145724
1613789497000,52564,92666,145230
1613789797000,52230,92413,144643
1613790097000,51919,92132,144051
1613790397000,51706,91952,143658
1613790697000,51527,91405,142932
1613790997000,51285,91157,142442
1613791297000,51022,90983,142005
1613791597000,50854,90557,141411
1613791897000,50596,90142,140738
1613792198000,50402,89158,139560
1613792497000,50162,89328,139490
1613792797000,50025,89024,139049
1613793097000,49714,88498,138212
1613793397000,49506,88009,137515
1613793697000,49081,87462,136543
1613793997000,48782,86953,135735
1613794316000,48349,86593,134942
1613794597000,47977,86219,134196
1613794897000,47530,85467,132997
1613795197000,47280,85096,132376
1613795497000,46951,84756,131707
1613795797000,46567,83899,130466
1613796097000,46226,83314,129540
1613796397000,45853,82582,128435
1613796697000,45364,82155,127519
1613796997000,45017,80477,125494
1613797297000,44576,80739,125315
1613797597000,44033,79903,123936
1613797897000,43579,79322,122901
1613798197000,43112,78547,121659
1613798497000,42752,77686,120438
1613798801000,42342,76748,119090
1613799097000,41945,76211,118156
1613799397000,41625,75599,117224
1613799697000,41235,74897,116132
1613799997000,40840,74222,115062
1613800297000,40353,73643,113996
1613800597000,39938,72682,112620
1613800897000,39384,72016,111400
1613801197000,38880,71168,110048
1613801500000,38580,70361,108941
1613801797000,38333,68159,106492
1613802097000,37906,68686,106592
1613802397000,37520,67813,105333
1613802697000,37141,66946,104087
1613802997000,36799,66112,102911
1613803297000,36404,65294,101698
1613803597000,36087,64700,100787
1613803897000,35823,63685,99508
1613804197000,35561,62931,98492
1613804497000,35207,62421,97628
1613804797000,34846,62154,97000
1613805097000,34538,61741,96279
1613805397000,34379,60925,95304
1613805697000,33981,60635,94616
1613805997000,33821,61368,95189
1613806297000,33627,61314,94941
1613806597000,31399,60498,91897
1613806897000,31300,60396,91696
1613807197000,31251,60180,91431
1613807497000,30943,59814,90757
1613807797000,30849,59402,90251
1613808097000,31507,59098,90605
1613808397000,30716,58695,89411
1613808697000,30597,58463,89060
1613808997000,30549,58308,88857
1613809297000,30479,57740,88219
1613809597000,30425,57380,87805
1613809898000,30160,57414,87574
1613810197000,30150,57338,87488
1613810497000,30153,56845,86998
1613810797000,30084,56713,86797
1613811097000,30065,56363,86428
1613811397000,30077,56071,86148
1613811697000,30068,55814,85882
1613811997000,30142,56283,86425
1613812297000,30212,56388,86600
1613812597000,30292,56311,86603
1613812897000,30406,56404,86810
1613813197000,30513,56435,86948
1613813497000,30529,56308,86837
1613813797000,30551,56477,87028
1613814097000,30671,56348,87019
1613814397000,30853,56255,87108
1613814697000,30928,56482,87410
1613814997000,31082,56596,87678
1613815297000,31222,56738,87960
1613815597000,31348,56952,88300
1613815897000,31464,57153,88617
1613816197000,31688,57160,88848
1613816497000,31829,56393,88222
1613816797000,31872,57491,89363
1613817097000,32067,57809,89876
1613817397000,32252,57806,90058
1613817697000,32488,58051,90539
1613817997000,32688,58081,90769
1613818297000,32799,58381,91180
1613818597000,32956,58705,91661
1613818897000,33150,58814,91964
1613819197000,33199,59082,92281
1613819497000,33364,59441,92805
1613819797000,33098,59855,92953
1613820097000,33307,60074,93381
1613820397000,33460,60084,93544
1613820697000,33702,60171,93873
1613820997000,33788,60591,94379
1613821301000,34237,59876,94113
1613821597000,34475,60923,95398
1613821897000,34760,61356,96116
1613822197000,35014,61768,96782
1613822497000,35246,61985,97231
1613822797000,35585,62616,98201
1613823097000,35831,63046,98877
1613823399000,36073,63693,99766
1613823697000,36398,64289,100687
1613823997000,36616,64779,101395
1613824297000,36803,65205,102008
1613824597000,37000,65600,102600
1613824897000,37311,66180,103491
1613825198000,37664,66398,104062
1613825497000,38002,66900,104902
1613825797000,38426,67453,105879
1613826097000,38636,67623,106259
1613826397000,39051,68469,107520
1613826699000,39329,68908,108237
1613826997000,39647,69644,109291
1613827297000,39979,70292,110271
1613827597000,40318,70850,111168
1613827897000,40646,71480,112126
1613828197000,40984,72247,113231
1613828498000,41329,72740,114069
1613828797000,41739,73136,114875
1613829097000,41923,73764,115687
1613829397000,42341,74248,116589
1613829697000,42739,74878,117617
1613829997000,43099,75572,118671
1613830297000,43358,76423,119781
1613830597000,43825,77260,121085
1613830897000,44069,78201,122270
1613831197000,44470,78251,122721
1613831497000,44747,79207,123954
1613831797000,45216,80045,125261
1613832097000,45450,80533,125983
1613832397000,45941,81172,127113
1613832697000,46282,81677,127959
1613832997000,46793,82429,129222
1613833297000,47065,83131,130196
1613833597000,47563,83813,131376
1613833897000,47965,84688,132653
1613834197000,48333,85199,133532
1613834497000,48719,85782,134501
1613834526000,48703,85886,134589
1613834797000,49084,86409,135493
1613835097000,49441,86940,136381
1613835420000,49991,87551,137542
1613835461000,50034,87695,137729
1613835697000,50412,88388,138800
1613835997000,50866,87372,138238
1613836297000,51170,89046,140216
1613836597000,51454,89451,140905
1613836897000,51823,89707,141530
1613837197000,51976,90293,142269
1613837497000,52164,90826,142990
1613837797000,52463,91504,143967
1613838097000,52786,92024,144810
1613838397000,53084,92456,145540
1613838697000,53195,92647,145842
1613838997000,53439,93882,147321
1613839297000,53606,93281,146887
1613839597000,53743,93348,147091
1613839897000,54085,93637,147722
1613840198000,54180,93748,147928
1613840497000,54318,93999,148317
1613840797000,54500,93111,147611
1613841097000,54662,94558,149220
1613841397000,55084,94569,149653
1613841697000,55067,94800,149867
1613841997000,55248,95177,150425
1613842297000,55584,95520,151104
1613842597000,55545,95940,151485
1613842897000,56121,96153,152274
1613843197000,56064,96616,152680
1613843497000,58104,96754,154858
1613843797000,58344,96788,155132
1613844097000,58074,97189,155263
1613844397000,58582,97225,155807
1613844697000,58703,97481,156184
1613844997000,58896,97871,156767
1613845297000,59052,98206,157258
1613845597000,59160,97758,156918
1613845831000,59314,98992,158306
1613846130000,59488,99137,158625
1613846430000,59547,99711,159258
1613846730000,59962,100154,160116
1613847029000,60066,100246,160312
1613847330000,60193,100405,160598
1613847629000,60228,99089,159317
1613847930000,60189,99137,159326
1613848230000,60438,99868,160306
1613848530000,60528,100085,160613
1613848830000,60696,100507,161203
1613849130000,60825,101890,162715
1613849430000,60802,103273,164075
1613849729000,61012,103733,164745
1613850030000,61196,104156,165352
1613850329000,61389,104269,165658
1613850629000,61653,103585,165238
1613850929000,61680,104841,166521
1613851230000,61772,105140,166912
1613851530000,61833,104218,166051
1613851830000,62076,104234,166310
1613852130000,62258,104562,166820
1613852429000,62344,104710,167054
1613852730000,62397,105068,167465
1613853030000,62444,105380,167824
1613853329000,62627,105608,168235
1613853629000,62801,105866,168667
1613853929000,62792,105853,168645
1613854230000,62588,105680,168268
1613854530000,62729,102328,165057
1613854830000,62866,103182,166048
1613855129000,62853,103984,166837
1613855430000,63027,104527,167554
1613855730000,63113,105007,168120
1613856030000,63169,105046,168215
1613856330000,63235,105282,168517
1613856630000,63054,105149,168203
1613856930000,62989,106396,169385
1613857229000,62782,106794,169576
1613857530000,62961,107079,170040
1613857830000,62915,106966,169881
1613858129000,62824,106918,169742
1613858430000,62638,106611,169249
1613858730000,62283,106370,168653
1613859030000,62200,106378,168578
1613859330000,61954,106026,167980
1613859629000,61772,105681,167453
1613859930000,61786,105734,167520
1613860229000,61579,105160,166739
1613860529000,61375,104798,166173
1613860830000,61223,104553,165776
1613861130000,60943,104051,164994
1613861430000,60698,103717,164415
1613861730000,60442,103312,163754
1613862030000,60228,103073,163301
1613862330000,60018,102748,162766
1613862629000,59747,102340,162087
1613862930000,59680,100746,160426
1613863230000,59361,101416,160777
1613863530000,59064,101165,160229
1613863829000,58963,100567,159530
1613864130000,58641,100346,158987
1613864429000,58368,99916,158284
1613864730000,58238,99469,157707
1613865030000,58066,99082,157148
1613865330000,57944,98496,156440
1613865630000,57520,98277,155797
1613865930000,57654,97975,155629
1613866230000,57596,97557,155153
1613866530000,57441,97216,154657
1613866830000,57345,96991,154336
1613867130000,57239,96901,154140
1613867430000,56894,96646,153540
1613867730000,56706,96455,153161
1613868035000,56602,96200,152802
1613868330000,56270,96098,152368
1613868629000,56084,96113,152197
1613868930000,55897,95873,151770
1613869230000,55614,95870,151484
1613869530000,55311,95581,150892
1613869830000,55157,95218,150375
1613870130000,54917,95279,150196
1613870430000,54825,95283,150108
1613870729000,54700,95330,150030
1613871030000,54393,95241,149634
1613871329000,54261,95207,149468
1613871630000,54311,95516,149827
1613871930000,54117,95062,149179
1613872230000,53999,95369,149368
1613872529000,53921,95208,149129
1613872829000,53715,94841,148556
1613873130000,53538,95245,148783
1613873429000,53396,95388,148784
1613873730000,53067,95294,148361
1613874030000,52951,95068,148019
1613874330000,52701,95310,148011
1613874629000,52581,94964,147545
1613874930000,52372,95029,147401
1613875230000,52209,95134,147343
1613875530000,52090,94983,147073
1613875829000,51818,94949,146767
1613876130000,51567,94841,146408
1613876430000,51457,94514,145971
1613876730000,51117,94016,145133
1613877030000,50781,93628,144409
1613877330000,50464,93418,143882
1613877630000,50227,91958,142185
1613877930000,49940,92598,142538
1613878230000,49785,92173,141958
1613878530000,49480,91962,141442
1613878829000,49310,91656,140966
1613879129000,49172,91164,140336
1613879429000,48874,90655,139529
1613879730000,48573,90219,138792
1613880029000,48411,89725,138136
1613880330000,48043,89295,137338
1613880630000,47715,88718,136433
1613880929000,47499,88365,135864
1613881230000,47193,87549,134742
1613881530000,46812,87293,134105
1613881830000,46456,86783,133239
1613882129000,46060,86126,132186
1613882429000,45633,84413,130046
1613882729000,45264,85235,130499
1613883029000,44936,84577,129513
1613883330000,44621,83892,128513
1613883630000,44257,82736,126993
1613883929000,43860,82265,126125
1613884230000,43307,81823,125130
1613884530000,42890,81326,124216
1613884830000,42370,80898,123268
1613885130000,42041,80094,122135
1613885430000,41619,79542,121161
1613885730000,41249,78685,119934
1613886029000,40606,77444,118050
1613886330000,40403,77016,117419
1613886630000,40027,76384,116411
1613886929000,39649,75602,115251
1613887230000,39115,74668,113783
1613887530000,38490,73688,112178
1613887830000,38086,72806,110892
1613888130000,37580,71545,109125
1613888429000,37341,70891,108232
1613888730000,36937,70029,106966
1613889030000,36533,69114,105647
1613889330000,36211,68478,104689
1613889630000,35928,67645,103573
1613889930000,35531,66772,102303
1613890230000,35185,66022,101207
1613890529000,34918,65508,100426
1613890830000,34662,64743,99405
1613891130000,34260,63902,98162
1613891430000,33938,63737,97675
1613891730000,33677,63034,96711
1613892030000,33378,62519,95897
1613892329000,33082,62241,95323
1613892629000,32953,63320,96273
1613892930000,31624,62557,94181
1613893229000,31315,61534,92849
1613893530000,31129,61868,92997
1613893829000,30912,61742,92654
1613894130000,30897,61281,92178
1613894430000,30718,60974,91692
1613894730000,30342,60301,90643
1613895030000,30234,60010,90244
1613895329000,30148,59783,89931
1613895630000,30135,59635,89770
1613895929000,30153,59514,89667
1613896229000,30113,59302,89415
1613896529000,30088,58914,89002
1613896830000,29999,58785,88784
1613897130000,29922,57365,87287
1613897430000,29888,58381,88269
1613897729000,29974,58062,88036
1613898029000,29900,57962,87862
1613898330000,29988,58022,88010
1613898630000,30061,58046,88107
1613898930000,30124,57998,88122
1613899230000,30228,57959,88187
1613899530000,30389,58010,88399
1613899830000,30413,58257,88670
1613900130000,30409,58017,88426
1613900430000,30392,58028,88420
1613900729000,30487,58002,88489
1613901030000,30647,58334,88981
1613901329000,30794,58272,89066
1613901630000,30910,58456,89366
1613901930000,31122,57302,88424
1613902230000,31365,58674,90039
1613902530000,31529,58730,90259
1613902829000,31571,58854,90425
1613903130000,31620,59036,90656
1613903435000,31552,59087,90639
1613903730000,31702,58988,90690
1613904029000,31915,59230,91145
1613904330000,32068,59264,91332
1613904630000,32248,59468,91716
1613904929000,32359,59506,91865
1613905230000,32447,59694,92141
1613905530000,32553,59931,92484
1613905829000,32745,60083,92828
1613906129000,32858,60237,93095
1613906430000,32986,60482,93468
1613906730000,33139,60540,93679
1613907030000,33387,60872,94259
1613907330000,33494,61082,94576
1613907630000,33816,61303,95119
1613907930000,34052,61665,95717
1613908230000,34232,62007,96239
1613908530000,34446,62240,96686
1613908830000,34655,62635,97290
1613909130000,34868,63348,98216
1613909429000,35077,63637,98714
1613909730000,35308,63964,99272
1613910030000,35587,64521,100108
1613910330000,35866,64992,100858
1613910629000,36107,65520,101627
1613910930000,36385,65795,102180
1613911230000,36710,66092,102802
1613911530000,36988,66576,103564
1613911830000,37231,66327,103558
1613912129000,37517,67649,105166
1613912430000,37774,68522,106296
1613912729000,37971,68932,106903
1613913030000,38437,69621,108058
1613913330000,38742,70211,108953
1613913629000,39071,70436,109507
1613913930000,39343,71188,110531
1613914230000,39807,71949,111756
1613914530000,40200,72618,112818
1613914829000,40493,73146,113639
1613915130000,40820,73718,114538
1613915430000,41102,74617,115719
1613915730000,41487,75283,116770
1613916029000,41740,75542,117282
1613916330000,41978,74997,116975
1613916630000,42383,76620,119003
1613916930000,42731,77183,119914
1613917230000,43116,77997,121113
1613917529000,43486,78823,122309
1613917830000,43938,79675,123613
1613918130000,44394,80239,124633
1613918430000,44764,81021,125785
1613918730000,45117,81824,126941
1613919030000,45566,82597,128163
1613919329000,45963,83362,129325
1613919629000,46290,84307,130597
1613919930000,46632,85024,131656
1613920230000,47017,85550,132567
1613920530000,47367,86378,133745
1613920830000,47778,86943,134721
1613921129000,48110,87499,135609
1613921430000,48603,88124,136727
1613921730000,49029,88839,137868
1613922030000,49517,89562,139079
1613922330000,49950,90212,140162
1613922630000,50209,91022,141231
1613922929000,50508,91488,141996
1613923230000,50779,91798,142577
1613923530000,51167,91966,143133
1613923829000,51560,92766,144326
1613924130000,51937,93435,145372
1613924430000,52257,93986,146243
1613924730000,52614,94337,146951
1613925030000,52900,94625,147525
1613925330000,53120,94748,147868
1613925630000,53452,95233,148685
1613925929000,53952,95712,149664
1613926230000,54032,96053,150085
1613926530000,54269,96587,150856
1613926830000,54467,96771,151238
1613927130000,54607,96796,151403
1613927430000,54810,97378,152188
1613927729000,55141,98014,153155
1613928029000,55616,98422,154038
1613928330000,55818,98609,154427
1613928630000,56370,98926,155296
1613928930000,56610,99180,155790
1613929229000,57621,99653,157274
1613929530000,58153,100069,158222
1613929830000,58362,100844,159206
1613930130000,58481,101076,159557
1613930430000,58609,101207,159816
1613930729000,58890,101756,160646
1613931030000,59062,101301,160363
1613931330000,59488,102786,162274
1613931629000,59660,103461,163121
1613931930000,59950,103916,163866
1613932229000,60207,104466,164673
1613932530000,60474,104741,165215
1613932829000,60773,105206,165979
1613933130000,60988,104734,165722
1613933430000,61180,105209,166389
1613933730000,61394,106541,167935
1613934030000,61578,105156,166734
1613934330000,61628,105597,167225
1613934630000,61829,106075,167904
1613934930000,62146,106809,168955
1613935230000,62155,107559,169714
1613935530000,62395,109246,171641
1613935830000,62552,110458,173010
1613936130000,62787,110738,173525
1613936430000,62996,110943,173939
1613936730000,62854,111244,174098
1613937030000,63082,112065,175147
1613937330000,63225,112426,175651
1613937629000,63103,112452,175555
1613937929000,63170,112648,175818
1613938229000,63186,112588,175774
1613938529000,63357,111788,175145
1613938830000,63492,111615,175107
1613939130000,63570,112016,175586
1613939429000,63576,112027,175603
1613939730000,63655,112131,175786
1613940030000,63649,112211,175860
1613940329000,63580,112125,175705
1613940630000,63521,111838,175359
1613940930000,63393,111649,175042
1613941230000,63353,111309,174662
1613941530000,63210,111034,174244
1613941830000,62959,110893,173852
1613942129000,62866,110815,173681
1613942430000,62834,110625,173459
1613942729000,62700,110226,172926
1613943030000,62536,110133,172669
1613943329000,62362,109813,172175
1613943630000,62157,110546,172703
1613943930000,61999,110187,172186
1613944229000,61792,109818,171610
1613944530000,61623,109610,171233
1613944829000,61336,108883,170219
1613945130000,60960,108436,169396
1613945430000,60684,108094,168778
1613945730000,60349,107629,167978
1613946030000,60106,107350,167456
1613946330000,59821,106568,166389
1613946629000,59428,106115,165543
1613946930000,59277,105548,164825
1613947230000,59007,105386,164393
1613947530000,58676,104981,163657
1613947830000,58520,104299,162819
1613948130000,58272,103585,161857
1613948429000,57933,101764,159697
1613948730000,57404,102365,159769
1613949030000,57144,101609,158753
1613949330000,56966,101345,158311
1613949630000,56511,100861,157372
1613949929000,56279,100197,156476
1613950230000,55947,99155,155102
1613950530000,55828,98651,154479
1613950830000,55655,98419,154074
1613951130000,55426,97945,153371
1613951430000,55312,97802,153114
1613951730000,55120,97508,152628
1613952030000,54984,97202,152186
1613952330000,55334,96756,152090
1613952630000,55221,96559,151780
1613952930000,55207,96483,151690
1613953229000,54974,96316,151290
1613953530000,54709,96251,150960
1613953830000,54517,96133,150650
1613954130000,54361,96102,150463
1613954430000,54174,95952,150126
1613954730000,54094,96031,150125
1613955030000,53894,96278,150172
1613955330000,53793,96417,150210
1613955630000,53567,96295,149862
1613955929000,53224,96286,149510
1613956230000,53033,96479,149512
1613956530000,52796,96552,149348
1613956830000,52686,96719,149405
1613957129000,52535,96510,149045
1613957429000,52335,96598,148933
1613957730000,52199,96758,148957
1613958030000,52020,97020,149040
1613958330000,51906,96907,148813
1613958630000,51882,96911,148793
1613958929000,51767,96897,148664
1613959230000,51429,96985,148414
1613959530000,51319,96728,148047
1613959830000,51052,96554,147606
1613960130000,50727,96522,147249
1613960429000,50477,96232,146709
1613960730000,50113,95975,146088
1613961030000,49814,95686,145500
1613961330000,49486,95351,144837
1613961629000,49325,95184,144509
1613961929000,49029,94762,143791
1613962230000,48669,94620,143289
1613962530000,48300,94262,142562
1613962830000,47986,93887,141873
1613963130000,47691,93330,141021
1613963430000,47406,92848,140254
1613963730000,47092,91810,138902
1613964030000,46809,92006,138815
1613964329000,46589,91538,138127
1613964629000,46255,91029,137284
1613964930000,45937,90480,136417
1613965229000,45492,90193,135685
1613965530000,44940,89735,134675
1613965830000,44469,89092,133561
1613966130000,44126,88458,132584
1613966430000,43698,87910,131608
1613966730000,43158,86949,130107
1613967030000,42687,86119,128806
1613967330000,42213,85157,127370
1613967629000,41835,84496,126331
1613967930000,41432,83568,125000
1613968230000,40988,82903,123891
1613968530000,40558,82041,122599
1613968830000,40125,81306,121431
1613969130000,39741,80412,120153
1613969430000,39260,79711,118971
1613969730000,38886,77777,116663
1613970030000,38370,77761,116131
1613970329000,37883,77029,114912
1613970630000,37359,75728,113087
1613970930000,36965,74966,111931
1613971230000,36613,74017,110630
1613971530000,36243,73106,109349
1613971830000,35945,72474,108419
1613972130000,35587,71484,107071
1613972430000,35262,70558,105820
1613972730000,34861,69880,104741
1613973030000,34417,69278,103695
1613973330000,34071,68368,102439
1613973629000,33733,67814,101547
1613973930000,33262,66474,99736
1613974230000,33067,65647,98714
1613974530000,32696,64544,97240
1613974831000,32483,64005,96488
1613975130000,32141,63012,95153
1613975430000,31860,62202,94062
1613975730000,31610,60399,92009
1613976029000,31261,61076,92337
1613976330000,31026,59655,90681
1613976629000,30810,59305,90115
1613976930000,30558,59151,89709
1613977230000,30445,58619,89064
1613977530000,30048,57931,87979
1613977830000,29936,57979,87915
1613978129000,29612,57339,86951
1613978430000,29424,56670,86094
1613978729000,29234,57321,86555
1613979030000,29036,57784,86820
1613979330000,28717,57361,86078
1613979629000,28604,57224,85828
1613979930000,27143,57140,84283
1613980230000,26980,57171,84151
1613980530000,26810,56722,83532
1613980830000,27188,56302,83490
1613981130000,27234,56057,83291
1613981430000,26839,55878,82717
1613981730000,26934,55807,82741
1613982030000,26868,55693,82561
1613982330000,26917,55438,82355
1613982630000,26905,55612,82517
1613982930000,27016,55632,82648
1613983230000,27210,55650,82860
1613983530000,27269,55347,82616
1613983829000,27430,55112,82542
1613984130000,27465,54823,82288
1613984429000,27699,54812,82511
1613984730000,27995,54928,82923
1613985030000,27301,55115,82416
1613985329000,27464,55218,82682
1613985630000,27631,55226,82857
1613985930000,27736,55235,82971
1613986230000,27819,55259,83078
1613986529000,27873,55405,83278
1613986830000,27926,55502,83428
1613987130000,28055,55195,83250
1613987430000,28164,55261,83425
1613987730000,28364,55566,83930
1613988030000,28329,54936,83265
1613988330000,28220,55606,83826
1613988630000,28298,55796,84094
1613988930000,28441,55931,84372
1613989230000,28525,56183,84708
1613989530000,28670,56097,84767
1613989830000,28847,56397,85244
1613990130000,28572,56463,85035
1613990429000,28527,56622,85149
1613990730000,28964,56470,85434
1613991030000,27455,56443,83898
1613991329000,26484,56541,83025
1613991630000,18169,56581,74750
1613991930000,8952,56788,65740
1613992230000,15114,57292,72406
1613992530000,17917,57380,75297
1613992829000,19781,57317,77098
1613993130000,21222,57568,78790
1613993430000,22389,57849,80238
1613993730000,23381,58403,81784
1613994030000,24181,57728,81909
1613994330000,24969,59089,84058
1613994629000,25756,59567,85323
1613994929000,26438,59661,86099
1613995230000,27088,59945,87033
1613995530000,27625,60404,88029
1613995830000,28069,60554,88623
1613996130000,28568,60938,89506
1613996430000,29090,61437,90527
1613996729000,29663,61780,91443
1613997030000,30140,62377,92517
1613997330000,30536,62953,93489
1613997630000,31006,63515,94521
1613997930000,31357,63901,95258
1613998230000,31936,64668,96604
1613998530000,32267,65090,97357
1613998830000,32613,65503,98116
1613999130000,33005,66061,99066
1613999430000,33393,66761,100154
1613999729000,33954,67612,101566
1614000029000,34426,67381,101807
1614000330000,34063,69219,103282
1614000630000,34330,69926,104256
1614000929000,34776,70721,105497
1614001230000,35032,71523,106555
1614001530000,35459,72140,107599
1614001830000,35754,73013,108767
1614002130000,36136,73821,109957
1614002430000,36383,74371,110754
1614002730000,36840,75388,112228
1614003030000,37353,76244,113597
1614003330000,37842,76953,114795
1614003630000,38261,77630,115891
1614003930000,38709,78404,117113
1614004230000,39054,79240,118294
1614004530000,39483,79951,119434
1614004830000,39857,80580,120437
1614005130000,40273,81082,121355
1614005430000,40742,81912,122654
1614005730000,41041,82500,123541
1614006031000,41485,83172,124657
1614006330000,40797,84300,125097
1614006630000,41143,84895,126038
1614006930000,41415,85338,126753
1614007230000,41652,85743,127395
1614007530000,42054,86606,128660
1614007831000,42435,87001,129436
1614008130000,42801,87628,130429
1614008430000,43170,87864,131034
1614008730000,43537,88369,131906
1614009030000,43795,88589,132384
1614009330000,44019,88900,132919
1614009630000,44443,89051,133494
1614009931000,44685,89280,133965
1614010233000,45099,89442,134541
1614010530000,45500,89616,135116
1614010829000,45770,90292,136062
1614011130000,46205,90523,136728
1614011432000,46686,90820,137506
1614011730000,47081,90763,137844
1614012221000,49086,89887,138973
1614012330000,47954,90870,138824
1614012630000,47853,91590,139443
1614012930000,48024,91812,139836
1614013230000,48250,91854,140104
1614013530000,48590,91892,140482
1614013830000,48960,92010,140970
1614014130000,47625,92323,139948
1614014430000,47904,92707,140611
1614014730000,48168,93115,141283
1614015030000,48283,93576,141859
1614015330000,48664,94154,142818
1614015630000,48911,93877,142788
1614015930000,49532,94474,144006
1614016230000,49383,95446,144829
1614016530000,50125,95622,145747
1614016830000,50166,95996,146162
1614017130000,50499,96464,146963
1614017430000,50974,97049,148023
1614017730000,50533,97659,148192
1614018029000,50924,98434,149358
1614018330000,51033,97969,149002
1614018630000,51234,99502,150736
1614018930000,51471,100085,151556
1614019230000,51762,100704,152466
1614019530000,52013,101240,153253
1614019830000,52184,101724,153908
1614020130000,52529,102165,154694
1614020430000,52546,100774,153320
1614020730000,52679,101161,153840
1614021029000,53013,101692,154705
1614021330000,53191,102029,155220
1614021629000,53208,102475,155683
1614021929000,53433,103775,157208
1614022230000,53551,105286,158837
1614022530000,53712,105971,159683
1614022829000,53808,106355,160163
1614023130000,54083,106218,160301
1614023430000,54345,106478,160823
1614023730000,54586,106754,161340
1614024030000,54507,106729,161236
1614024330000,54474,107082,161556
1614024630000,54593,107374,161967
1614024930000,54511,107513,162024
1614025230000,54655,107433,162088
1614025530000,54740,107283,162023
1614025830000,54668,107395,162063
1614026130000,54857,107403,162260
1614026430000,54886,107263,162149
1614026730000,54696,107164,161860
1614027030000,54811,107248,162059
1614027330000,55327,106913,162240
1614027630000,55158,106688,161846
1614027930000,55087,106296,161383
1614028229000,54954,106303,161257
1614028530000,54780,106303,161083
1614028830000,54720,105871,160591
1614029130000,54475,105667,160142
1614029429000,54345,105209,159554
1614029730000,54111,104813,158924
1614030029000,53890,104556,158446
1614030330000,53765,104200,157965
1614030630000,53449,102726,156175
1614030930000,53314,103236,156550
1614031230000,53220,102739,155959
1614031530000,52848,102146,154994
1614031829000,52618,102022,154640
1614032129000,52257,101371,153628
1614032430000,52146,101000,153146
1614032730000,52078,100757,152835
1614033030000,51852,100429,152281
1614033330000,51546,99894,151440
1614033630000,51437,99336,150773
1614033930000,51311,99076,150387
1614034229000,51175,99029,150204
1614034529000,51106,98466,149572
1614034830000,50948,97485,148433
1614035130000,50634,96733,147367
1614035430000,50476,96371,146847
1614035730000,50122,95819,145941
1614036029000,49988,95640,145628
1614036330000,49819,95314,145133
1614036629000,49648,95221,144869
1614036929000,49529,94823,144352
1614037230000,49321,94172,143493
1614037529000,49345,94131,143476
1614037830000,49266,93934,143200
1614038130000,49284,93592,142876
1614038430000,49174,92471,141645
1614038730000,49531,93110,142641
1614039030000,49707,92930,142637
1614039330000,49694,92870,142564
1614039630000,49630,92636,142266
1614039929000,49461,92918,142379
1614040230000,49459,92946,142405
1614040530000,49419,93040,142459
1614040831000,49225,93230,142455
1614041130000,49150,92937,142087
1614041430000,49192,93044,142236
1614041730000,49098,93096,142194
1614042030000,48832,90154,138986
1614042330000,48792,90391,139183
1614042630000,48823,90910,139733
1614042930000,48763,90874,139637
1614043230000,48621,91270,139891
1614043530000,48522,91615,140137
1614043830000,48321,91532,139853
1614044130000,48208,91600,139808
1614044430000,48260,91218,139478
1614044730000,48199,92563,140762
1614045029000,48182,92667,140849
1614045330000,47963,92966,140929
1614045630000,47677,92892,140569
1614045930000,47319,92349,139668
1614046229000,47260,92366,139626
1614046530000,46939,92335,139274
1614046829000,46764,92399,139163
1614047130000,46534,92248,138782
1614047430000,46383,91962,138345
1614047729000,46157,91719,137876
1614048030000,45968,91793,137761
1614048330000,45837,91481,137318
1614048631000,45542,91288,136830
1614048930000,45203,90908,136111
1614049230000,44947,90124,135071
1614049530000,44404,90110,134514
1614049830000,44255,89935,134190
1614050130000,43923,89702,133625
1614050429000,43672,88442,132114
1614050730000,43384,88259,131643
1614051030000,42953,87732,130685
1614051329000,42575,87056,129631
1614051630000,42270,86535,128805
1614051930000,42077,85845,127922
1614052230000,41727,85387,127114
1614052530000,41381,84560,125941
1614052830000,40929,83846,124775
1614053130000,40424,83158,123582
1614053430000,39958,82285,122243
1614053730000,39469,81631,121100
1614054029000,39205,80747,119952
1614054329000,38738,80107,118845
1614054629000,38357,79352,117709
1614054930000,37915,78638,116553
1614055229000,37511,77930,115441
1614055530000,37105,77396,114501
1614055830000,36633,76592,113225
1614056129000,36234,76024,112258
1614056430000,35697,75173,110870
1614056730000,35255,74301,109556
1614057030000,34820,73936,108756
1614057330000,34371,73072,107443
1614057630000,33965,72521,106486
1614057929000,33531,71760,105291
1614058229000,33111,70856,103967
1614058530000,32708,70114,102822
1614058830000,32383,69463,101846
1614059130000,32063,68706,100769
1614059429000,31701,68027,99728
1614059730000,31378,67164,98542
1614060030000,31076,66321,97397
1614060330000,30665,65389,96054
1614060630000,30236,64700,94936
1614060930000,29744,63721,93465
1614061230000,29417,63242,92659
1614061529000,29107,62251,91358
1614061830000,28909,61842,90751
1614062130000,28653,61314,89967
1614062430000,28436,60682,89118
1614062730000,28284,58926,87210
1614063030000,28091,59086,87177
1614063329000,27801,58425,86226
1614063630000,27467,57861,85328
1614063930000,27358,57327,84685
1614064230000,27357,57431,84788
1614064530000,27263,56818,84081
1614064830000,27236,56353,83589
1614065130000,27344,57209,84553
1614065429000,27154,57661,84815
1614065730000,26401,57344,83745
1614066030000,26493,57051,83544
1614066330000,26852,56711,83563
1614066630000,26649,56747,83396
1614066930000,26577,56666,83243
1614067230000,26550,56145,82695
1614067530000,26478,55729,82207
1614067830000,26493,55540,82033
1614068130000,26492,55451,81943
1614068430000,26461,55279,81740
1614068730000,26492,53957,80449
1614069029000,26397,54943,81340
1614069330000,26466,55078,81544
1614069630000,26576,55242,81818
1614069930000,26603,54891,81494
1614070230000,26746,54960,81706
1614070530000,26839,54921,81760
1614070832000,26865,55086,81951
1614070899000,26882,55332,82214
1614071130000,26804,55448,82252
1614071430000,26846,55681,82527
1614071730000,26892,55455,82347
1614072030000,26981,55490,82471
1614072330000,27139,55711,82850
1614072629000,27171,55826,82997
1614072930000,27317,55925,83242
1614073229000,27456,55975,83431
1614073530000,27481,54955,82436
1614073830000,27520,55111,82631
1614074129000,27459,55023,82482
1614074430000,27354,54797,82151
1614074730000,27385,54799,82184
1614075030000,27443,55143,82586
1614075330000,27412,55426,82838
1614075630000,27449,55638,83087
1614075930000,27531,55698,83229
1614076233000,27601,55919,83520
1614076530000,27644,55960,83604
1614076834000,27728,56336,84064
1614077130000,27868,56350,84218
1614077430000,27949,56512,84461
1614077730000,28069,56519,84588
1614078030000,28137,56563,84700
1614078330000,28208,56377,84585
1614078630000,28247,56636,84883
1614078930000,28500,56916,85416
1614079230000,28617,57405,86022
1614079529000,28744,57542,86286
1614079830000,28880,58045,86925
1614080130000,28947,58486,87433
1614080430000,29009,58720,87729
1614080730000,29100,58986,88086
1614081030000,29266,59411,88677
1614081330000,29197,59443,88640
1614081630000,29019,59793,88812
1614081930000,29308,59698,89006
1614082230000,29620,60427,90047
1614082530000,29887,60813,90700
1614082830000,30168,61402,91570
1614083129000,30422,61917,92339
1614083430000,30624,62380,93004
1614083730000,30883,63013,93896
1614084030000,31044,63576,94620
1614084330000,31462,64018,95480
1614084630000,31700,64519,96219
1614084930000,31937,65006,96943
1614085230000,32046,65382,97428
1614085530000,32415,65971,98386
1614085830000,32693,66809,99502
1614086130000,32932,67388,100320
1614086430000,33281,68090,101371
1614086730000,33570,69000,102570
1614087030000,33834,69528,103362
1614087330000,34044,70477,104521
1614087631000,34379,71388,105767
1614087930000,34642,72061,106703
1614088229000,35008,72519,107527
1614088530000,35322,73060,108382
1614088830000,35540,73834,109374
1614089130000,35917,74933,110850
1614089430000,36368,75590,111958
1614089730000,36514,76211,112725
1614090030000,37715,74333,112048
1614090330000,37241,75920,113161
1614090630000,37581,76696,114277
1614090930000,37855,77592,115447
1614091230000,38092,78577,116669
1614091530000,38638,79446,118084
1614091830000,39016,80287,119303
1614092130000,39447,80837,120284
1614092430000,39869,81781,121650
1614092730000,40146,82664,122810
1614093030000,40671,83220,123891
1614093330000,41015,84038,125053
1614093630000,41515,84834,126349
1614093930000,41918,85537,127455
1614094230000,42179,86230,128409
1614094530000,42592,86731,129323
1614094830000,42897,87211,130108
1614095130000,43363,87878,131241
1614095430000,43799,88225,132024
1614095730000,42755,88499,131254
1614096030000,42857,88481,131338
1614096330000,43069,88890,131959
1614096629000,43347,89480,132827
1614096930000,43549,90000,133549
1614097230000,43801,90195,133996
1614097530000,43962,90387,134349
1614097830000,44187,90546,134733
1614098130000,44411,91006,135417
1614098430000,44666,91242,135908
1614098730000,44916,91880,136796
1614099030000,45145,91721,136866
1614099330000,45302,92425,137727
1614099630000,45352,92371,137723
1614099930000,45522,91465,136987
1614100230000,45765,91628,137393
1614100530000,46010,91853,137863
1614100829000,46375,92277,138652
1614101130000,46719,92443,139162
1614101429000,47017,92889,139906
1614101730000,47544,92290,139834
1614102030000,47915,93281,141196
1614102330000,48170,93838,142008
1614102630000,48514,94273,142787
1614102930000,48847,94244,143091
1614103230000,48986,94460,143446
1614103530000,49226,94984,144210
1614103830000,49699,95404,145103
1614104130000,49991,95976,145967
1614104430000,50407,96636,147043
1614104730000,50754,96944,147698
1614105030000,50932,97489,148421
1614105330000,51321,98051,149372
1614105630000,51690,98536,150226
1614105930000,51978,99026,151004
1614106230000,52222,99563,151785
1614106530000,52480,99797,152277
1614106831000,52701,97950,150651
1614107130000,52894,98169,151063
1614107429000,53163,98967,152130
1614107730000,53272,99134,152406
1614108030000,53531,99672,153203
1614108330000,53665,100950,154615
1614108630000,53902,102411,156313
1614108930000,54039,102755,156794
1614109229000,54402,103179,157581
1614109530000,54720,103661,158381
1614109830000,54602,103866,158468
1614110130000,54760,103845,158605
1614110430000,55439,103665,159104
1614110730000,55602,104079,159681
1614111030000,55780,104226,160006
1614111330000,55795,104339,160134
1614111630000,55868,104628,160496
1614111930000,55924,104913,160837
1614112230000,55957,105096,161053
1614112530000,56063,105110,161173
1614112830000,56048,105526,161574
1614113130000,56113,105808,161921
1614113430000,56005,105669,161674
1614113729000,56006,105135,161141
1614114030000,55862,104936,160798
1614114330000,55737,104877,160614
1614114630000,55629,104473,160102
1614114930000,55481,104031,159512
1614115230000,52438,104726,157164
1614115530000,52313,103911,156224
1614115830000,52121,103391,155512
1614116130000,51971,103232,155203
1614116430000,51952,103083,155035
1614116730000,51868,102883,154751
1614117029000,51692,102850,154542
1614117330000,51477,102061,153538
1614117630000,51107,101878,152985
1614117930000,50684,101356,152040
1614118230000,50481,100921,151402
1614118530000,50413,100364,150777
1614118830000,50253,99622,149875
1614119130000,50259,99111,149370
1614119430000,50106,98769,148875
1614119730000,49883,98344,148227
1614120030000,49681,97950,147631
1614120330000,49439,97874,147313
1614120630000,49143,97640,146783
1614120929000,48950,97224,146174
1614121230000,48696,95647,144343
1614121530000,48379,94765,143144
1614121830000,48398,94489,142887
1614122130000,48161,94409,142570
1614122430000,48163,94223,142386
1614122730000,48064,94023,142087
1614123030000,47931,93739,141670
1614123330000,47738,93245,140983
1614123630000,46906,92020,138926
1614123930000,47285,92512,139797
1614124230000,47274,92347,139621
1614124529000,47254,92117,139371
1614124830000,47238,92131,139369
1614125130000,47790,91974,139764
1614125430000,48039,91721,139760
1614125730000,48088,91934,140022
1614126030000,48214,92610,140824
1614126330000,48250,92576,140826
1614126630000,47547,92270,139817
1614126930000,47633,91858,139491
1614127230000,47873,92982,140855
1614127530000,47984,93023,141007
1614127830000,47993,93309,141302
1614128130000,47929,93668,141597
1614128430000,47840,93694,141534
1614128730000,47833,93515,141348
1614129030000,47829,93897,141726
1614129330000,47810,94179,141989
1614129633000,47891,94307,142198
1614129930000,47844,94470,142314
1614130230000,47742,94683,142425
1614130530000,47624,94559,142183
1614130831000,47520,94949,142469
1614131130000,47516,94979,142495
1614131430000,47456,95308,142764
1614131729000,47268,95217,142485
1614132030000,47052,95346,142398
1614132330000,46922,93782,140704
1614132630000,46845,95429,142274
1614132930000,46576,95216,141792
1614133229000,46301,95031,141332
1614133530000,46153,95024,141177
1614133830000,45975,95034,141009
1614134130000,45769,94812,140581
1614134430000,45603,95001,140604
1614134730000,45243,94552,139795
1614135030000,45125,94687,139812
1614135329000,44910,94183,139093
1614135629000,44669,93670,138339
1614135929000,44272,93076,137348
1614136230000,44028,92676,136704
1614136530000,43535,92144,135679
1614136830000,43219,91854,135073
1614137130000,42942,91250,134192
1614137429000,42743,90829,133572
1614137730000,42453,90406,132859
1614138029000,42058,89888,131946
1614138330000,41657,87597,129254
1614138630000,41291,88559,129850
1614138930000,40933,88015,128948
1614139230000,40484,87318,127802
1614139530000,40028,86478,126506
1614139829000,39620,85810,125430
1614140130000,39171,84927,124098
1614140430000,38937,84207,123144
1614140732000,38591,83359,121950
1614141030000,38101,82848,120949
1614141329000,37636,81933,119569
1614141630000,37320,81094,118414
1614141930000,36850,80284,117134
1614142230000,36538,79552,116090
1614142530000,36120,78746,114866
1614142829000,35724,78107,113831
1614143130000,35244,77120,112364
1614143430000,34724,76220,110944
1614143730000,34288,75267,109555
1614144030000,33764,74589,108353
1614144330000,33301,74005,107306
1614144630000,33027,72838,105865
1614144930000,32588,72434,105022
1614145230000,32282,71604,103886
1614145530000,31863,71030,102893
1614145830000,31632,70169,101801
1614146130000,31409,69468,100877
1614146430000,31027,68593,99620
1614146729000,30615,67645,98260
1614147030000,30261,66814,97075
1614147329000,29911,65721,95632
1614147629000,29680,65171,94851
1614147930000,29412,64080,93492
1614148230000,29051,63580,92631
1614148530000,28778,62948,91726
1614148830000,28621,62078,90699
1614149130000,28396,61400,89796
1614149430000,28191,60553,88744
1614149729000,27923,59892,87815
1614150030000,27797,59415,87212
1614150330000,27661,58958,86619
1614150630000,27495,57820,85315
1614150930000,27296,58299,85595
1614151230000,27212,57959,85171
1614151530000,27093,58559,85652
1614151830000,27005,59003,86008
1614152130000,26980,58358,85338
1614152430000,26282,58131,84413
1614152730000,26080,57843,83923
1614153030000,26088,57408,83496
1614153329000,25840,57090,82930
1614153629000,25904,56740,82644
1614153930000,26010,56432,82442
1614154230000,26184,56274,82458
1614154529000,26328,56118,82446
1614154830000,26354,55907,82261
1614155129000,26236,55843,82079
1614155429000,26272,55566,81838
1614155730000,26262,55325,81587
1614156030000,26239,55244,81483
1614156329000,26214,55131,81345
1614156630000,26140,52562,78702
1614156929000,26192,54084,80276
1614157230000,26234,54117,80351
1614157530000,26365,54207,80572
1614157830000,26444,54322,80766
1614158130000,26642,54513,81155
1614158430000,26748,54559,81307
1614158730000,26861,54596,81457
1614159030000,26913,54758,81671
1614159330000,26948,54532,81480
1614159630000,27070,54777,81847
1614159929000,27034,54803,81837
1614160230000,27120,55101,82221
1614160530000,27255,54935,82190
1614160830000,27350,55129,82479
1614161130000,27330,55012,82342
1614161430000,27400,55009,82409
1614161729000,27456,54948,82404
1614162030000,27538,55120,82658
1614162330000,27572,55360,82932
1614162630000,27730,53711,81441
1614162930000,27912,55657,83569
1614163230000,28053,55741,83794
1614163530000,28285,55918,84203
1614163829000,28524,56117,84641
1614164130000,28710,56076,84786
1614164430000,28739,55751,84490
1614164730000,29025,54480,83505
1614165030000,29118,53577,82695
1614165330000,29236,52517,81753
1614165630000,29410,51381,80791
1614165931000,29560,48828,78388
1614166230000,29773,31237,61010
1614166530000,29973,17263,47236
1614166830000,30142,23070,53212
1614167130000,30417,26762,57179
1614167430000,30651,29338,59989
1614167731000,30663,31473,62136
1614168030000,30755,33073,63828
1614168330000,30916,34325,65241
1614168630000,31144,36120,67264
1614168930000,31342,38628,69970
1614169229000,31587,40756,72343
1614169529000,31825,42867,74692
1614169829000,31943,44575,76518
1614170130000,32239,46049,78288
1614170430000,32579,47435,80014
1614170730000,32840,48689,81529
1614171030000,33102,49768,82870
1614171330000,33305,50891,84196
1614171630000,33531,51863,85394
1614171930000,33737,53015,86752
1614172230000,34058,54121,88179
1614172530000,34380,55089,89469
1614172830000,34775,56284,91059
1614173130000,35120,57086,92206
1614173430000,33782,58270,92052
1614173730000,34137,59210,93347
1614174030000,34372,60190,94562
1614174330000,34559,61091,95650
1614174630000,34849,62076,96925
1614174930000,35208,62901,98109
1614175230000,35472,63618,99090
1614175530000,35770,64608,100378
1614175830000,36135,65613,101748
1614176130000,36563,66664,103227
1614176430000,36837,67346,104183
1614176730000,37086,68205,105291
1614177030000,37249,68961,106210
1614177330000,37490,69851,107341
1614177630000,37845,70744,108589
1614177930000,38105,71391,109496
1614178230000,39800,72096,111896
1614178530000,39288,72746,112034
1614178830000,39048,73239,112287
1614179129000,39433,74132,113565
1614179429000,39845,74709,114554
1614179730000,40236,75332,115568
1614180030000,40758,76094,116852
1614180329000,41197,76782,117979
1614180630000,41522,77264,118786
1614180930000,41963,77561,119524
1614181230000,42296,78233,120529
1614181530000,42633,78778,121411
1614181830000,42954,79065,122019
1614182130000,43270,79701,122971
1614182430000,43531,80106,123637
1614182730000,43831,80404,124235
1614183030000,43978,80828,124806
1614183330000,44233,81352,125585
1614183629000,44599,81845,126444
1614183929000,45038,82306,127344
1614184229000,45287,82648,127935
1614184530000,45447,83142,128589
1614184831000,45741,83239,128980
1614185130000,46093,83805,129898
1614185430000,46384,84387,130771
1614185729000,46644,84799,131443
1614186030000,46856,84827,131683
1614186330000,46961,85406,132367
1614186630000,47195,85570,132765
1614186930000,47411,85931,133342
1614187230000,47738,86339,134077
1614187530000,48474,86429,134903
1614187830000,48383,86967,135350
1614188130000,49160,87371,136531
1614188430000,49547,87345,136892
1614188730000,49741,87481,137222
1614189030000,49931,87910,137841
1614189330000,50216,88421,138637
1614189630000,50400,88749,139149
1614189929000,50567,88826,139393
1614190230000,50866,89195,140061
1614190530000,51174,89483,140657
1614190830000,51454,90144,141598
1614191130000,51785,90743,142528
1614191430000,51864,91311,143175
1614191730000,52164,91892,144056
1614192030000,52417,92500,144917
1614192330000,52687,93116,145803
1614192630000,52959,93792,146751
1614192930000,52727,94459,147186
1614193230000,52929,94507,147436
1614193530000,49849,95414,145263
1614193830000,50541,90576,141117
1614194130000,50907,93926,144833
1614194430000,51196,95674,146870
1614194729000,51359,96848,148207
1614195030000,51663,97847,149510
1614195329000,51743,98444,150187
1614195630000,51957,99265,151222
1614195930000,52116,98813,150929
1614196230000,52251,100538,152789
1614196530000,52433,101061,153494
1614196830000,52518,99754,152272
1614197130000,52615,101408,154023
1614197430000,52717,101609,154326
1614197730000,52898,101788,154686
1614198030000,52840,101805,154645
1614198330000,53090,102107,155197
1614198630000,52944,102191,155135
1614198930000,52878,102328,155206
1614199230000,52938,102370,155308
1614199530000,52946,102347,155293
1614199829000,52854,102574,155428
1614200130000,52735,101668,154403
1614200430000,52334,101268,153602
1614200730000,52230,101301,153531
1614201030000,52103,101299,153402
1614201329000,52060,100937,152997
1614201630000,52020,101319,153339
1614201929000,51240,101173,152413
1614202230000,51029,101000,152029
1614202530000,50981,101534,152515
1614202830000,50677,101878,152555
1614203130000,50552,101546,152098
1614203429000,50296,101157,151453
1614203731000,50121,100255,150376
1614204029000,49897,100296,150193
1614204330000,49612,99511,149123
1614204630000,49421,99386,148807
1614204929000,49269,99199,148468
1614205230000,49052,98936,147988
1614205530000,49026,98662,147688
1614205830000,48844,98204,147048
1614206130000,48675,97701,146376
1614206429000,48596,97168,145764
1614206729000,48379,96635,145014
1614207030000,48253,96564,144817
1614207330000,48074,96137,144211
1614207630000,47897,94601,142498
1614207930000,47416,95287,142703
1614208229000,47238,94895,142133
1614208529000,47084,94409,141493
1614208829000,46883,94160,141043
1614209130000,46811,93826,140637
1614209430000,46718,93471,140189
1614209730000,46787,93333,140120
1614210030000,46706,93256,139962
1614210330000,46599,92994,139593
1614210629000,46560,93211,139771
1614210930000,46516,92729,139245
1614211230000,46459,92304,138763
1614211530000,47068,91914,138982
1614211830000,47299,91846,139145
1614212130000,47250,91649,138899
1614212429000,47182,91980,139162
1614212730000,47162,91866,139028
1614213030000,47086,91917,139003
1614213330000,46898,91957,138855
1614213630000,46846,91168,138014
1614213930000,46893,92669,139562
1614214230000,46813,92947,139760
1614214530000,46837,93165,140002
1614214830000,46624,93125,139749
1614215130000,46468,93117,139585
1614215430000,46294,91874,138168
1614215730000,46067,93217,139284
1614216030000,46050,93475,139525
1614216330000,45990,93636,139626
1614216629000,45883,93848,139731
1614216929000,45762,93850,139612
1614217230000,45835,93954,139789
1614217529000,45684,93971,139655
1614217829000,45539,93896,139435
1614218129000,45418,94029,139447
1614218430000,45365,94115,139480
1614218729000,45236,94041,139277
1614219030000,45162,93791,138953
1614219330000,44926,94086,139012
1614219630000,44809,93981,138790
1614219930000,44672,93929,138601
1614220229000,44488,93819,138307
1614220530000,44268,93786,138054
1614220830000,44223,93582,137805
1614221130000,43871,93415,137286
1614221430000,43647,92039,135686
1614221730000,43275,92881,136156
1614222030000,42983,92195,135178
1614222330000,42685,91852,134537
1614222630000,42389,91407,133796
1614222930000,42316,90718,133034
1614223230000,41976,90336,132312
1614223530000,41709,89811,131520
1614223829000,41321,89213,130534
1614224130000,41051,88731,129782
1614224429000,40873,88418,129291
1614224730000,40412,87677,128089
1614225030000,40067,87110,127177
1614225330000,39718,86527,126245
1614225630000,39297,85866,125163
1614225930000,38736,84897,123633
1614226230000,38457,84036,122493
1614226530000,38076,83443,121519
1614226829000,37685,82723,120408
1614227130000,37474,81955,119429
1614227430000,37005,79682,116687
1614227729000,36656,80052,116708
1614228029000,36229,79329,115558
1614228330000,35963,78609,114572
1614228630000,35558,77998,113556
1614228930000,35160,76935,112095
1614229230000,34805,76173,110978
1614229530000,34446,75404,109850
1614229831000,34053,74670,108723
1614230130000,33701,73526,107227
1614230430000,33230,73320,106550
1614230730000,32960,72396,105356
1614231030000,32505,71860,104365
1614231330000,32092,71387,103479
1614231629000,31855,70720,102575
1614231930000,31462,70121,101583
1614232230000,31118,69540,100658
1614232530000,30744,68639,99383
1614232830000,30332,67459,97791
1614233130000,29853,66503,96356
1614233430000,29599,65396,94995
1614233730000,29300,64320,93620
1614234030000,29042,63688,92730
1614234330000,28796,63082,91878
1614234630000,28523,62340,90863
1614234930000,28271,61587,89858
1614235229000,27983,60723,88706
1614235530000,27832,60335,88167
1614235830000,27685,59900,87585
1614236130000,27472,59284,86756
1614236429000,27152,58432,85584
1614236730000,26984,57970,84954
1614237029000,26765,58064,84829
1614237330000,26602,57647,84249
1614237630000,26551,57133,83684
1614237930000,26507,57959,84466
1614238230000,26467,58453,84920
1614238530000,26274,58055,84329
1614238829000,25648,57830,83478
1614239130000,25609,57565,83174
1614239430000,25432,57440,82872
1614239730000,25342,55956,81298
1614240030000,25152,56541,81693
1614240330000,25078,56400,81478
1614240630000,25179,56113,81292
1614240930000,25324,56075,81399
1614241230000,25428,55932,81360
1614241530000,25546,55654,81200
1614241830000,25591,55466,81057
1614242130000,25664,55462,81126
1614242429000,25685,55411,81096
1614242730000,25762,55184,80946
1614243030000,25810,55085,80895
1614243330000,26038,54872,80910
1614243630000,26099,54873,80972
1614243930000,26235,54965,81200
1614244229000,26303,55081,81384
1614244530000,26430,55375,81805
1614244830000,26535,55430,81965
1614245131000,26768,55463,82231
1614245431000,26916,55607,82523
1614245731000,27122,54471,81593
1614246030000,26576,55338,81914
1614246329000,26848,55428,82276
1614246630000,27079,55676,82755
1614246929000,27162,54522,81684
1614247230000,27255,55744,82999
1614247530000,27328,55835,83163
1614247829000,27422,55761,83183
1614248130000,27384,55840,83224
1614248430000,27420,55981,83401
1614248730000,27493,54100,81593
1614249030000,27471,54534,82005
1614249330000,27526,54815,82341
1614249630000,27628,55013,82641
1614249930000,27666,55152,82818
1614250230000,27794,55501,83295
1614250530000,27772,55074,82846
1614250831000,27775,54953,82728
1614251130000,27837,55215,83052
1614251430000,27866,55566,83432
1614251730000,27983,55510,83493
1614252030000,28198,55955,84153
1614252329000,28286,55923,84209
1614252629000,28437,56171,84608
1614252930000,28551,56612,85163
1614253230000,28683,56945,85628
1614253530000,28799,57213,86012
1614253830000,28890,57682,86572
1614254130000,28923,58039,86962
1614254430000,29110,58183,87293
1614254730000,29319,58539,87858
1614255030000,29555,59070,88625
1614255330000,29800,59363,89163
1614255630000,30093,60021,90114
1614255930000,30400,60463,90863
1614256292000,30835,61081,91916
1614256530000,31081,61494,92575
1614256830000,31363,61817,93180
1614257130000,31775,62363,94138
1614257430000,31961,62819,94780
1614257729000,32259,63152,95411
1614258030000,32514,63661,96175
1614258329000,31857,64332,96189
1614258630000,32099,64954,97053
1614258929000,32420,65478,97898
1614259230000,32741,66465,99206
1614259529000,32984,67124,100108
1614259830000,33056,67864,100920
1614260130000,33448,68704,102152
1614260489000,33884,69674,103558
1614260730000,34015,70256,104271
1614261030000,34290,71093,105383
1614261330000,34676,71575,106251
1614261630000,35173,72486,107659
1614261930000,35468,73383,108851
1614262230000,35930,74083,110013
1614262530000,36351,74681,111032
1614262829000,36759,75622,112381
1614263129000,37237,76377,113614
1614263430000,37593,77082,114675
1614263730000,38015,77742,115757
1614264030000,38468,78302,116770
1614264330000,38841,79029,117870
1614264630000,39234,79630,118864
1614264930000,39550,80227,119777
1614265230000,39860,80670,120530
1614265529000,39163,81204,120367
1614265829000,39238,81923,121161
1614266130000,39509,82512,122021
1614266429000,39614,83176,122790
1614266786000,39993,83581,123574
1614267030000,40255,83906,124161
1614267331000,40384,84715,125099
1614267630000,40639,85264,125903
1614267930000,41007,86115,127122
1614268230000,41294,86407,127701
1614268530000,41538,86701,128239
1614268830000,41569,86635,128204
1614269129000,41931,87038,128969
1614269430000,42320,87473,129793
1614269730000,42730,88105,130835
1614270030000,42993,88650,131643
1614270329000,43218,88920,132138
1614270630000,43376,89066,132442
1614270929000,43637,89259,132896
1614271230000,44165,89699,133864
1614271530000,44423,89815,134238
1614271830000,44612,90105,134717
1614272130000,44846,90108,134954
1614272430000,43484,90190,133674
1614272730000,43614,90052,133666
1614273030000,43928,90009,133937
1614273330000,44354,90529,134883
1614273630000,44584,91119,135703
1614273997000,44828,91152,135980
1614274298000,44967,91319,136286
1614274597000,45362,91791,137153
1614274897000,45544,92892,138436
1614275197000,45774,92704,138478
1614275497000,45414,93093,138507
1614275730000,45643,93280,138923
1614276030000,45699,93536,139235
1614276330000,46647,93789,140436
1614276630000,46867,94225,141092
1614276929000,47031,93908,140939
1614277297000,47301,95106,142407
1614277530000,47584,95848,143432
1614277897000,47958,96525,144483
1614278197000,48319,97366,145685
1614278430000,48656,97784,146440
1614278730000,49001,98210,147211
1614279030000,49401,98637,148038
1614279330000,49729,99005,148734
1614279630000,50002,97219,147221
1614279930000,50229,97560,147789
1614280230000,50721,98375,149096
1614280530000,51155,98771,149926
1614280829000,51416,99170,150586
1614281130000,51601,100590,152191
1614281430000,51771,102151,153922
1614281730000,51997,102479,154476
1614282030000,50329,102374,152703
1614282330000,50455,102723,153178
1614282629000,50459,102522,152981
1614282929000,50493,103375,153868
1614283230000,50637,103158,153795
1614283529000,50810,103235,154045
1614283830000,51055,103731,154786
1614284129000,51091,103871,154962
1614284429000,51080,104224,155304
1614284730000,51363,104393,155756
1614285030000,51323,104561,155884
1614285330000,51261,104780,156041
1614285630000,51285,104875,156160
1614285930000,51237,105072,156309
1614286230000,51232,105196,156428
1614286529000,51160,105017,156177
1614286830000,51121,104665,155786
1614287130000,51020,104581,155601
1614287429000,50965,104324,155289
1614287730000,50733,101693,152426
1614288029000,50778,102550,153328
1614288330000,50632,103032,153664
1614288630000,50438,102928,153366
1614288930000,50244,102892,153136
1614289230000,50119,103300,153419
1614289529000,50177,103036,153213
1614289830000,50112,102642,152754
1614290130000,49873,102234,152107
1614290429000,49535,101696,151231
1614290730000,49269,101164,150433
1614291030000,49033,101137,150170
1614291330000,48827,101073,149900
1614291630000,48684,100593,149277
1614291930000,48545,100208,148753
1614292230000,48537,99850,148387
1614292530000,48363,99478,147841
1614292830000,48169,99261,147430
1614293130000,48043,99087,147130
1614293429000,47796,98801,146597
1614293730000,47593,98415,146008
1614294030000,47247,98009,145256
1614294330000,47111,97564,144675
1614294630000,46921,97176,144097
1614294930000,46718,95232,141950
1614295230000,46758,96421,143179
1614295530000,46765,96039,142804
1614295829000,46713,95790,142503
1614296130000,46726,95466,142192
1614296429000,46673,95260,141933
1614296730000,46502,94680,141182
1614297030000,46272,94300,140572
1614297330000,46264,94181,140445
1614297629000,46374,93830,140204
1614297930000,47017,93667,140684
1614298230000,47408,93610,141018
1614298529000,47596,93212,140808
1614298829000,47590,93126,140716
1614299129000,47460,93041,140501
1614299430000,47487,92934,140421
1614299730000,47469,93431,140900
1614300030000,47473,93853,141326
1614300330000,47506,93960,141466
1614300629000,47451,94362,141813
1614300930000,47505,94204,141709
1614301229000,46064,94297,140361
1614301530000,45915,94719,140634
1614301830000,45891,94547,140438
1614302130000,45866,94495,140361
1614302429000,45810,94217,140027
1614302730000,45676,95107,140783
1614303030000,45893,95007,140900
1614303330000,45546,94942,140488
1614303631000,45418,95090,140508
1614303930000,45241,95234,140475
1614304230000,45188,95151,140339
1614304529000,44969,94854,139823
1614304830000,44757,94960,139717
1614305130000,44610,95396,140006
1614305430000,44428,95167,139595
1614305730000,44154,95542,139696
1614306030000,43973,95625,139598
1614306330000,43914,94925,138839
1614306629000,43672,94952,138624
1614306930000,43495,94537,138032
1614307230000,43304,94379,137683
1614307529000,43108,94102,137210
1614307829000,43231,93999,137230
1614308129000,42716,93942,136658
1614308430000,42509,92527,135036
1614308730000,42191,93026,135217
1614309029000,41954,92511,134465
1614309330000,41723,91606,133329
1614309630000,41417,91022,132439
1614309930000,41137,90443,131580
1614310229000,40794,89830,130624
1614310530000,40422,89116,129538
1614310829000,40075,88974,129049
1614311130000,39688,88442,128130
1614311430000,39431,88133,127564
1614311730000,39071,88442,127513
1614312030000,39784,86669,126453
1614312330000,39515,85883,125398
1614312629000,41812,85168,126980
1614312929000,37484,84521,122005
1614313229000,37140,83998,121138
1614313529000,36802,83010,119812
1614313829000,36324,82316,118640
1614314130000,35946,81425,117371
1614314430000,35598,79697,115295
1614314729000,35276,79804,115080
1614315030000,34886,78651,113537
1614315329000,34558,78196,112754
1614315630000,34174,77497,111671
1614315930000,33740,77061,110801
1614316229000,33296,75610,108906
1614316529000,32967,74818,107785
1614316830000,32498,74233,106731
1614317130000,32116,73459,105575
1614317430000,31711,72482,104193
1614317730000,31346,71955,103301
1614318030000,31072,71284,102356
1614318329000,30751,70562,101313
1614318630000,30405,69749,100154
1614318930000,30049,68756,98805
1614319230000,29619,68022,97641
1614319530000,29256,67191,96447
1614319830000,28893,66122,95015
1614320129000,28789,65160,93949
1614320430000,28436,64284,92720
1614320730000,28352,63692,92044
1614321030000,28104,63037,91141
1614321330000,27819,62235,90054
1614321630000,27722,61457,89179
1614321930000,27425,60644,88069
1614322230000,27211,59837,87048
1614322530000,26979,59235,86214
1614322829000,26779,58548,85327
1614323129000,26600,58110,84710
1614323430000,26474,57844,84318
1614323730000,26370,57545,83915
1614324030000,26238,56946,83184
1614324330000,26148,57474,83622
1614324630000,26065,58017,84082
1614324930000,25056,57480,82536
1614325229000,24804,57531,82335
1614325530000,24765,57062,81827
1614325830000,24776,56966,81742
1614326129000,24552,56776,81328
1614326430000,24477,56499,80976
1614326730000,24439,55614,80053
1614327030000,24515,55888,80403
1614327329000,24626,55760,80386
1614327629000,24763,55423,80186
1614327930000,24993,55085,80078
1614328230000,25133,55078,80211
1614328529000,25081,54755,79836
1614328829000,25273,54426,79699
1614329130000,25392,54641,80033
1614329430000,25593,54511,80104
1614329730000,25673,54218,79891
1614330030000,25803,54261,80064
1614330329000,25885,54052,79937
1614330630000,26031,54346,80377
1614330930000,26067,54369,80436
1614331230000,26213,54532,80745
1614331530000,26409,54582,80991
1614331830000,26501,54835,81336
1614332130000,26512,54719,81231
1614332430000,26741,55018,81759
1614332730000,26834,53843,80677
1614333030000,26831,55053,81884
1614333330000,27012,54944,81956
1614333630000,26133,55003,81136
1614333930000,26143,54970,81113
1614334230000,26154,55005,81159
1614334530000,26148,55115,81263
1614334830000,26274,55292,81566
1614335191000,26501,55299,81800
1614335430000,26509,55575,82084
1614335730000,26623,55158,81781
1614336032000,26732,55103,81835
1614336330000,26725,55135,81860
1614336630000,26837,54924,81761
1614336930000,27028,55259,82287
1614337229000,27224,55106,82330
1614337530000,27415,53755,81170
1614337830000,27677,53637,81314
1614338129000,27806,53110,80916
1614338433000,28086,52154,80240
1614338729000,28237,48893,77130
1614339030000,28449,35092,63541
1614339330000,28650,29284,57934
1614339629000,28861,36590,65451
1614339929000,28791,41129,69920
1614340230000,28065,44258,72323
1614340530000,28387,46701,75088
1614340830000,28531,48833,77364
1614341130000,28660,50230,78890
1614341430000,28753,52135,80888
1614341730000,29012,53805,82817
1614342030000,29284,55079,84363
1614342330000,29422,56247,85669
1614342630000,29544,57114,86658
1614342930000,29788,58138,87926
1614343230000,30068,58663,88731
1614343530000,30526,59636,90162
1614343830000,30840,60430,91270
1614344130000,31133,60987,92120
1614344430000,31361,61925,93286
1614344730000,31629,61798,93427
1614345030000,32032,63467,95499
1614345330000,32242,64187,96429
1614345629000,32628,65066,97694
1614345929000,33019,65860,98879
1614346229000,33405,66106,99511
1614346530000,32761,66921,99682
1614346830000,33113,67720,100833
1614347130000,33275,68614,101889
1614347430000,33614,69265,102879
1614347730000,33944,70008,103952
1614348030000,34249,70567,104816
1614348330000,34441,71289,105730
1614348630000,34697,72250,106947
1614348929000,35109,73101,108210
1614349231000,35393,74136,109529
1614349530000,35814,74706,110520
1614349830000,36148,75700,111848
1614350130000,36532,76646,113178
1614350430000,36847,77608,114455
1614350730000,37014,78438,115452
1614351030000,37208,79105,116313
1614351330000,37378,79716,117094
1614351630000,37585,80230,117815
1614351930000,37806,80994,118800
1614352230000,38686,81606,120292
1614352530000,39004,82249,121253
1614352830000,40203,83488,123691
1614353130000,39474,84416,123890
1614353430000,39147,84000,123147
1614353730000,39349,84199,123548
1614354030000,39650,84812,124462
1614354330000,39786,85451,125237
1614354630000,39970,85752,125722
1614354930000,40191,86078,126269
1614355229000,40359,86525,126884
1614355530000,40536,86759,127295
1614355829000,40746,87708,128454
1614356130000,40932,88247,129179
1614356430000,41147,88093,129240
1614356730000,41270,88184,129454
1614357029000,41448,87331,128779
1614357330000,41623,88440,130063
1614357630000,42076,88854,130930
1614357931000,42156,88994,131150
1614358229000,42172,89236,131408
1614358530000,42485,89032,131517
1614358829000,43000,89004,132004
1614359130000,43134,89069,132203
1614359430000,43567,89334,132901
1614359729000,43675,89361,133036
1614360030000,43714,89193,132907
1614360330000,43816,89507,133323
1614360630000,43940,89753,133693
1614360929000,44143,91096,135239
1614361230000,44257,89840,134097
1614361530000,44454,90167,134621
1614361830000,44668,90542,135210
1614362130000,44772,90750,135522
1614362430000,44923,91167,136090
1614362730000,45174,91055,136229
1614363030000,45342,90697,136039
1614363330000,45429,92080,137509
1614363630000,45529,91651,137180
1614363930000,45639,92577,138216
1614364230000,45848,93033,138881
1614364530000,46003,93351,139354
1614364830000,46170,94161,140331
1614365129000,46448,94323,140771
1614365430000,46627,94939,141566
1614365731000,46824,95456,142280
1614366030000,46967,94106,141073
1614366329000,47065,94322,141387
1614366630000,47245,94648,141893
1614366930000,47351,95195,142546
1614367229000,47557,95551,143108
1614367530000,47875,96974,144849
1614367830000,48045,97942,145987
1614368130000,47963,98378,146341
1614368430000,48180,98953,147133
1614368730000,47951,99460,147411
1614369030000,48308,98766,147074
1614369330000,48309,99725,148034
1614369630000,48466,99894,148360
1614369930000,49663,100029,149692
1614370230000,49887,100487,150374
1614370529000,50010,100804,150814
1614370829000,50191,101074,151265
1614371130000,50231,101253,151484
1614371430000,50252,101495,151747
1614371730000,50413,101669,152082
1614372030000,50555,101908,152463
1614372330000,50611,101965,152576
1614372630000,50623,102068,152691
1614372930000,50777,102090,152867
1614373230000,50626,102075,152701
1614373529000,50617,101947,152564
1614373830000,50688,101962,152650
1614374129000,50730,102068,152798
1614374430000,50816,101990,152806
1614374730000,50817,101682,152499
1614375029000,50807,101720,152527
1614375330000,50822,101211,152033
1614375630000,50719,101591,152310
1614375930000,50762,101479,152241
1614376230000,50891,101621,152512
1614376530000,50778,101368,152146
1614376830000,50543,100696,151239
1614377130000,50419,100165,150584
1614377429000,50321,99897,150218
1614377730000,50256,99825,150081
1614378030000,50141,100458,150599
1614378330000,50081,99488,149569
1614378630000,49956,99161,149117
1614378930000,49796,99026,148822
1614379230000,49676,98644,148320
1614379530000,49517,98203,147720
1614379830000,49420,98080,147500
1614380130000,49163,96807,145970
1614380430000,49112,96733,145845
1614380730000,48974,96393,145367
1614381030000,48804,96050,144854
1614381330000,48611,94571,143182
1614381630000,48277,95151,143428
1614381929000,48055,95106,143161
1614382230000,47949,94797,142746
1614382530000,47687,94493,142180
1614382830000,47619,93994,141613
1614383130000,47494,93738,141232
1614383429000,47370,93419,140789
1614383729000,47160,93094,140254
1614384030000,47211,92815,140026
1614384330000,47468,92331,139799
1614384630000,47547,92354,139901
1614384930000,47425,92294,139719
1614385230000,47232,92413,139645
1614385530000,47129,92495,139624
1614385830000,47028,92203,139231
1614386130000,46923,92038,138961
1614386430000,46871,91818,138689
1614386729000,46740,91962,138702
1614387030000,46612,92051,138663
1614387330000,46584,90767,137351
1614387630000,46374,91731,138105
1614387929000,46193,91644,137837
1614388230000,46033,91775,137808
1614388530000,45928,90629,136557
1614388830000,45946,91737,137683
1614389130000,45800,91827,137627
1614389430000,45648,91696,137344
1614389730000,45560,91775,137335
1614390029000,45368,91802,137170
1614390330000,45172,91793,136965
1614390630000,45111,91763,136874
1614390930000,44899,91956,136855
1614391230000,44733,91981,136714
1614391530000,44644,91825,136469
1614391830000,44458,91556,136014
1614392129000,44199,91616,135815
1614392429000,44236,91757,135993
1614392729000,44021,91783,135804
1614393030000,44039,91673,135712
1614393330000,43885,91421,135306
1614393630000,43825,91420,135245
1614393930000,43650,91454,135104
1614394230000,43401,91506,134907
1614394529000,43097,90512,133609
1614394830000,42456,88857,131313
1614395129000,42381,89096,131477
1614395430000,42328,88608,130936
1614395729000,42186,88286,130472
1614396030000,42052,88346,130398
1614396330000,41922,87995,129917
1614396629000,41669,87658,129327
1614396930000,41479,87237,128716
1614397230000,41193,86979,128172
1614397530000,41009,86760,127769
1614397830000,40817,86677,127494
1614398129000,40503,85322,125825
1614398430000,40255,85554,125809
1614398730000,40065,85027,125092
1614399030000,39721,84498,124219
1614399330000,39514,84007,123521
1614399629000,39279,83377,122656
1614399930000,38989,82940,121929
1614400230000,38581,82538,121119
1614400529000,38354,81745,120099
1614400830000,37940,80701,118641
1614401129000,37726,80175,117901
1614401429000,37382,79772,117154
1614401729000,37132,79244,116376
1614402030000,36919,78547,115466
1614402329000,36622,77728,114350
1614402629000,36249,77290,113539
1614402930000,35791,76614,112405
1614403229000,35520,76099,111619
1614403530000,35203,75430,110633
1614403829000,34753,74727,109480
1614404130000,34478,73933,108411
1614404430000,34056,73335,107391
1614404729000,33752,72742,106494
1614405030000,33501,72091,105592
1614405330000,33117,71296,104413
1614405630000,32774,70497,103271
1614405929000,32334,69576,101910
1614406230000,32000,68762,100762
1614406530000,31793,67699,99492
1614406829000,31482,66929,98411
1614407130000,31211,66048,97259
1614407430000,31084,65308,96392
1614407730000,30869,64618,95487
1614408030000,30589,63867,94456
1614408329000,30346,63170,93516
1614408630000,30089,62242,92331
1614408930000,29799,61518,91317
1614409230000,29367,60845,90212
1614409529000,29210,60046,89256
1614409830000,28982,59940,88922
1614410130000,28737,59374,88111
1614410430000,28503,58614,87117
1614410729000,28478,59241,87719
1614411030000,28331,59695,88026
1614411330000,28231,59266,87497
1614411630000,28197,59029,87226
1614411930000,27033,58551,85584
1614412229000,26875,58144,85019
1614412529000,26965,57659,84624
1614412830000,26507,57288,83795
1614413130000,26697,56958,83655
1614413430000,26818,56477,83295
1614413730000,26914,56435,83349
1614414030000,26856,56337,83193
1614414330000,26542,56078,82620
1614414631000,26517,55955,82472
1614414929000,26404,55862,82266
1614415230000,26427,55694,82121
1614415530000,26365,55460,81825
1614415830000,26455,55121,81576
1614416129000,26417,55003,81420
1614416430000,26418,54692,81110
1614416730000,26489,54498,80987
1614417030000,26551,54776,81327
1614417330000,26618,54711,81329
1614417630000,26675,54630,81305
1614417930000,26861,54524,81385
1614418230000,26953,54502,81455
1614418529000,27028,54676,81704
1614418830000,27123,54501,81624
1614419130000,27269,54519,81788
1614419430000,27375,54731,82106
1614419730000,27425,54723,82148
1614420031000,27446,54699,82145
1614420330000,27552,54554,82106
1614420630000,27521,54556,82077
1614420930000,27583,54668,82251
1614421229000,27747,54770,82517
1614421530000,27955,54796,82751
1614421829000,28113,54784,82897
1614422129000,28378,54978,83356
1614422429000,28601,55470,84071
1614422729000,28738,55735,84473
1614423030000,28957,55808,84765
1614423329000,28836,56048,84884
1614423629000,28802,56062,84864
1614423930000,28916,56311,85227
1614424230000,29135,56518,85653
1614424530000,29214,56654,85868
1614424830000,29353,57182,86535
1614425129000,29577,57531,87108
1614425430000,29586,57697,87283
1614425730000,29860,57917,87777
1614426029000,29791,58313,88104
1614426329000,29904,58468,88372
1614426629000,29911,58603,88514
1614426930000,30252,59134,89386
1614427230000,30289,59115,89404
1614427530000,30531,59567,90098
1614427830000,30688,59982,90670
1614428130000,30876,60357,91233
1614428430000,31156,60979,92135
1614428730000,31316,61377,92693
1614429030000,31597,61883,93480
1614429330000,31807,62434,94241
1614429630000,32022,62997,95019
1614429929000,32245,63265,95510
1614430229000,32461,64051,96512
1614430530000,32797,64531,97328
1614430830000,33078,64798,97876
1614431130000,33319,65232,98551
1614431430000,33651,65787,99438
1614431729000,33748,66489,100237
1614432030000,34074,67171,101245
1614432330000,33902,66845,100747
1614432630000,34380,67879,102259
1614432930000,34766,68810,103576
1614433229000,34965,69358,104323
1614433530000,35073,70136,105209
1614433830000,35445,70941,106386
1614434130000,35958,71736,107694
1614434430000,36455,72090,108545
1614434730000,36694,72852,109546
1614435030000,37030,73628,110658
1614435330000,37382,74312,111694
1614435630000,37695,74816,112511
1614435930000,38001,75404,113405
1614436230000,38298,75979,114277
1614436530000,38563,76626,115189
1614436830000,38928,77350,116278
1614437130000,39210,77826,117036
1614437430000,39550,78672,118222
1614437730000,39969,79131,119100
1614438331000,40577,80269,120846
1614438630000,40984,80960,121944
1614438930000,41312,81371,122683
1614439229000,41735,82097,123832
1614439530000,41943,82607,124550
1614439829000,42314,83128,125442
1614440129000,42502,83682,126184
1614440430000,42857,84568,127425
1614440729000,43313,84948,128261
1614441030000,43648,85853,129501
1614441330000,43952,86286,130238
1614441630000,44204,86645,130849
1614441929000,44438,87034,131472
1614442230000,44720,87416,132136
1614442529000,45005,87943,132948
1614442829000,45270,88646,133916
1614443130000,45504,88973,134477
1614443430000,45814,89329,135143
1614443730000,46039,89396,135435
1614444029000,46350,89945,136295
1614444330000,46523,90326,136849
1614444629000,46993,90635,137628
1614444929000,47042,90636,137678
1614445230000,47056,90792,137848
1614445530000,47098,91010,138108
1614445830000,47269,90996,138265
1614446130000,47517,91224,138741
1614446430000,47609,91470,139079
1614446730000,47793,91567,139360
1614447030000,47935,92076,140011
1614447330000,48022,92291,140313
1614447630000,48317,92643,140960
1614447930000,48427,93096,141523
1614448230000,48688,93543,142231
1614448530000,49004,93845,142849
1614448830000,49215,94099,143314
1614449130000,49363,94321,143684
1614449430000,49462,94971,144433
1614449730000,49593,95410,145003
1614450030000,49690,95476,145166
1614450330000,49470,92255,141725
1614450630000,49617,93474,143091
1614450930000,49819,94288,144107
1614451230000,50044,94947,144991
1614451530000,50257,95555,145812
1614451830000,50563,96432,146995
1614452130000,50739,97084,147823
1614452430000,50896,95545,146441
1614452730000,51030,95767,146797
1614453030000,51088,96283,147371
1614453330000,51206,96850,148056
1614453630000,51267,97080,148347
1614453929000,51424,98727,150151
1614454230000,51609,100124,151733
1614454530000,51739,100317,152056
1614454830000,51824,100621,152445
1614455130000,52090,100954,153044
1614455430000,52260,101227,153487
1614455730000,52585,101697,154282
1614456029000,52768,101886,154654
1614456330000,52788,102096,154884
1614456630000,52909,102429,155338
1614456930000,53034,102718,155752
1614457230000,53124,103123,156247
1614457530000,53091,103168,156259
1614457829000,53222,103173,156395
1614458130000,53352,103326,156678
1614458430000,53339,104800,158139
1614458730000,53490,103986,157476
1614459030000,53480,104066,157546
1614459330000,53559,104083,157642
1614459630000,53522,104134,157656
1614459929000,53532,104085,157617
1614460230000,53528,104130,157658
1614460530000,53461,103972,157433
1614460830000,53406,103988,157394
1614461130000,53382,103909,157291
1614461430000,53489,103516,157005
1614461729000,53376,103372,156748
1614462030000,53376,103243,156619
1614462329000,53339,103235,156574
1614462629000,53533,103029,156562
1614462930000,53518,102590,156108
1614463230000,53469,102164,155633
1614463530000,53299,101771,155070
1614463829000,53235,101637,154872
1614464130000,53335,101459,154794
1614464430000,54604,101219,155823
1614464730000,54505,100983,155488
1614465030000,53927,100673,154600
1614465329000,52610,100365,152975
1614465630000,52475,100280,152755
1614465929000,52329,100340,152669
1614466230000,52132,99941,152073
1614466529000,51914,99395,151309
1614466830000,51741,99004,150745
1614467130000,51430,97964,149394
1614467430000,51205,97365,148570
1614467730000,51165,96977,148142
1614468030000,50969,96908,147877
1614468329000,50769,96197,146966
1614468630000,50612,95952,146564
1614468930000,50562,95730,146292
1614469229000,50329,95440,145769
1614469529000,50267,95733,146000
1614469830000,50150,95724,145874
1614470130000,49963,95495,145458
1614470430000,49743,94802,144545
1614470798000,49916,94371,144287
1614471030000,51065,94274,145339
1614471330000,50024,94407,144431
1614471630000,49734,93952,143686
1614471930000,49567,93951,143518
1614472230000,49437,92697,142134
1614472530000,49206,93135,142341
1614472830000,49036,92961,141997
1614473129000,48823,92892,141715
1614473430000,48533,92850,141383
1614473729000,48422,92562,140984
1614474030000,48140,92068,140208
1614474330000,47953,92486,140439
1614474630000,47859,92443,140302
1614474930000,47748,92321,140069
1614475230000,47542,92221,139763
1614475530000,47447,92248,139695
1614475830000,47298,91794,139092
1614476130000,47164,92375,139539
1614476430000,47047,91212,138259
1614476730000,46951,91903,138854
1614477030000,46883,92143,139026
1614477330000,46686,91931,138617
1614477629000,46552,91533,138085
1614477929000,46308,91964,138272
1614478230000,46125,91885,138010
1614478530000,46035,91794,137829
1614478830000,45904,91420,137324
1614479129000,45852,91602,137454
1614479430000,45748,91157,136905
1614479730000,45617,91404,137021
1614480029000,45464,91380,136844
1614480329000,45356,91443,136799
1614480630000,45296,91104,136400
1614480930000,44980,90806,135786
1614481230000,44780,90243,135023
1614481530000,44521,90586,135107
1614481830000,44218,90258,134476
1614482129000,43991,90044,134035
1614482429000,44059,89910,133969
1614482730000,43735,89453,133188
1614483030000,43380,88895,132275
1614483331000,43216,88853,132069
1614483630000,42892,88399,131291
1614483929000,42726,88060,130786
1614484229000,42477,87623,130100
1614484530000,42221,87221,129442
1614484829000,42005,86544,128549
1614485130000,41688,86349,128037
1614485430000,41414,85904,127318
1614485730000,41154,85440,126594
1614486031000,40774,85116,125890
1614486330000,40576,84545,125121
1614486629000,40263,83788,124051
1614486930000,40129,83531,123660
1614487230000,39819,82763,122582
1614487530000,39616,82475,122091
1614487829000,39334,81818,121152
1614488129000,39065,80923,119988
1614488430000,38783,79123,117906
1614488730000,38438,78845,117283
1614489030000,38094,78122,116216
1614489329000,37836,77569,115405
1614489630000,37493,76672,114165
1614489930000,37207,76316,113523
1614490230000,36790,75533,112323
1614490530000,36516,74985,111501
1614490830000,36209,74349,110558
1614491130000,35908,73679,109587
1614491429000,35538,73305,108843
1614491730000,35132,72727,107859
1614492029000,34827,71659,106486
1614492330000,34354,71122,105476
1614492629000,33883,70270,104153
1614492930000,33719,69250,102969
1614493230000,33388,68772,102160
1614493529000,33180,67823,101003
1614493830000,32869,67000,99869
1614494130000,32729,66274,99003
1614494430000,32193,65654,97847
1614494730000,31871,65004,96875
1614495030000,31574,64126,95700
1614495330000,31283,63658,94941
1614495629000,31052,62688,93740
1614495930000,30905,62200,93105
1614496230000,30895,61562,92457
1614496530000,30755,61031,91786
1614496830000,30577,60299,90876
1614497130000,30424,61006,91430
1614497430000,30306,61356,91662
1614497730000,30231,60747,90978
1614498030000,30033,60433,90466
1614498330000,29362,59763,89125
1614498629000,29647,59845,89492
1614498930000,29590,59660,89250
1614499229000,29167,59060,88227
1614499529000,28918,58782,87700
1614499829000,29017,58275,87292
1614500129000,28909,58698,87607
1614500430000,28853,57723,86576
1614500730000,28764,57381,86145
1614501034000,28762,56996,85758
1614501329000,28764,57077,85841
1614501630000,28805,56900,85705
1614501929000,28807,56694,85501
1614502229000,28918,56553,85471
1614502529000,28993,56627,85620
1614502830000,28999,56478,85477
1614503130000,29018,56249,85267
1614503430000,29021,55883,84904
1614503730000,29003,56080,85083
1614504030000,29201,56125,85326
1614504330000,29282,56077,85359
1614504630000,29209,56420,85629
1614504930000,29574,56490,86064
1614505230000,29617,56489,86106
1614505530000,29736,56491,86227
1614505830000,29829,56719,86548
1614506130000,29924,56714,86638
1614506430000,30044,56546,86590
1614506730000,30140,56736,86876
1614507029000,30296,57040,87336
1614507330000,30422,56828,87250
1614507699000,30722,56775,87497
1614507929000,30834,56812,87646
1614508230000,30858,56756,87614
1614508530000,30960,56934,87894
1614508830000,31046,57114,88160
1614509130000,31220,57064,88284
1614509430000,31269,57545,88814
1614509729000,31323,57795,89118
1614510030000,31394,57822,89216
1614510329000,31297,57546,88843
1614510629000,31394,57703,89097
1614510930000,31489,57847,89336
1614511230000,31683,57964,89647
1614511530000,31949,58140,90089
1614511830000,32051,58078,90129
1614512129000,32214,58637,90851
1614512429000,32279,58903,91182
1614512730000,32502,59054,91556
1614513030000,32772,59116,91888
1614513330000,32893,59019,91912
1614513630000,33092,59537,92629
1614513930000,33241,59754,92995
1614514229000,33387,60305,93692
1614514530000,33652,60832,94484
1614514830000,33877,60956,94833
1614515130000,34158,61685,95843
1614515430000,34313,62087,96400
1614515730000,34699,62414,97113
1614516030000,34921,63262,98183
1614516329000,35090,63629,98719
1614516630000,35331,63927,99258
1614516930000,35441,64237,99678
1614517230000,35663,64638,100301
1614517529000,35936,65049,100985
1614517830000,36161,65707,101868
1614518130000,36464,65928,102392
1614518430000,36816,66468,103284
1614518730000,37214,67062,104276
1614519030000,37542,67641,105183
1614519330000,37825,68312,106137
1614519630000,38253,69214,107467
1614519930000,38609,69956,108565
1614520230000,39049,70727,109776
1614520530000,39457,71310,110767
1614520830000,39607,71883,111490
1614521130000,39813,72417,112230
1614521430000,40140,73230,113370
1614521730000,40404,73700,114104
1614522030000,40774,74659,115433
1614522330000,41105,75512,116617
1614522630000,41470,76366,117836
1614522929000,41929,77091,119020
1614523230000,42324,77824,120148
1614523530000,42750,78723,121473
1614523829000,43123,79509,122632
1614524130000,43514,80328,123842
1614524430000,43886,81092,124978
1614524729000,44159,81725,125884
1614525030000,44640,82329,126969
1614525330000,45141,83342,128483
1614525630000,45434,84196,129630
1614525930000,45861,84854,130715
1614526230000,46155,85734,131889
1614526530000,46818,86184,133002
1614526829000,47248,86720,133968
1614527130000,47524,87709,135233
1614527430000,47871,88275,136146
1614527730000,48195,88984,137179
1614528030000,48590,89561,138151
1614528329000,48839,90497,139336
1614528630000,49105,91136,140241
1614528929000,49482,91936,141418
1614529230000,49934,92642,142576
1614529529000,50307,93152,143459
1614529829000,50505,93586,144091
1614530130000,50755,93972,144727
1614530430000,51163,94420,145583
1614530729000,51559,94608,146167
1614531030000,51354,95083,146437
1614531330000,51728,95344,147072
1614531630000,52025,95595,147620
1614531930000,52239,95756,147995
1614532230000,52486,95559,148045
1614532530000,52685,95890,148575
1614532830000,52958,96323,149281
1614533130000,53212,96745,149957
1614533429000,53371,97032,150403
1614533730000,53532,97177,150709
1614534030000,53838,97910,151748
1614534330000,53985,98214,152199
1614534629000,54113,98647,152760
1614534929000,54483,98967,153450
1614535230000,54642,99302,153944
1614535529000,54817,99719,154536
1614535830000,54939,100251,155190
1614536130000,55091,100607,155698
1614536430000,55259,101231,156490
1614536730000,55613,101638,157251
1614537030000,55740,102041,157781
1614537330000,56052,102284,158336
1614537630000,56371,103030,159401
1614537930000,56744,104131,160875
1614538230000,56855,104815,161670
1614538529000,57196,105263,162459
1614538830000,57428,104068,161496
1614539130000,57573,104506,162079
1614539430000,57762,105131,162893
1614539729000,57995,105450,163445
1614540030000,58139,105667,163806
1614540330000,58517,107260,165777
1614540629000,58639,108733,167372
1614540930000,58766,109138,167904
1614541229000,58777,109628,168405
1614541530000,58873,110291,169164
1614541830000,59256,110208,169464
1614542130000,59464,110633,170097
1614542430000,59431,110378,169809
1614542730000,59726,110342,170068
1614543030000,60189,110470,170659
1614543330000,60333,110488,170821
1614543630000,60556,110689,171245
1614543930000,60484,111133,171617
1614544230000,60418,111120,171538
1614544530000,60352,110984,171336
1614544830000,60375,111224,171599
1614545130000,60330,111149,171479
1614545430000,60330,111242,171572
1614545729000,60271,111178,171449
1614546030000,60212,110850,171062
1614546330000,60191,110501,170692
1614546630000,60123,110252,170375
1614546930000,60140,110089,170229
1614547229000,59975,109801,169776
1614547530000,59837,109640,169477
1614547829000,59557,109563,169120
1614548130000,59480,109475,168955
1614548430000,59264,109208,168472
1614548730000,59100,108852,167952
1614549029000,58879,108335,167214
1614549330000,58505,107751,166256
1614549630000,58228,107490,165718
1614549930000,57828,106782,164610
1614550229000,57578,106484,164062
1614550530000,57376,105802,163178
1614550829000,57283,105415,162698
1614551130000,57012,104732,161744
1614551430000,56621,104427,161048
1614551730000,56431,103879,160310
1614552030000,56157,103405,159562
1614552330000,55950,102939,158889
1614552630000,55759,102438,158197
1614552929000,55495,101848,157343
1614553230000,55175,101071,156246
1614553530000,54799,100670,155469
1614553830000,54532,100164,154696
1614554130000,54171,99679,153850
1614554430000,53986,99300,153286
1614554730000,53705,98853,152558
1614555030000,53490,98448,151938
1614555329000,53281,97655,150936
1614555630000,53315,97347,150662
1614555929000,53142,96890,150032
1614556229000,52959,96747,149706
1614556530000,52832,96525,149357
1614556830000,52617,96378,148995
1614557133000,53175,95924,149099
1614557197000,53212,95918,149130
1614557430000,53328,95756,149084
1614557730000,53390,95578,148968
1614558030000,53264,95460,148724
1614558329000,53171,95487,148658
1614558630000,52956,95307,148263
1614558929000,52654,95014,147668
1614559230000,52556,94852,147408
1614559530000,52317,94864,147181
1614559830000,52127,94762,146889
1614560129000,51906,94909,146815
1614560430000,51825,94750,146575
1614560730000,51576,94948,146524
1614561029000,51334,95107,146441
1614561330000,51258,95120,146378
1614561630000,51095,95374,146469
1614561930000,50924,95416,146340
1614562230000,50821,95548,146369
1614562530000,50650,95528,146178
1614562830000,50696,95466,146162
1614563130000,50560,95567,146127
1614563429000,50398,95387,145785
1614563729000,50351,95246,145597
1614564029000,50098,95134,145232
1614564330000,49820,95118,144938
1614564629000,49671,95025,144696
1614564930000,49326,94798,144124
1614565230000,49055,94923,143978
1614565530000,48913,94788,143701
1614565830000,48767,94684,143451
1614566130000,48432,94421,142853
1614566430000,48372,94122,142494
1614566730000,48078,93721,141799
1614567030000,47920,93447,141367
1614567330000,47797,93166,140963
1614567630000,47485,92769,140254
1614567930000,47162,92170,139332
1614568230000,46852,91684,138536
1614568529000,46670,91165,137835
1614568829000,46397,90623,137020
1614569130000,46082,90138,136220
1614569430000,45624,89205,134829
1614569730000,45325,88533,133858
1614570029000,44972,87912,132884
1614570330000,44646,87725,132371
1614570630000,44332,87343,131675
1614570930000,43939,86295,130234
1614571230000,43492,85690,129182
1614571529000,42988,84850,127838
1614571830000,42532,84068,126600
1614572129000,42167,83240,125407
1614572430000,41889,82631,124520
1614572729000,41479,81727,123206
1614573030000,41052,81027,122079
1614573330000,40747,80081,120828
1614573629000,40340,79372,119712
1614573930000,39924,78452,118376
1614574232000,39620,77760,117380
1614574530000,39311,76840,116151
1614574830000,38848,75909,114757
1614575130000,38436,74825,113261
1614575429000,37982,74001,111983
1614575730000,37602,73018,110620
1614576029000,37074,72328,109402
1614576330000,36654,71460,108114
1614576630000,36330,70728,107058
1614576930000,36005,69781,105786
1614577229000,35586,68948,104534
1614577530000,35207,68379,103586
1614577829000,34883,67705,102588
1614578130000,34564,66925,101489
1614578430000,34260,66022,100282
1614578729000,33845,65071,98916
1614579030000,33504,64472,97976
1614579330000,33219,63526,96745
1614579630000,32925,62901,95826
1614579930000,32588,61894,94482
1614580230000,32328,61039,93367
1614580530000,32100,60227,92327
1614580830000,31845,59694,91539
1614581130000,31612,58850,90462
1614581430000,31414,57918,89332
1614581730000,31274,57280,88554
1614582030000,31075,56846,87921
1614582330000,30972,56455,87427
1614582630000,30914,56399,87313
1614582930000,30779,55817,86596
1614583230000,30706,55412,86118
1614583530000,30570,56092,86662
1614583830000,30487,56706,87193
1614584130000,30272,56155,86427
1614584429000,29506,56095,85601
1614584730000,29599,55626,85225
1614585029000,29374,55098,84472
1614585330000,29268,54882,84150
1614585635000,29246,54481,83727
1614585930000,29225,54470,83695
1614586229000,29213,54233,83446
1614586529000,29180,54169,83349
1614586830000,29194,54037,83231
1614587130000,29329,53570,82899
1614587430000,29576,53544,83120
1614587730000,29674,53375,83049
1614588030000,29716,53418,83134
1614588329000,29718,52814,82532
1614588630000,29672,53063,82735
1614588929000,29790,53368,83158
1614589230000,29923,53372,83295
1614589530000,29848,53410,83258
1614589830000,30123,53517,83640
1614590130000,30193,53607,83800
1614590430000,30306,53696,84002
1614590730000,30448,53701,84149
1614591030000,30475,53917,84392
1614591330000,30690,53874,84564
1614591630000,30806,53860,84666
1614591930000,30848,53999,84847
1614592229000,30922,54082,85004
1614592529000,30895,54150,85045
1614592830000,30073,54061,84134
1614593129000,30069,53874,83943
1614593429000,30194,54016,84210
1614593730000,30323,54079,84402
1614594030000,30448,54269,84717
1614594329000,30659,54274,84933
1614594630000,30768,54375,85143
1614594930000,30884,54256,85140
1614595230000,32675,54363,87038
1614595530000,31062,54416,85478
1614595830000,31120,54699,85819
1614596129000,31149,54807,85956
1614596430000,31078,54871,85949
1614596729000,31147,54788,85935
1614597030000,31249,55123,86372
1614597329000,31374,55472,86846
1614597630000,31364,55414,86778
1614597930000,31494,55915,87409
1614598230000,31587,56041,87628
1614598529000,31755,56356,88111
1614598830000,31869,56801,88670
1614599129000,31950,57197,89147
1614599430000,32027,57579,89606
1614599730000,32148,57685,89833
1614600030000,31802,57911,89713
1614600329000,30106,57906,88012
1614600630000,29550,58411,87961
1614600930000,29218,58892,88110
1614601230000,29043,59431,88474
1614601530000,29115,59914,89029
1614601829000,28953,60327,89280
1614602433000,29228,61304,90532
1614602533000,29261,61361,90622
1614602730000,29338,61747,91085
1614603030000,29601,62229,91830
1614603330000,29866,62595,92461
1614603630000,30030,62975,93005
1614603929000,30194,63368,93562
1614604230000,30323,62926,93249
1614604530000,30540,64283,94823
1614604829000,29389,65141,94530
1614605130000,29645,65714,95359
1614605430000,29559,66233,95792
1614605730000,29422,67182,96604
1614606030000,29288,67949,97237
1614606330000,29310,68587,97897
1614606629000,28925,69444,98369
1614606930000,28079,69961,98040
1614607230000,10212,70530,80742
1614607530000,9750,71190,80940
1614607830000,16731,71699,88430
1614608130000,20018,72669,92687
1614608430000,22259,73422,95681
1614608730000,24144,74170,98314
1614609030000,25598,74664,100262
1614609330000,27105,75449,102554
1614609630000,28182,76295,104477
1614609930000,29111,76878,105989
1614610230000,29778,77836,107614
1614610530000,30604,78059,108663
1614610830000,31149,78497,109646
1614611130000,32224,79082,111306
1614611431000,32943,79972,112915
1614611730000,33692,80404,114096
1614612030000,34239,81181,115420
1614612330000,34881,81649,116530
1614612630000,35311,81868,117179
1614612930000,35764,82360,118124
1614613231000,36185,83268,119453
1614613530000,36862,83890,120752
1614613829000,37203,84487,121690
1614614130000,37791,84572,122363
1614614430000,38088,84966,123054
1614614730000,38576,85349,123925
1614615030000,38921,86134,125055
1614615329000,39462,87202,126664
1614615630000,39773,88350,128123
1614615930000,40069,88546,128615
1614616229000,40363,88394,128757
1614616530000,40612,88562,129174
1614616830000,41023,88513,129536
1614617130000,41247,88979,130226
1614617430000,41593,88784,130377
1614617730000,41789,88851,130640
1614618030000,42012,89062,131074
1614618330000,42294,89179,131473
1614618630000,42600,89347,131947
1614618930000,42909,89546,132455
1614619230000,43158,90209,133367
1614619530000,43402,90404,133806
1614619830000,43807,90887,134694
1614620130000,44103,88819,132922
1614620430000,45300,89926,135226
1614620730000,45482,91052,136534
1614621030000,45880,91645,137525
1614621330000,47279,92981,140260
1614621630000,47514,93472,140986
1614621930000,47840,93230,141070
1614622230000,48186,94060,142246
1614622529000,46020,94638,140658
1614622829000,46471,95370,141841
1614623130000,46779,95815,142594
1614623430000,47050,96647,143697
1614623730000,47325,97087,144412
1614624030000,47557,97825,145382
1614624329000,47852,98070,145922
1614624629000,48015,98613,146628
1614624930000,48067,99257,147324
1614625229000,48131,97678,145809
1614625530000,48125,97885,146010
1614625830000,48266,97892,146158
1614626130000,48408,98871,147279
1614626430000,48636,99567,148203
1614626730000,48729,100989,149718
1614627030000,48859,102021,150880
1614627330000,49008,102451,151459
1614627630000,49192,102807,151999
1614627930000,49230,103157,152387
1614628230000,49306,104150,153456
1614628530000,49428,103569,152997
1614628830000,49420,103457,152877
1614629130000,49529,103269,152798
1614629430000,49607,103444,153051
1614629730000,49802,103295,153097
1614630030000,49582,103298,152880
1614630330000,49750,103455,153205
1614630630000,49791,104016,153807
1614630930000,49784,103932,153716
1614631230000,49720,104374,154094
1614631529000,49696,104297,153993
1614631830000,49689,104205,153894
1614632130000,49475,104193,153668
1614632430000,49379,104304,153683
1614632730000,49197,103812,153009
1614633030000,49078,103820,152898
1614633329000,48860,103728,152588
1614633631000,48951,103400,152351
1614633930000,48769,103265,152034
1614634230000,48654,103015,151669
1614634530000,48531,102437,150968
1614634830000,48324,102325,150649
1614635130000,48168,102130,150298
1614635429000,48026,101953,149979
1614635730000,47956,101090,149046
1614636030000,47705,100913,148618
1614636330000,47633,100476,148109
1614636630000,47277,99833,147110
1614636929000,47110,99527,146637
1614637230000,46875,99094,145969
1614637530000,46652,98773,145425
1614637830000,46401,98561,144962
1614638130000,46264,97561,143825
1614638429000,46144,97855,143999
1614638730000,45997,97469,143466
1614639030000,45908,96738,142646
1614639330000,45750,96259,142009
1614639629000,45513,95776,141289
1614639929000,45351,95298,140649
1614640229000,45256,94957,140213
1614640530000,45022,94501,139523
1614640830000,44916,94275,139191
1614641130000,44718,94101,138819
1614641430000,44719,93916,138635
1614641730000,44575,93437,138012
1614642029000,44494,93147,137641
1614642330000,44376,93040,137416
1614642629000,44244,93004,137248
1614642930000,44222,92903,137125
1614643230000,44209,92478,136687
1614643530000,44641,92407,137048
1614643830000,44606,93156,137762
1614644129000,44533,93161,137694
1614644429000,44716,93298,138014
1614644729000,44600,93260,137860
1614645030000,44519,92800,137319
1614645330000,44354,92905,137259
1614645630000,44296,92302,136598
1614645929000,44195,92325,136520
1614646230000,44111,92364,136475
1614646530000,44084,92425,136509
1614646830000,43914,92378,136292
1614647130000,43775,92504,136279
1614647430000,43703,92600,136303
1614647730000,43683,92911,136594
1614648030000,43566,93122,136688
1614648330000,43561,93336,136897
1614648630000,43373,93361,136734
1614648930000,43368,93765,137133
1614649230000,43410,93857,137267
1614649531000,43304,94026,137330
1614649537000,43334,94031,137365
1614649830000,43286,94100,137386
1614650130000,43169,93984,137153
1614650430000,43108,93941,137049
1614650730000,42882,93673,136555
1614651030000,42635,93723,136358
1614651330000,42474,94511,136985
1614651630000,42385,94331,136716
1614651930000,42073,94178,136251
1614652230000,41788,94151,135939
1614652530000,41678,93992,135670
1614652830000,41578,94001,135579
1614653130000,41257,92918,134175
1614653429000,41092,93028,134120
1614653730000,40856,92810,133666
1614654029000,40608,92314,132922
1614654330000,40291,91545,131836
1614654630000,40052,91027,131079
1614654930000,39819,90714,130533
1614655229000,39555,90203,129758
1614655529000,39198,89640,128838
1614655830000,38951,89094,128045
1614656129000,38663,88325,126988
1614656429000,38330,87961,126291
1614656730000,37958,87375,125333
1614657029000,37582,86828,124410
1614657330000,37255,86027,123282
1614657630000,36981,85188,122169
1614657929000,36570,84270,120840
1614658230000,36134,83530,119664
1614658530000,35746,82505,118251
1614658830000,35474,81896,117370
1614659129000,35054,81086,116140
1614659430000,34709,80316,115025
1614659730000,34479,79637,114116
1614660029000,34165,78913,113078
1614660330000,33805,78055,111860
1614660630000,33405,77411,110816
1614660930000,33078,76664,109742
1614661230000,32693,75779,108472
1614661530000,32192,74765,106957
1614661829000,31854,73945,105799
1614662130000,31545,73237,104782
1614662429000,31124,72399,103523
1614662729000,30755,71577,102332
1614663030000,30633,70873,101506
1614663330000,30225,69938,100163
1614663630000,29984,69060,99044
1614663931000,29634,68269,97903
1614664230000,29339,67519,96858
1614664530000,29243,66681,95924
1614664829000,28958,65836,94794
1614665130000,28569,64832,93401
1614665430000,28317,64273,92590
1614665730000,28124,63190,91314
1614666030000,27797,62716,90513
1614666329000,27485,61827,89312
1614666630000,27139,61262,88401
1614666929000,27081,60455,87536
1614667230000,26877,59684,86561
1614667530000,26717,59081,85798
1614667829000,26646,58337,84983
1614668130000,26471,57732,84203
1614668429000,26362,57127,83489
1614668730000,26186,56537,82723
1614669030000,26237,56657,82894
1614669330000,26221,56070,82291
1614669630000,26163,55768,81931
1614669930000,25789,56618,82407
1614670230000,25459,57393,82852
1614670530000,24024,56720,80744
1614670829000,24025,56491,80516
1614671130000,24001,56285,80286
1614671430000,24618,56173,80791
1614671730000,23728,55578,79306
1614672029000,23577,55294,78871
1614672329000,23344,55003,78347
1614672629000,23387,54547,77934
1614672930000,23406,54536,77942
1614673230000,23429,54685,78114
1614673530000,23493,54401,77894
1614673830000,23545,54304,77849
1614674130000,23691,54509,78200
1614674430000,23836,54502,78338
1614674799000,24110,54674,78784
1614675030000,24272,54607,78879
1614675330000,24456,54593,79049
1614675630000,24614,54574,79188
1614675930000,24706,54400,79106
1614676229000,24874,54395,79269
1614676530000,25012,54256,79268
1614676830000,25179,54257,79436
1614677130000,25289,54269,79558
1614677430000,25456,54438,79894
1614677730000,25527,54494,80021
1614678029000,25623,54670,80293
1614678330000,25675,54553,80228
1614678630000,25706,54492,80198
1614678930000,25035,54486,79521
1614679230000,25020,54472,79492
1614679530000,24814,54440,79254
1614679830000,24739,54377,79116
1614680129000,24562,54494,79056
1614680430000,24204,54578,78782
1614680730000,23418,54656,78074
1614681030000,8330,54661,62991
1614681330000,8946,55132,64078
1614681630000,13673,55241,68914
1614681930000,16041,55372,71413
1614682230000,17600,55263,72863
1614682530000,18754,55331,74085
1614682830000,19725,55354,75079
1614683130000,20545,55387,75932
1614683430000,21268,55545,76813
1614683729000,21949,55674,77623
1614684030000,22530,56028,78558
1614684329000,22982,56160,79142
1614684630000,23373,56476,79849
1614684930000,23677,56840,80517
1614685230000,24001,57261,81262
1614685530000,24271,57523,81794
1614685830000,24670,57765,82435
1614686130000,24949,57998,82947
1614686430000,25216,58412,83628
1614686730000,25571,58639,84210
1614687030000,25696,59129,84825
1614687330000,25924,59854,85778
1614687630000,26225,60359,86584
1614687929000,26536,61102,87638
1614688229000,26868,61873,88741
1614688530000,27233,61962,89195
1614688830000,27523,62442,89965
1614689130000,27719,62786,90505
1614689430000,27955,63267,91222
1614689730000,28206,63723,91929
1614690030000,28436,64163,92599
1614690330000,28843,64742,93585
1614690630000,29092,65327,94419
1614690930000,29404,66077,95481
1614691229000,29752,66895,96647
1614691530000,29992,67353,97345
1614691829000,30186,67957,98143
1614692129000,30573,68686,99259
1614692429000,30837,69253,100090
1614692729000,31099,69791,100890
1614693030000,31461,70699,102160
1614693330000,31889,71165,103054
1614693630000,32244,71818,104062
1614693930000,32550,72525,105075
1614694230000,32901,73284,106185
1614694530000,33185,73792,106977
1614694830000,33504,74655,108159
1614695130000,33872,75332,109204
1614695430000,34134,76070,110204
1614695730000,34423,76886,111309
1614696030000,34622,77610,112232
1614696330000,34942,78141,113083
1614696630000,35231,78676,113907
1614696930000,35451,79526,114977
1614697231000,35721,80295,116016
1614697831000,36481,81433,117914
1614698130000,36953,82057,119010
1614698430000,37353,82659,120012
1614698730000,37717,83139,120856
1614699033000,37998,83498,121496
1614699330000,38380,83920,122300
1614699630000,38826,84346,123172
1614699930000,39102,84838,123940
1614700230000,39313,85904,125217
1614700529000,38431,86231,124662
1614700829000,38643,86313,124956
1614701130000,38909,86530,125439
1614701430000,39111,86851,125962
1614701730000,39297,88245,127542
1614702030000,39571,88705,128276
1614702330000,39815,89037,128852
1614702629000,39851,89567,129418
1614702930000,40225,89945,130170
1614703229000,40603,90158,130761
1614703530000,40931,90145,131076
1614703830000,41394,90556,131950
1614704130000,41812,90081,131893
1614704430000,43745,90117,133862
1614704730000,42153,90235,132388
1614705030000,42400,89928,132328
1614705330000,42766,90075,132841
1614705630000,43155,90540,133695
1614705930000,43611,90746,134357
1614706229000,43980,91108,135088
1614706530000,45166,91585,136751
1614706830000,45662,91903,137565
1614707130000,45942,92459,138401
1614707430000,46307,92825,139132
1614707730000,46500,93066,139566
1614708029000,46596,93017,139613
1614708329000,46893,93340,140233
1614708629000,47562,94000,141562
1614708930000,46735,94606,141341
1614709229000,48271,95054,143325
1614709530000,49194,95597,144791
1614709830000,49402,96405,145807
1614710130000,49665,96776,146441
1614710430000,49928,97335,147263
1614710730000,49844,95320,145164
1614711030000,50242,96610,146852
1614711330000,50555,97389,147944
1614711630000,50794,96899,147693
1614711930000,50978,96957,147935
1614712230000,51225,97798,149023
1614712529000,52424,98595,151019
1614712830000,51721,99118,150839
1614713130000,51802,100529,152331
1614713430000,52060,101857,153917
1614713730000,52220,102218,154438
1614714029000,52481,102517,154998
1614714330000,52736,103058,155794
1614714629000,52762,103445,156207
1614714930000,53009,103628,156637
1614715230000,53030,103594,156624
1614715530000,52423,103946,156369
1614715830000,50106,104280,154386
1614716130000,50357,104611,154968
1614716430000,50130,104678,154808
1614716730000,49985,104779,154764
1614717030000,49854,104727,154581
1614717329000,49911,104564,154475
1614717629000,49822,104914,154736
1614717930000,49806,104643,154449
1614718229000,49758,104761,154519
1614718530000,49745,104499,154244
1614718829000,49435,104243,153678
1614719129000,49305,104008,153313
1614719430000,49223,103532,152755
1614719730000,49068,102982,152050
1614720030000,48896,102852,151748
1614720330000,48826,101771,150597
1614720630000,48576,102601,151177
1614720930000,48535,102610,151145
1614721229000,48474,102086,150560
1614721529000,48310,101809,150119
1614721830000,48102,101478,149580
1614722130000,47920,100916,148836
1614722430000,47749,100368,148117
1614722730000,47335,99935,147270
1614723030000,47212,99571,146783
1614723330000,47079,99307,146386
1614723630000,46982,99052,146034
1614723930000,46887,98676,145563
1614724230000,46726,97202,143928
1614724530000,46553,96508,143061
1614724829000,46396,96112,142508
1614725130000,46175,95640,141815
1614725430000,45984,95401,141385
1614725730000,45738,95027,140765
1614726030000,45570,94284,139854
1614726330000,45300,93720,139020
1614726630000,45016,93684,138700
1614726930000,45011,93288,138299
1614727230000,44877,93128,138005
1614727530000,44792,93039,137831
1614727830000,44722,92790,137512
1614728130000,44554,92733,137287
1614728430000,44452,92941,137393
1614728730000,44405,91835,136240
1614729030000,44343,91432,135775
1614729330000,44154,91276,135430
1614729630000,44158,91058,135216
1614729930000,44527,91088,135615
1614730230000,44611,90915,135526
1614730530000,44512,91027,135539
1614730830000,44528,90821,135349
1614731130000,44471,91240,135711
1614731430000,44271,91147,135418
1614731730000,44306,91088,135394
1614732030000,44219,91474,135693
1614732329000,44188,91487,135675
1614732630000,44238,91699,135937
1614732930000,44095,91738,135833
1614733230000,43955,91915,135870
1614733530000,43793,91988,135781
1614733830000,43695,92184,135879
1614734130000,43576,92221,135797
1614734430000,43487,92384,135871
1614734730000,43537,92625,136162
1614735030000,43525,92772,136297
1614735330000,43432,93096,136528
1614735630000,43489,93499,136988
1614735930000,43392,93619,137011
1614736230000,43314,93839,137153
1614736530000,43077,93815,136892
1614736830000,43004,93895,136899
1614737130000,42829,93559,136388
1614737430000,42599,93497,136096
1614737730000,42446,93768,136214
1614738030000,42272,93910,136182
1614738330000,42130,93652,135782
1614738630000,42000,93750,135750
1614738930000,41620,93175,134795
1614739229000,41473,93047,134520
1614739530000,41275,93247,134522
1614739830000,41067,93029,134096
1614740130000,40795,92686,133481
1614740430000,40643,92144,132787
1614740730000,40388,91606,131994
1614741030000,40101,91201,131302
1614741329000,39814,90858,130672
1614741630000,39439,90476,129915
1614741929000,39101,89964,129065
1614742230000,38794,89422,128216
1614742530000,38549,88657,127206
1614742830000,38213,88019,126232
1614743130000,37787,87219,125006
1614743430000,37425,86654,124079
1614743730000,37144,85936,123080
1614744030000,36738,85011,121749
1614744329000,36388,84040,120428
1614744630000,35962,83046,119008
1614744930000,35585,82258,117843
1614745229000,35340,81633,116973
1614745530000,35058,80950,116008
1614745830000,34733,80014,114747
1614746130000,34465,79540,114005
1614746430000,34142,78756,112898
1614746730000,33827,77805,111632
1614747030000,33504,77171,110675
1614747330000,33254,76346,109600
1614747630000,32826,75370,108196
1614747929000,32528,74244,106772
1614748230000,32215,73388,105603
1614748530000,31821,72502,104323
1614748830000,31498,71641,103139
1614749130000,31265,70765,102030
1614749430000,30887,70155,101042
1614749730000,30516,69326,99842
1614750030000,30222,68581,98803
1614750330000,29923,67908,97831
1614750629000,29530,67295,96825
1614750931000,29254,64646,93900
1614751230000,28895,63893,92788
1614751530000,28493,62934,91427
1614751830000,28207,62360,90567
1614752130000,28104,61916,90020
1614752430000,27933,61577,89510
1614752729000,27627,62680,90307
1614753030000,27465,62476,89941
1614753330000,27250,61477,88727
1614753630000,27145,60849,87994
1614753930000,26890,59535,86425
1614754230000,26667,58049,84716
1614754530000,26472,57096,83568
1614754830000,26394,56398,82792
1614755130000,26284,55921,82205
1614755430000,26211,55991,82202
1614755730000,26033,55631,81664
1614756030000,25854,55260,81114
1614756329000,25598,56068,81666
1614756630000,25525,56365,81890
1614756930000,24746,56118,80864
1614757230000,24949,55411,80360
1614757530000,24457,54833,79290
1614757830000,23273,54705,77978
1614758129000,23233,54364,77597
1614758430000,23310,53982,77292
1614758730000,23483,53623,77106
1614759030000,23573,53692,77265
1614759330000,23330,53888,77218
1614759630000,23404,53111,76515
1614759929000,23418,52917,76335
1614760230000,23308,52915,76223
1614760530000,23613,52767,76380
1614760829000,23768,52708,76476
1614761130000,23881,52420,76301
1614761430000,24093,52505,76598
1614761729000,24150,52638,76788
1614762030000,24293,52638,76931
1614762330000,24498,52661,77159
1614762629000,24660,52770,77430
1614762930000,24795,52969,77764
1614763230000,24998,52899,77897
1614763530000,25165,52982,78147
1614763830000,25326,53114,78440
1614764130000,24602,53200,77802
1614764430000,24629,53272,77901
1614764730000,24662,53316,77978
1614765030000,24690,53643,78333
1614765330000,24745,54083,78828
1614765629000,24800,53918,78718
1614765930000,24853,54157,79010
1614766230000,25043,54284,79327
1614766530000,25227,54321,79548
1614766830000,25274,54422,79696
1614767130000,25470,54473,79943
1614767430000,25666,54442,80108
1614767730000,25666,54145,79811
1614768030000,25856,54164,80020
1614768330000,25944,54375,80319
1614768630000,26165,54319,80484
1614768930000,26266,54288,80554
1614769230000,26356,54312,80668
1614769530000,26549,53423,79972
1614769831000,26708,52926,79634
1614770130000,26857,52018,78875
1614770430000,27109,50677,77786
1614770730000,27333,48161,75494
1614771029000,26718,20576,47294
1614771329000,27680,21566,49246
1614771630000,27936,29238,57174
1614771930000,28095,33644,61739
1614772230000,28330,36962,65292
1614772530000,28436,39631,68067
1614772830000,28511,41916,70427
1614773130000,28724,45001,73725
1614773430000,28884,47218,76102
1614773730000,29009,48710,77719
1614774030000,29329,50051,79380
1614774330000,29529,51026,80555
1614774630000,29668,52125,81793
1614774930000,29925,53311,83236
1614775230000,30330,54510,84840
1614775530000,30569,55581,86150
1614775830000,30778,56027,86805
1614776130000,29644,56939,86583
1614776430000,29897,58027,87924
1614776730000,30113,58931,89044
1614777030000,30402,59711,90113
1614777330000,30646,60522,91168
1614777630000,30909,61471,92380
1614777930000,31088,62324,93412
1614778230000,31432,63034,94466
1614778530000,31681,64008,95689
1614778830000,31908,65007,96915
1614779130000,32170,65831,98001
1614779430000,32468,66578,99046
1614779729000,32760,67382,100142
1614780030000,33019,67736,100755
1614780330000,33378,68642,102020
1614780630000,33750,69606,103356
1614780930000,34037,70340,104377
1614781230000,34428,71221,105649
1614781530000,34771,72059,106830
1614781830000,34982,72787,107769
1614782130000,35304,73625,108929
1614782430000,35604,74639,110243
1614782730000,35766,75025,110791
1614783029000,35974,76051,112025
1614783330000,36121,76603,112724
1614783630000,36348,77187,113535
1614783930000,36545,77774,114319
1614784229000,36922,78600,115522
1614784530000,37182,79455,116637
1614784830000,37593,79626,117219
1614785130000,37653,79912,117565
1614785430000,37939,80993,118932
1614785730000,38187,81760,119947
1614786030000,38449,82424,120873
1614786330000,38772,83085,121857
1614786630000,38936,83402,122338
1614786930000,39050,83622,122672
1614787230000,39339,84051,123390
1614787530000,39530,84689,124219
1614787830000,39704,85213,124917
1614788130000,39846,85827,125673
1614788430000,40175,86115,126290
1614788730000,40328,86232,126560
1614789030000,40499,86387,126886
1614789330000,40695,86153,126848
1614789630000,41039,86597,127636
1614789930000,41127,86675,127802
1614790230000,41273,86939,128212
1614790530000,41414,87129,128543
1614790830000,41492,86906,128398
1614791129000,41727,86965,128692
1614791430000,41899,87205,129104
1614791730000,41889,87599,129488
1614792030000,41838,87809,129647
1614792330000,41945,88212,130157
1614792630000,43513,88503,132016
1614792930000,44226,88842,133068
1614793230000,44400,89211,133611
1614793530000,44465,89944,134409
1614793830000,44624,90047,134671
1614794130000,44697,90505,135202
1614794430000,44762,90877,135639
1614794730000,44995,91261,136256
1614795030000,45240,91519,136759
1614795330000,45520,92772,138292
1614795629000,45689,92768,138457
1614795930000,46035,93884,139919
1614796230000,46184,94208,140392
1614796530000,46528,94895,141423
1614796830000,46793,95641,142434
1614797130000,47019,96215,143234
1614797430000,47110,97027,144137
1614797730000,47189,96725,143914
1614798030000,47327,95650,142977
1614798330000,47524,95948,143472
1614798630000,48190,96802,144992
1614798930000,47858,98631,146489
1614799230000,48041,99440,147481
1614799530000,48146,99316,147462
1614799830000,48197,99497,147694
1614800129000,48320,99789,148109
1614800429000,48526,100335,148861
1614800730000,48627,100574,149201
1614801029000,48717,101094,149811
1614801329000,48805,101185,149990
1614801630000,48853,101148,150001
1614801930000,48913,101172,150085
1614802231000,48889,101383,150272
1614802530000,48909,101571,150480
1614802830000,49026,101802,150828
1614803130000,49038,101774,150812
1614803430000,49103,101745,150848
1614803730000,49026,101716,150742
1614804030000,48987,101935,150922
1614804330000,49068,102052,151120
1614804630000,48868,101784,150652
1614804930000,48828,101816,150644
1614805230000,48784,101415,150199
1614805530000,48620,101221,149841
1614805830000,48566,101004,149570
1614806130000,48457,101069,149526
1614806430000,48231,100827,149058
1614806730000,48209,100585,148794
1614807030000,48068,100255,148323
1614807330000,47878,100116,147994
1614807630000,47760,99519,147279
1614807930000,47543,99217,146760
1614808230000,47425,99001,146426
1614808529000,47222,98576,145798
1614808830000,47018,97838,144856
1614809130000,46706,97314,144020
1614809429000,46647,96846,143493
1614809730000,46525,96631,143156
1614810030000,46390,96317,142707
1614810330000,46180,95735,141915
1614810630000,46053,95494,141547
1614810929000,45803,95279,141082
1614811230000,45659,94885,140544
1614811530000,45588,94286,139874
1614811830000,45373,94183,139556
1614812129000,45250,93805,139055
1614812430000,45176,93218,138394
1614812730000,44814,92627,137441
1614813030000,44551,92012,136563
1614813330000,44512,91770,136282
1614813630000,44326,91311,135637
1614813930000,44128,91172,135300
1614814230000,44009,90952,134961
1614814530000,43615,90675,134290
1614814830000,43519,90484,134003
1614815129000,43506,89952,133458
1614815430000,43528,89697,133225
1614815730000,43501,89565,133066
1614816030000,43561,89267,132828
1614816330000,43898,88830,132728
1614816630000,43899,88758,132657
1614816930000,43640,88270,131910
1614817231000,43599,88349,131948
1614817530000,43524,88616,132140
1614817830000,43484,88503,131987
1614818130000,43391,88609,132000
1614818432000,43354,88928,132282
1614818730000,43204,89120,132324
1614819030000,43098,89820,132918
1614819330000,43021,89875,132896
1614819630000,42802,89214,132016
1614819930000,42629,89528,132157
1614820230000,42555,89541,132096
1614820529000,42478,89835,132313
1614820830000,42457,90092,132549
1614821130000,42346,90249,132595
1614821430000,42285,90604,132889
1614821730000,42156,90696,132852
1614822030000,42156,91026,133182
1614822330000,42141,90923,133064
1614822630000,42102,90952,133054
1614822930000,42098,90988,133086
1614823230000,41845,91017,132862
1614823530000,41725,90792,132517
1614823830000,41483,91222,132705
1614824130000,41375,91240,132615
1614824430000,41201,91198,132399
1614824730000,40981,90918,131899
1614825030000,40877,90674,131551
1614825330000,40779,90662,131441
1614825630000,40563,90382,130945
1614825929000,40301,90489,130790
1614826230000,40199,90159,130358
1614826530000,40111,89718,129829
1614826829000,39950,89352,129302
1614827130000,39614,88811,128425
1614827430000,39390,88522,127912
1614827730000,39103,88079,127182
1614828030000,38848,87743,126591
1614828330000,38707,87451,126158
1614828630000,38377,86678,125055
1614828929000,38140,86317,124457
1614829230000,37929,85666,123595
1614829530000,37609,85096,122705
1614829829000,37329,84664,121993
1614830130000,36936,84103,121039
1614830430000,36526,83127,119653
1614830730000,36240,82189,118429
1614831030000,35913,81358,117271
1614831330000,35576,80524,116100
1614831630000,35282,79830,115112
1614831930000,34899,79003,113902
1614832229000,34523,78244,112767
1614832529000,33961,77453,111414
1614832830000,33623,76695,110318
1614833130000,33241,75900,109141
1614833429000,32965,75197,108162
1614833729000,32798,74424,107222
1614834031000,32477,73624,106101
1614834330000,32147,72623,104770
1614834629000,31881,71935,103816
1614834930000,31537,71351,102888
1614835229000,31262,70499,101761
1614835530000,30906,69630,100536
1614835830000,30637,68848,99485
1614836130000,30301,68236,98537
1614836430000,30028,67523,97551
1614836730000,29720,66838,96558
1614837030000,29363,66310,95673
1614837329000,29135,65469,94604
1614837630000,28734,64642,93376
1614837930000,28400,63656,92056
1614838229000,28246,63281,91527
1614838529000,28109,62059,90168
1614838830000,27946,62125,90071
1614839129000,27686,60710,88396
1614839429000,27330,60413,87743
1614839730000,27105,58918,86023
1614840030000,26832,58997,85829
1614840330000,26698,58054,84752
1614840630000,26667,56857,83524
1614840930000,26536,56254,82790
1614841230000,26337,55776,82113
1614841530000,26252,55161,81413
1614841830000,25978,54938,80916
1614842130000,25371,54497,79868
1614842430000,25322,53950,79272
1614842730000,25328,54883,80211
1614843029000,25239,55258,80497
1614843330000,23836,54897,78733
1614843630000,23700,54573,78273
1614843930000,23497,54324,77821
1614844229000,23783,54088,77871
1614844529000,23541,53817,77358
1614844829000,23240,53535,76775
1614845129000,23253,53429,76682
1614845430000,23092,53310,76402
1614845730000,23122,53271,76393
1614846030000,22987,53046,76033
1614846330000,23134,52750,75884
1614846630000,23042,52623,75665
1614846930000,23065,52460,75525
1614847230000,23106,52374,75480
1614847530000,23290,52323,75613
1614847830000,23479,52527,76006
1614848130000,23663,52561,76224
1614848430000,23945,52582,76527
1614848730000,24079,52517,76596
1614849030000,24204,52735,76939
1614849330000,24252,53028,77280
1614849630000,24324,53114,77438
1614849930000,24354,53318,77672
1614850230000,24272,53505,77777
1614850530000,24329,53511,77840
1614850830000,24339,53485,77824
1614851130000,24423,53564,77987
1614851429000,24589,53789,78378
1614851729000,24550,53897,78447
1614852030000,24366,53591,77957
1614852330000,24481,53711,78192
1614852630000,24520,53937,78457
1614852930000,24608,53841,78449
1614853230000,24764,53922,78686
1614853530000,24911,54062,78973
1614853830000,25095,54222,79317
1614854130000,25287,54252,79539
1614854430000,25410,54285,79695
1614854730000,25561,53845,79406
1614855030000,25910,54012,79922
1614855329000,26168,54248,80416
1614855630000,26326,54269,80595
1614855929000,26558,54263,80821
1614856230000,26801,54523,81324
1614856530000,26944,54717,81661
1614856829000,27132,55076,82208
1614857130000,27343,55432,82775
1614857430000,27369,55783,83152
1614857730000,27544,55935,83479
1614858030000,27787,56459,84246
1614858330000,27201,56779,83980
1614858630000,27313,57131,84444
1614858929000,27465,57290,84755
1614859235000,27570,57382,84952
1614859530000,27582,57849,85431
1614859830000,27737,58318,86055
1614860130000,27880,58712,86592
1614860430000,28084,59371,87455
1614860730000,28296,59788,88084
1614861029000,28384,60316,88700
1614861330000,28681,60834,89515
1614861630000,29026,61380,90406
1614861930000,29192,61685,90877
1614862230000,29407,62264,91671
1614862529000,29596,63526,93122
1614862830000,29853,63852,93705
1614863129000,30139,64751,94890
1614863430000,30523,65406,95929
1614863730000,30737,65471,96208
1614864030000,30924,65821,96745
1614864330000,31165,66650,97815
1614864630000,31315,67435,98750
1614864930000,31715,68179,99894
1614865230000,32046,69001,101047
1614865530000,32363,69732,102095
1614865830000,32776,70189,102965
1614866130000,32986,71020,104006
1614866430000,33290,71502,104792
1614866730000,33707,71883,105590
1614867030000,33974,72702,106676
1614867330000,34419,73415,107834
1614867630000,32402,67470,99872
1614867930000,29083,58360,87443
1614868230000,26490,52593,79083
1614868530000,24345,47882,72227
1614868830000,22579,43925,66504
1614869130000,21085,40567,61652
1614869430000,19668,37616,57284
1614869730000,16210,30607,46817
1614870030000,15121,28321,43442
1614870330000,14021,26329,40350
1614870629000,13156,24620,37776
1614870930000,12373,23083,35456
1614871230000,11672,21783,33455
1614871530000,11102,20605,31707
1614871830000,10544,19449,29993
1614872131000,9991,18278,28269
1614872430000,9450,17236,26686
1614872730000,9002,16299,25301
1614873029000,4397,7494,11891
1614873330000,4090,6938,11028
1614873630000,3895,6551,10446
1614873930000,3737,6168,9905
1614874230000,3218,5821,9039
1614874530000,3087,5484,8571
1614874830000,2994,5247,8241
1614875130000,2888,5009,7897
1614875430000,2779,4736,7515
1614875730000,2679,4502,7181
1614876030000,2592,4314,6906
1614876330000,2507,4127,6634
1614876630000,2420,3983,6403
1614876929000,2331,3786,6117
1614877230000,2247,3607,5854
1614877530000,2175,3429,5604
1614877830000,2031,3251,5282
1614878130000,1954,3107,5061
1614878430000,1884,2949,4833
1614878729000,11484,25097,36581
1614879030000,16722,37541,54263
1614879330000,20060,45219,65279
1614879630000,23319,55982,79301
1614879930000,24824,59056,83880
1614880230000,26466,62319,88785
1614880530000,27816,64929,92745
1614880830000,25059,54736,79795
1614881130000,22184,46811,68995
1614881430000,20168,41991,62159
1614881729000,18513,38254,56767
1614882030000,17030,35143,52173
1614882330000,15784,32363,48147
1614882630000,14569,29929,44498
1614882930000,13499,27841,41340
1614883229000,12522,25912,38434
1614883530000,11659,24246,35905
1614883830000,10888,22707,33595
1614884129000,10145,21359,31504
1614884430000,9448,20042,29490
1614884730000,8897,18872,27769
1614885030000,8353,17813,26166
1614885330000,7937,16865,24802
1614885630000,7511,15879,23390
1614885930000,7147,15066,22213
1614886230000,6834,14302,21136
1614886530000,6535,13591,20126
1614886830000,6299,12929,19228
1614887130000,6074,12377,18451
1614887430000,5850,11792,17642
1614887730000,5642,11268,16910
1614888030000,5448,10811,16259
1614888330000,5283,10344,15627
1614888630000,5109,9957,15066
1614888929000,4928,9569,14497
1614889230000,4759,9244,14003
1614889530000,4606,8954,13560
1614889829000,13052,34167,47219
1614890130000,19061,49828,68889
1614890430000,22919,59503,82422
1614890730000,26116,66684,92800
1614891030000,28757,72648,101405
1614891330000,30840,77286,108126
1614891630000,32371,80570,112941
1614891930000,33763,84270,118033
1614892230000,34871,86425,121296
1614892530000,35843,87952,123795
1614892830000,36673,88767,125440
1614893130000,37359,90334,127693
1614893430000,38014,91969,129983
1614893729000,38698,92542,131240
1614894030000,39309,93423,132732
1614894329000,40259,93883,134142
1614894630000,39644,94338,133982
1614894930000,40987,94685,135672
1614895230000,40332,94447,134779
1614895529000,40408,94150,134558
1614895830000,40459,94234,134693
1614896130000,41213,94651,135864
1614896429000,41162,94683,135845
1614896730000,41185,94753,135938
1614897030000,41217,94784,136001
1614897330000,41218,94546,135764
1614897629000,41158,94405,135563
1614897929000,40995,94135,135130
1614898230000,40878,94007,134885
1614898530000,40773,93940,134713
1614898830000,40607,93342,133949
1614899130000,40547,92737,133284
1614899429000,40278,92719,132997
1614899730000,40307,92312,132619
1614900029000,40245,92613,132858
1614900330000,40142,92197,132339
1614900630000,40061,91435,131496
1614900930000,40042,91077,131119
1614901229000,39930,90775,130705
1614901530000,39831,90543,130374
1614901830000,39873,90516,130389
1614902130000,39768,90345,130113
1614902430000,39688,90030,129718
1614902730000,39885,89951,129836
1614903030000,39876,90016,129892
1614903329000,39750,89968,129718
1614903629000,39658,90272,129930
1614903929000,39646,90201,129847
1614904230000,39551,90272,129823
1614904530000,39443,90223,129666
1614904830000,39336,90445,129781
1614905130000,39199,90525,129724
1614905430000,39009,90886,129895
1614905730000,38985,91204,130189
1614906030000,38870,91240,130110
1614906330000,38633,91374,130007
1614906630000,38567,91291,129858
1614906930000,38436,91407,129843
1614907229000,38479,91616,130095
1614907530000,38231,91576,129807
1614907830000,38135,90964,129099
1614908129000,38069,91805,129874
1614908430000,37901,92078,129979
1614908730000,37807,92221,130028
1614909030000,37710,92307,130017
1614909330000,37618,92302,129920
1614909630000,37399,92264,129663
1614909930000,37377,92283,129660
1614910230000,37391,92167,129558
1614910530000,37270,92132,129402
1614910830000,37103,92323,129426
1614911129000,36953,92376,129329
1614911429000,36855,92132,128987
1614911730000,36793,91940,128733
1614912030000,36589,91648,128237
1614912330000,36337,91750,128087
1614912630000,36043,91467,127510
1614912930000,35939,91212,127151
1614913230000,35710,90709,126419
1614913530000,35520,90228,125748
1614913830000,35209,89015,124224
1614914129000,35025,89248,124273
1614914430000,34808,88996,123804
1614914730000,34603,88325,122928
1614915029000,34406,87959,122365
1614915329000,34128,87422,121550
1614915630000,33917,86818,120735
1614915930000,33753,86218,119971
1614916230000,33589,85556,119145
1614916530000,33157,84626,117783
1614916830000,32967,82726,115693
1614917130000,32621,82426,115047
1614917430000,32333,82117,114450
1614917730000,32056,81467,113523
1614918030000,31740,80771,112511
1614918329000,31368,80272,111640
1614918629000,31087,79661,110748
1614918930000,30741,78963,109704
1614919230000,30451,78450,108901
1614919530000,30158,77817,107975
1614919830000,29872,76440,106312
1614920129000,29575,76198,105773
1614920430000,29257,75547,104804
1614920730000,28888,74781,103669
1614921029000,28689,74059,102748
1614921329000,28393,73250,101643
1614921630000,28075,72753,100828
1614921930000,27891,71723,99614
1614922230000,27623,70861,98484
1614922530000,27413,70064,97477
1614922829000,27053,69415,96468
1614923130000,26825,68836,95661
1614923430000,26606,68111,94717
1614923730000,26368,67194,93562
1614924030000,26121,66576,92697
1614924330000,25750,65237,90987
1614924630000,25525,64034,89559
1614924930000,25474,63087,88561
1614925230000,25220,62747,87967
1614925530000,25064,61755,86819
1614925830000,24908,61630,86538
1614926130000,24712,60750,85462
1614926430000,24578,60613,85191
1614926730000,24430,59707,84137
1614927030000,24309,58771,83080
1614927330000,24136,58383,82519
1614927630000,24015,57797,81812
1614927930000,23906,57361,81267
1614928230000,23727,57214,80941
1614928529000,22390,56526,78916
1614928830000,22806,56062,78868
1614929129000,23485,56784,80269
1614929430000,22177,57247,79424
1614929730000,22068,56848,78916
1614930030000,21997,56791,78788
1614930329000,21986,56483,78469
1614930630000,21979,56170,78149
1614930929000,21877,55833,77710
1614931230000,21606,55482,77088
1614931530000,21642,55238,76880
1614931830000,21676,55020,76696
1614932130000,21424,54080,75504
1614932429000,21391,54609,76000
1614932730000,21386,54351,75737
1614933030000,21268,54319,75587
1614933329000,21471,54214,75685
1614933630000,21605,54149,75754
1614933930000,21812,53890,75702
1614934230000,21922,53946,75868
1614934530000,21842,53809,75651
1614934829000,22065,53828,75893
1614935130000,22013,53786,75799
1614935430000,22140,53968,76108
1614935730000,22235,53633,75868
1614936030000,22403,53145,75548
1614936330000,22408,53264,75672
1614936630000,22453,53433,75886
1614936930000,22499,53561,76060
1614937230000,22470,52628,75098
1614937530000,22776,53646,76422
1614937830000,22902,54214,77116
1614938130000,23015,54202,77217
1614938430000,22979,54237,77216
1614938730000,23047,54508,77555
1614939030000,23128,54655,77783
1614939330000,23204,54671,77875
1614939630000,23183,54622,77805
1614939930000,23189,54766,77955
1614940229000,23209,54837,78046
1614940530000,23262,54874,78136
1614940830000,23442,55064,78506
1614941130000,23573,55214,78787
1614941430000,23641,55201,78842
1614941730000,23828,55438,79266
1614942030000,23962,55501,79463
1614942329000,24141,55827,79968
1614942629000,24196,56071,80267
1614942930000,24352,56412,80764
1614943230000,24469,56772,81241
1614943529000,24564,56230,80794
1614943830000,24678,57150,81828
1614944130000,24793,57483,82276
1614944430000,24853,58011,82864
1614944730000,25094,58069,83163
1614945030000,25302,58117,83419
1614945330000,25661,58329,83990
1614945630000,25765,58748,84513
1614945930000,25937,59085,85022
1614946229000,26055,59519,85574
1614946530000,26121,60107,86228
1614946830000,26154,60706,86860
1614947129000,26378,61104,87482
1614947429000,26552,61622,88174
1614947730000,26679,62156,88835
1614948030000,27033,62755,89788
1614948330000,27269,63131,90400
1614948630000,27426,63879,91305
1614948930000,27574,64349,91923
1614949230000,27803,64779,92582
1614949530000,28043,64511,92554
1614949829000,28271,65615,93886
1614950130000,28535,66206,94741
1614950429000,28791,66815,95606
1614950730000,29107,67524,96631
1614951030000,29412,68113,97525
1614951330000,29735,68673,98408
1614951630000,29988,69562,99550
1614951930000,30260,70345,100605
1614952230000,30298,70920,101218
1614952530000,30509,71688,102197
1614952830000,30699,72152,102851
1614953130000,31004,72894,103898
1614953430000,31344,73877,105221
1614953730000,31493,74469,105962
1614954030000,31729,75051,106780
1614954330000,31957,75621,107578
1614954630000,32138,76302,108440
1614954930000,32653,77010,109663
1614955230000,33018,77642,110660
1614955530000,33376,78618,111994
1614955830000,33716,79338,113054
1614956130000,34156,79802,113958
1614956430000,34421,80249,114670
1614956729000,34800,80851,115651
1614957030000,35094,81323,116417
1614957330000,35342,82004,117346
1614957630000,35564,82666,118230
1614957930000,35952,83263,119215
1614958230000,36180,83792,119972
1614958530000,36421,84301,120722
1614958830000,36733,84818,121551
1614959130000,37070,85266,122336
1614959430000,37408,85879,123287
1614959729000,37695,86326,124021
1614960030000,37894,86466,124360
1614960330000,38101,86589,124690
1614960629000,38239,87033,125272
1614960930000,38444,86941,125385
1614961229000,38625,87456,126081
1614961529000,38836,87793,126629
1614961830000,38804,87968,126772
1614962130000,39086,88142,127228
1614962429000,39467,88404,127871
1614962730000,39583,88697,128280
1614963030000,39838,89035,128873
1614963330000,39999,88890,128889
1614963630000,40115,88828,128943
1614963930000,40229,88712,128941
1614964230000,40456,88883,129339
1614964530000,40544,89551,130095
1614964830000,40745,89775,130520
1614965130000,40891,89020,129911
1614965430000,40924,89668,130592
1614965730000,41186,90247,131433
1614966030000,41409,90399,131808
1614966330000,41474,90779,132253
1614966630000,41756,91027,132783
1614966930000,41918,91145,133063
1614967229000,42097,90538,132635
1614967530000,42118,90895,133013
1614967830000,42466,91306,133772
1614968130000,42661,91737,134398
1614968430000,42858,91941,134799
1614968730000,43079,92310,135389
1614969030000,43244,92592,135836
1614969330000,43446,90880,134326
1614969630000,43725,91844,135569
1614969930000,43800,92804,136604
1614970230000,43865,93557,137422
1614970530000,43987,94192,138179
1614970830000,44050,92191,136241
1614971130000,44181,92200,136381
1614971430000,44334,93188,137522
1614971730000,44557,94790,139347
1614972030000,44684,95386,140070
1614972330000,44792,95949,140741
1614972629000,44991,96392,141383
1614972930000,44915,96646,141561
1614973230000,45252,96684,141936
1614973529000,45406,96953,142359
1614973830000,45555,97208,142763
1614974130000,45661,97429,143090
1614974430000,45706,97911,143617
1614974730000,45681,98411,144092
1614975030000,45853,98893,144746
1614975330000,45959,99212,145171
1614975630000,46073,99626,145699
1614975930000,46107,99193,145300
1614976229000,46231,99348,145579
1614976530000,42594,99526,142120
1614976830000,42722,99748,142470
1614977130000,42783,100014,142797
1614977429000,42750,99765,142515
1614977730000,42858,99777,142635
1614978030000,44832,99748,144580
1614978330000,42902,99515,142417
1614978629000,42708,99638,142346
1614978930000,42716,99596,142312
1614979229000,42768,99913,142681
1614979530000,43026,99832,142858
1614979829000,43055,99833,142888
1614980130000,43102,99810,142912
1614980430000,42854,99819,142673
1614980730000,43593,99209,142802
1614981030000,43583,99243,142826
1614981329000,43468,99263,142731
1614981630000,44053,99204,143257
1614981930000,44451,98835,143286
1614982230000,44333,98434,142767
1614982530000,44178,97990,142168
1614982830000,44070,97949,142019
1614983130000,43863,97394,141257
1614983430000,43753,97310,141063
1614983730000,43662,96949,140611
1614984030000,43470,96675,140145
1614984330000,43289,96196,139485
1614984630000,43098,96053,139151
1614984930000,42908,95619,138527
1614985229000,42658,95029,137687
1614985530000,42577,94694,137271
1614985830000,42403,94532,136935
1614986129000,42333,93630,135963
1614986430000,42249,93532,135781
1614986730000,42087,93190,135277
1614987030000,41875,92839,134714
1614987330000,41759,92359,134118
1614987630000,41513,92084,133597
1614987930000,41378,91908,133286
1614988229000,41432,91569,133001
1614988530000,41406,91179,132585
1614988830000,41273,90782,132055
1614989130000,41729,89684,131413
1614989430000,41614,90458,132072
1614989729000,41545,89943,131488
1614990030000,41459,89869,131328
1614990330000,41369,89818,131187
1614990629000,41156,89686,130842
1614990930000,41013,89485,130498
1614991230000,40865,89531,130396
1614991530000,40772,89421,130193
1614991830000,40585,89370,129955
1614992130000,40622,89275,129897
1614992430000,40539,89225,129764
1614992730000,40248,88993,129241
1614993030000,40149,89164,129313
1614993330000,40006,89144,129150
1614993630000,39782,89084,128866
1614993930000,39673,89298,128971
1614994229000,39577,89377,128954
1614994529000,39437,89297,128734
1614994830000,39262,89421,128683
1614995130000,39119,89533,128652
1614995430000,39008,89535,128543
1614995729000,38740,89517,128257
1614996030000,38520,89638,128158
1614996329000,38408,89490,127898
1614996630000,38267,89607,127874
1614996929000,38005,89634,127639
1614997230000,38007,89470,127477
1614997529000,37843,89432,127275
1614997829000,37738,89256,126994
1614998129000,37590,89180,126770
1614998434000,37571,88983,126554
1614998730000,37555,88919,126474
1614999029000,37336,89017,126353
1614999329000,37180,88741,125921
1614999630000,36978,88488,125466
1614999930000,36753,88096,124849
1615000230000,36685,87666,124351
1615000530000,36471,87378,123849
1615000830000,36351,87248,123599
1615001129000,36117,86918,123035
1615001430000,35988,86635,122623
1615001730000,35829,86322,122151
1615002030000,35739,86086,121825
1615002330000,35512,85730,121242
1615002629000,35335,85333,120668
1615002929000,35124,84834,119958
1615003230000,34911,84279,119190
1615003529000,34705,83756,118461
1615003829000,34473,83129,117602
1615004130000,34245,82398,116643
1615004429000,34079,81862,115941
1615004730000,33918,81323,115241
1615005030000,33577,80909,114486
1615005329000,33343,80576,113919
1615005629000,33022,80252,113274
1615005930000,32699,79502,112201
1615006230000,32547,78983,111530
1615006530000,32303,78214,110517
1615006830000,32039,77410,109449
1615007130000,31701,76637,108338
1615007430000,31224,75717,106941
1615007730000,30971,75286,106257
1615008030000,30679,74738,105417
1615008330000,30512,73978,104490
1615008629000,30251,73257,103508
1615008930000,29967,72698,102665
1615009230000,29774,72058,101832
1615009529000,29503,71383,100886
1615009830000,29172,70766,99938
1615010130000,28971,69938,98909
1615010430000,28719,69005,97724
1615010730000,28354,68066,96420
1615011030000,28113,67690,95803
1615011330000,27924,66206,94130
1615011630000,27692,66562,94254
1615011930000,27484,64805,92289
1615012230000,27343,64810,92153
1615012530000,27185,64020,91205
1615012830000,26991,63646,90637
1615013130000,26772,62796,89568
1615013430000,26648,61188,87836
1615013729000,26412,60607,87019
1615014030000,26288,59830,86118
1615014330000,26119,59250,85369
1615014630000,25764,59197,84961
1615014930000,25625,58386,84011
1615015230000,25602,57884,83486
1615015529000,25436,58887,84323
1615015830000,25479,59237,84716
1615016129000,25401,58650,84051
1615016430000,23194,58682,81876
1615016730000,23208,57591,80799
1615017030000,22993,57135,80128
1615017330000,23366,56855,80221
1615017630000,23890,56193,80083
1615017930000,22949,56312,79261
1615018230000,22841,56134,78975
1615018530000,22630,55855,78485
1615018829000,22673,55581,78254
1615019130000,22680,54692,77372
1615019430000,22726,54654,77380
1615019730000,22807,54625,77432
1615020030000,22840,53979,76819
1615020330000,22924,53789,76713
1615020630000,22863,53612,76475
1615020930000,22994,53406,76400
1615021230000,23244,53527,76771
1615021530000,23179,53557,76736
1615021830000,23402,53679,77081
1615022130000,23573,53832,77405
1615022430000,23612,53831,77443
1615022730000,23642,53777,77419
1615023030000,23752,53807,77559
1615023330000,23916,54476,78392
1615023629000,24055,54726,78781
1615023929000,24088,54145,78233
1615024229000,24055,54294,78349
1615024529000,24171,54235,78406
1615024830000,23984,55043,79027
1615025130000,23973,54844,78817
1615025430000,24084,54104,78188
1615025730000,24178,54061,78239
1615026030000,24330,54283,78613
1615026329000,24502,54565,79067
1615026629000,24593,54772,79365
1615026930000,24652,54667,79319
1615027230000,24764,55374,80138
1615027530000,24926,55645,80571
1615027830000,25009,56478,81487
1615028130000,25160,56903,82063
1615028430000,25288,56454,81742
1615028730000,25575,56425,82000
1615029030000,25575,56791,82366
1615029330000,25779,57206,82985
1615029630000,25843,57537,83380
1615029930000,25953,57795,83748
1615030229000,26089,57937,84026
1615030530000,26228,58382,84610
1615030829000,26389,58602,84991
1615031130000,26641,58902,85543
1615031430000,26832,59005,85837
1615031729000,27060,59081,86141
1615032029000,27206,59393,86599
1615032330000,27515,60011,87526
1615032630000,27701,60750,88451
1615032929000,27875,61114,88989
1615033229000,28123,62266,90389
1615033530000,28475,62344,90819
1615033829000,28761,63147,91908
1615034130000,29088,64087,93175
1615034430000,29483,64849,94332
1615034730000,29744,65549,95293
1615035030000,30104,65362,95466
1615035330000,30457,65848,96305
1615035630000,30830,66109,96939
1615035930000,31115,66491,97606
1615036230000,31518,67272,98790
1615036530000,30800,67656,98456
1615036830000,31025,68456,99481
1615037130000,31371,68908,100279
1615037430000,31593,69687,101280
1615037729000,31725,70222,101947
1615038030000,31976,70854,102830
1615038330000,32138,71520,103658
1615038629000,32367,72588,104955
1615038930000,32542,72959,105501
1615039230000,32734,74031,106765
1615039530000,32942,74534,107476
1615039830000,33141,74400,107541
1615040130000,33205,75291,108496
1615040429000,33540,75937,109477
1615040729000,33824,77197,111021
1615041030000,34158,77663,111821
1615041330000,34611,78343,112954
1615041629000,34898,79210,114108
1615041930000,35166,79723,114889
1615042229000,35445,80422,115867
1615042530000,35702,81336,117038
1615042830000,36042,81548,117590
1615043130000,36298,82005,118303
1615043430000,36178,82694,118872
1615043730000,36531,83505,120036
1615044030000,36998,84047,121045
1615044330000,37306,84923,122229
1615044630000,37567,84786,122353
1615044930000,37903,85186,123089
1615045230000,38320,85936,124256
1615045530000,38685,86388,125073
1615045830000,39000,86988,125988
1615046130000,39256,87785,127041
1615046430000,39512,88522,128034
1615046730000,39862,88773,128635
1615047030000,40033,89460,129493
1615047330000,40347,89649,129996
1615047630000,40686,90215,130901
1615047929000,40859,90417,131276
1615048229000,41135,90571,131706
1615048530000,41407,90796,132203
1615048830000,41590,91128,132718
1615049130000,41974,91462,133436
1615049429000,42123,91870,133993
1615049730000,42278,91997,134275
1615050030000,42455,91451,133906
1615050330000,42687,91691,134378
1615050629000,42860,91995,134855
1615050929000,43031,92165,135196
1615051230000,43114,92409,135523
1615051530000,43410,92677,136087
1615051830000,43642,92777,136419
1615052130000,43864,93173,137037
1615052429000,41445,93592,135037
1615052730000,41376,93686,135062
1615053029000,41526,93773,135299
1615053329000,41747,94103,135850
1615053631000,41776,94262,136038
1615053930000,42160,94421,136581
1615054230000,42373,94501,136874
1615054530000,42260,95076,137336
1615054830000,42690,95429,138119
1615055130000,42585,95664,138249
1615055430000,43242,95637,138879
1615055729000,44113,96354,140467
1615056030000,44246,96978,141224
1615056330000,44463,97135,141598
1615056630000,44559,97522,142081
1615056930000,44565,98043,142608
1615057230000,44639,96785,141424
1615057530000,44692,96881,141573
1615057830000,44660,97448,142108
1615058130000,44660,99129,143789
1615058430000,44851,99730,144581
1615058730000,44912,100175,145087
1615059030000,45088,100218,145306
1615059329000,43693,100713,144406
1615059629000,44072,101216,145288
1615059930000,44711,101194,145905
1615060229000,44737,101450,146187
1615060529000,44919,101644,146563
1615060830000,46271,101931,148202
1615061130000,46532,102073,148605
1615061429000,46634,102055,148689
1615061730000,46774,102368,149142
1615062030000,46871,102254,149125
1615062330000,47016,101472,148488
1615062630000,47114,102609,149723
1615062930000,47096,102535,149631
1615063230000,47103,102627,149730
1615063530000,47170,102524,149694
1615063830000,47237,103004,150241
1615064130000,47347,102801,150148
1615064430000,47257,102959,150216
1615064730000,47250,102810,150060
1615065030000,47078,102947,150025
1615065330000,47068,102945,150013
1615065630000,47133,102887,150020
1615065930000,47206,102581,149787
1615066230000,47213,102665,149878
1615066530000,47068,102504,149572
1615066830000,47177,102400,149577
1615067130000,47132,102090,149222
1615067429000,46980,102062,149042
1615067729000,46767,101972,148739
1615068030000,46738,101760,148498
1615068330000,46596,100850,147446
1615068630000,46530,101861,148391
1615068930000,46386,101698,148084
1615069230000,46213,101847,148060
1615069529000,46086,101898,147984
1615069830000,45994,101574,147568
1615070130000,45848,101344,147192
1615070430000,45791,100597,146388
1615070730000,45684,100675,146359
1615071030000,45572,100096,145668
1615071330000,45445,99703,145148
1615071630000,45296,99159,144455
1615071930000,44937,98656,143593
1615072230000,44802,98306,143108
1615072530000,44573,98002,142575
1615072830000,44459,97568,142027
1615073130000,44187,97181,141368
1615073429000,44135,96730,140865
1615073730000,44011,96482,140493
1615074030000,43961,96161,140122
1615074329000,43629,95168,138797
1615074630000,43599,95587,139186
1615074930000,43519,95372,138891
1615075230000,43365,94932,138297
1615075529000,43609,94430,138039
1615075830000,43643,93885,137528
1615076130000,43362,93764,137126
1615076430000,43212,93577,136789
1615076730000,43025,93411,136436
1615077029000,42900,93394,136294
1615077329000,42819,92232,135051
1615077630000,42684,92111,134795
1615077930000,42547,91645,134192
1615078230000,42347,91332,133679
1615078530000,42081,91285,133366
1615078830000,41901,91339,133240
1615079129000,41645,91274,132919
1615079430000,41507,91449,132956
1615079730000,41326,91092,132418
1615080029000,41260,91174,132434
1615080330000,41206,90996,132202
1615080630000,41044,91094,132138
1615080930000,40895,90814,131709
1615081230000,40729,90829,131558
1615081530000,40665,90654,131319
1615081829000,40595,90626,131221
1615082130000,40518,90436,130954
1615082430000,40411,90320,130731
1615082730000,40220,90372,130592
1615083030000,40020,90312,130332
1615083329000,39886,90164,130050
1615083630000,39730,89961,129691
1615083929000,39647,89860,129507
1615084230000,39528,89888,129416
1615084530000,39311,90027,129338
1615084829000,39266,89820,129086
1615085130000,39143,89679,128822
1615085430000,39036,89518,128554
1615085729000,38891,89574,128465
1615086030000,38698,89205,127903
1615086330000,38628,88639,127267
1615086630000,38411,88381,126792
1615086930000,38234,88126,126360
1615087230000,38114,88114,126228
1615087529000,37889,87508,125397
1615087830000,37787,87296,125083
1615088130000,37629,87056,124685
1615088430000,37421,86851,124272
1615088730000,37237,86596,123833
1615089030000,37087,86308,123395
1615089329000,36848,85925,122773
1615089630000,36645,85504,122149
1615089929000,36376,84629,121005
1615090230000,36120,84149,120269
1615090530000,35807,83526,119333
1615090830000,35535,82782,118317
1615091129000,35306,82230,117536
1615091430000,35067,81683,116750
1615091729000,34891,81025,115916
1615092030000,34676,80224,114900
1615092329000,34513,79692,114205
1615092629000,34165,79206,113371
1615092929000,33917,78744,112661
1615093230000,33731,78047,111778
1615093529000,33403,77419,110822
1615093830000,33152,76767,109919
1615094130000,32800,76273,109073
1615094429000,32574,75651,108225
1615094729000,32166,74946,107112
1615095030000,31855,74206,106061
1615095330000,31647,73520,105167
1615095630000,31363,72934,104297
1615095930000,31003,72330,103333
1615096230000,30557,71381,101938
1615096529000,30303,70496,100799
1615096830000,29974,69611,99585
1615097129000,29517,68669,98186
1615097430000,29239,68384,97623
1615097730000,29014,67060,96074
1615098030000,28791,67018,95809
1615098332000,28635,65724,94359
1615098630000,28304,65404,93708
1615098929000,28250,64586,92836
1615099230000,28151,64264,92415
1615099530000,27942,63435,91377
1615099830000,27790,62029,89819
1615100130000,27621,61348,88969
1615100430000,27366,60803,88169
1615100730000,27234,60321,87555
1615101030000,27112,60238,87350
1615101330000,26976,59792,86768
1615101630000,26964,59364,86328
1615101929000,26828,59859,86687
1615102230000,26621,60390,87011
1615102530000,24627,59939,84566
1615102830000,24286,59617,83903
1615103130000,24333,59069,83402
1615103430000,24861,58850,83711
1615103729000,23929,58607,82536
1615104029000,23873,58058,81931
1615104330000,23782,57757,81539
1615104630000,23528,57282,80810
1615104930000,23546,57168,80714
1615105230000,23734,56820,80554
1615105529000,23852,56600,80452
1615105830000,23907,56389,80296
1615106130000,23824,56156,79980
1615106430000,23941,56157,80098
1615106730000,24032,55969,80001
1615107030000,24085,56012,80097
1615107330000,24258,55847,80105
1615107630000,24244,55789,80033
1615107930000,24298,55895,80193
1615108230000,24250,55956,80206
1615108529000,24243,55750,79993
1615108830000,24274,55999,80273
1615109130000,24405,56039,80444
1615109429000,24470,55949,80419
1615109730000,24437,55791,80228
1615110030000,24468,55908,80376
1615110330000,24628,55903,80531
1615110630000,24687,56080,80767
1615110930000,24675,55915,80590
1615111230000,24827,55821,80648
1615111530000,24876,55848,80724
1615111830000,25012,55936,80948
1615112130000,25178,56130,81308
1615112429000,25335,56555,81890
1615112730000,25569,56616,82185
1615113030000,25635,56815,82450
1615113330000,25719,57153,82872
1615113629000,25851,57457,83308
1615113930000,25895,57418,83313
1615114230000,26057,57756,83813
1615114530000,26167,57725,83892
1615114830000,26290,57840,84130
1615115130000,26373,58042,84415
1615115429000,26339,58333,84672
1615115730000,26438,58441,84879
1615116030000,26660,58736,85396
1615116330000,26841,58973,85814
1615116630000,26939,59359,86298
1615116930000,27098,59290,86388
1615117229000,27308,59732,87040
1615117530000,27440,60146,87586
1615117830000,27682,60548,88230
1615118130000,27878,60855,88733
1615118430000,27987,61341,89328
1615118730000,28222,61941,90163
1615119030000,28358,62317,90675
1615119330000,28493,62946,91439
1615119630000,28604,63468,92072
1615119930000,28767,63932,92699
1615120230000,29026,64532,93558
1615120529000,29376,64935,94311
1615120896000,29731,65779,95510
1615121130000,29915,66056,95971
1615121430000,30225,66563,96788
1615121730000,30490,67315,97805
1615122030000,30729,68010,98739
1615122330000,30907,68129,99036
1615122630000,31138,68872,100010
1615122930000,31378,69367,100745
1615123230000,31613,70136,101749
1615123530000,31889,70684,102573
1615123830000,32212,71467,103679
1615124130000,32549,72112,104661
1615124429000,32870,72729,105599
1615124729000,33128,73170,106298
1615125030000,33448,73767,107215
1615125330000,33661,74437,108098
1615125630000,33928,75125,109053
1615125930000,34077,75789,109866
1615126230000,34239,76652,110891
1615126530000,34515,77399,111914
1615126830000,34791,78068,112859
1615127129000,35040,78698,113738
1615127430000,35417,79787,115204
1615127730000,35696,81134,116830
1615128030000,35868,82018,117886
1615128330000,36144,81571,117715
1615128630000,36444,81680,118124
1615128930000,36757,82375,119132
1615129230000,37072,83205,120277
1615129530000,37265,83749,121014
1615129829000,37450,84393,121843
1615130130000,37713,85165,122878
1615130430000,38103,86218,124321
1615130730000,38453,86819,125272
1615131030000,38664,87629,126293
1615131330000,38751,88269,127020
1615131629000,39063,88731,127794
1615131930000,39480,88882,128362
1615132229000,39657,89433,129090
1615132530000,39914,89698,129612
1615132829000,40117,90316,130433
1615133130000,40384,90662,131046
1615133430000,40571,91360,131931
1615133729000,40820,91785,132605
1615134029000,40984,92303,133287
1615134330000,41120,92807,133927
1615134630000,41369,93401,134770
1615134930000,41435,94092,135527
1615135229000,42117,94506,136623
1615135530000,42001,94976,136977
1615135830000,42197,95467,137664
1615136130000,42688,95559,138247
1615136430000,43137,95631,138768
1615136729000,43353,95808,139161
1615137029000,43589,95983,139572
1615137330000,44464,96408,140872
1615137629000,44083,97070,141153
1615137930000,44236,97334,141570
1615138230000,44456,97419,141875
1615138530000,44655,97671,142326
1615138830000,44790,98437,143227
1615139130000,44953,98753,143706
1615139430000,45064,98230,143294
1615139730000,45195,98729,143924
1615140030000,45278,99681,144959
1615140329000,45345,99811,145156
1615140630000,45406,100235,145641
1615140929000,45689,100217,145906
1615141230000,45813,100949,146762
1615141529000,45982,101089,147071
1615141829000,46168,101776,147944
1615142130000,46295,102283,148578
1615142430000,46499,102089,148588
1615142730000,46716,102682,149398
1615143030000,46765,103557,150322
1615143330000,46978,103938,150916
1615143630000,47129,102672,149801
1615143930000,47204,103091,150295
1615144230000,47376,103944,151320
1615144530000,47573,105678,153251
1615144830000,47647,106397,154044
1615145129000,47744,106433,154177
1615145430000,47819,106676,154495
1615145730000,47893,107187,155080
1615146030000,48007,107768,155775
1615146330000,48128,108337,156465
1615146630000,48274,108555,156829
1615146930000,48341,108909,157250
1615147230000,48331,109234,157565
1615147530000,48333,109375,157708
1615147829000,48351,109541,157892
1615148130000,47605,109937,157542
1615148430000,48042,110160,158202
1615148730000,47710,110387,158097
1615149030000,48124,110349,158473
1615149330000,49132,109930,159062
1615149629000,48998,110455,159453
1615149930000,48942,110404,159346
1615150229000,48880,110328,159208
1615150530000,48911,110154,159065
1615150830000,48702,110129,158831
1615151130000,48471,109751,158222
1615151430000,48460,109745,158205
1615151730000,48311,109526,157837
1615152030000,48281,109538,157819
1615152329000,48147,108975,157122
1615152629000,47906,108672,156578
1615152930000,47852,108422,156274
1615153230000,47679,108029,155708
1615153529000,47501,107550,155051
1615153830000,47281,107072,154353
1615154130000,47264,106491,153755
1615154429000,46947,106307,153254
1615154730000,46758,105855,152613
1615155030000,46552,105289,151841
1615155330000,46361,104025,150386
1615155629000,46082,104524,150606
1615155930000,45915,104000,149915
1615156230000,45779,103326,149105
1615156530000,45461,103028,148489
1615156830000,45004,102523,147527
1615157130000,44687,101903,146590
1615157430000,44432,101609,146041
1615157730000,44318,101198,145516
1615158030000,44199,100421,144620
1615158330000,43880,99875,143755
1615158629000,43670,99712,143382
1615158929000,43428,99368,142796
1615159230000,43331,99307,142638
1615159530000,43090,98838,141928
1615159830000,42908,98453,141361
1615160130000,42777,97493,140270
1615160429000,42496,97426,139922
1615160729000,42395,96984,139379
1615161030000,42286,96673,138959
1615161329000,42095,95361,137456
1615161630000,41994,95745,137739
1615161930000,42287,95324,137611
1615162230000,42232,95164,137396
1615162529000,42143,94852,136995
1615162830000,42096,94590,136686
1615163130000,41950,94504,136454
1615163430000,41816,94434,136250
1615163729000,41654,94521,136175
1615164030000,41493,94688,136181
1615164330000,41379,94790,136169
1615164630000,41462,94845,136307
1615164930000,41406,94683,136089
1615165230000,41368,94851,136219
1615165530000,41130,94728,135858
1615165830000,40907,94851,135758
1615166130000,40899,94977,135876
1615166429000,40894,95821,136715
1615166730000,40787,95822,136609
1615167030000,40718,95866,136584
1615167330000,40630,95674,136304
1615167629000,40658,95932,136590
1615167930000,40583,95508,136091
1615168230000,40430,95396,135826
1615168530000,40357,95219,135576
1615168830000,40184,95266,135450
1615169130000,40015,94817,134832
1615169430000,39863,94700,134563
1615169730000,39685,94763,134448
1615170030000,39472,94595,134067
1615170330000,39229,94587,133816
1615170629000,39136,94408,133544
1615170930000,38918,94100,133018
1615171230000,38683,93767,132450
1615171530000,38455,93386,131841
1615171829000,38281,93321,131602
1615172130000,38279,92902,131181
1615172430000,38056,92542,130598
1615172730000,37724,91761,129485
1615173030000,37512,91518,129030
1615173330000,37222,91030,128252
1615173630000,37019,89754,126773
1615173929000,36764,89807,126571
1615174230000,36437,89248,125685
1615174530000,36135,88545,124680
1615174830000,35917,88029,123946
1615175130000,35638,87407,123045
1615175430000,35332,87156,122488
1615175730000,35039,86378,121417
1615176030000,34744,85548,120292
1615176329000,34313,84593,118906
1615176630000,33938,83909,117847
1615176930000,33617,82874,116491
1615177230000,33327,82159,115486
1615177530000,33033,81451,114484
1615177830000,32691,80637,113328
1615178129000,32401,79844,112245
1615178429000,32056,79182,111238
1615178730000,31757,78132,109889
1615179030000,31374,77095,108469
1615179330000,30916,76348,107264
1615179630000,30566,74671,105237
1615179930000,30230,74430,104660
1615180230000,29882,73547,103429
1615180530000,29514,72769,102283
1615180830000,29239,72083,101322
1615181129000,28820,71314,100134
1615181429000,28479,70458,98937
1615181730000,28187,69902,98089
1615182029000,28028,69141,97169
1615182330000,27724,68528,96252
1615182630000,27462,67606,95068
1615182929000,27226,67000,94226
1615183230000,26904,66240,93144
1615183530000,26544,65502,92046
1615183830000,26309,64985,91294
1615184130000,26195,63770,89965
1615184430000,26009,63981,89990
1615184731000,25893,62617,88510
1615185030000,25693,62482,88175
1615185330000,25501,61432,86933
1615185629000,25220,60920,86140
1615185930000,25084,60356,85440
1615186230000,24985,58907,83892
1615186530000,24934,58196,83130
1615186830000,24763,57637,82400
1615187130000,24650,57044,81694
1615187430000,24565,56823,81388
1615187730000,24424,56376,80800
1615188029000,24267,56073,80340
1615188330000,24216,56689,80905
1615188630000,23858,57351,81209
1615188930000,22310,56921,79231
1615189230000,22318,56698,79016
1615189530000,22304,56365,78669
1615189829000,22295,56173,78468
1615190130000,22172,55849,78021
1615190430000,22231,55498,77729
1615190730000,22491,55177,77668
1615191031000,22543,54868,77411
1615191329000,22553,54715,77268
1615191630000,22631,54444,77075
1615191930000,22575,54418,76993
1615192230000,22608,54268,76876
1615192529000,22627,54316,76943
1615192829000,22667,54167,76834
1615193129000,22700,54070,76770
1615193430000,22714,54110,76824
1615193730000,22826,53865,76691
1615194029000,22898,53363,76261
1615194330000,22760,53686,76446
1615194630000,22796,53843,76639
1615194929000,22864,53788,76652
1615195230000,23103,53939,77042
1615195530000,23112,54160,77272
1615195830000,23090,54189,77279
1615196130000,23311,54155,77466
1615196430000,23319,53936,77255
1615196730000,23416,53962,77378
1615197090000,23342,53988,77330
1615197329000,23388,54052,77440
1615197630000,23436,54005,77441
1615197930000,23436,53594,77030
1615198230000,23451,54339,77790
1615198530000,23513,54396,77909
1615198830000,23560,54786,78346
1615199130000,23687,54886,78573
1615199430000,23585,55117,78702
1615199730000,23775,55195,78970
1615200030000,23961,55301,79262
1615200331000,24175,55217,79392
1615200630000,24250,55480,79730
1615200930000,24334,55375,79709
1615201230000,24423,55697,80120
1615201530000,24485,55934,80419
1615201830000,24536,56053,80589
1615202129000,24690,56381,81071
1615202430000,24887,56628,81515
1615202730000,24936,56928,81864
1615203030000,25013,57108,82121
1615203330000,25154,57509,82663
1615203630000,25354,57836,83190
1615203929000,25512,58239,83751
1615204230000,25590,58386,83976
1615204530000,25486,58772,84258
1615204830000,25519,59012,84531
1615205129000,25610,58772,84382
1615205430000,25758,59577,85335
1615205730000,25805,59990,85795
1615206030000,25969,60442,86411
1615206330000,26217,60959,87176
1615206630000,26418,61500,87918
1615206930000,26609,62105,88714
1615207230000,26895,62683,89578
1615207529000,27137,63212,90349
1615207830000,27388,63769,91157
1615208130000,27697,64365,92062
1615208430000,27880,64846,92726
1615208730000,28100,65427,93527
1615209030000,28410,65927,94337
1615209330000,28731,66255,94986
1615209630000,29046,67285,96331
1615209930000,29341,67916,97257
1615210230000,29679,68628,98307
1615210530000,29910,69500,99410
1615210829000,30114,70289,100403
1615211130000,30449,70149,100598
1615211429000,30700,71840,102540
1615211730000,30916,72484,103400
1615212030000,31157,73082,104239
1615212330000,31422,73761,105183
1615212630000,31593,74571,106164
1615212930000,31967,75327,107294
1615213230000,32159,76176,108335
1615213530000,32441,76956,109397
1615213830000,32670,77731,110401
1615214130000,32795,78338,111133
1615214430000,33029,79094,112123
1615214730000,33324,79658,112982
1615215030000,33624,80298,113922
1615215330000,33895,80778,114673
1615215630000,34022,81263,115285
1615215930000,34190,81810,116000
1615216230000,34482,82860,117342
1615216530000,34755,83265,118020
1615216830000,34986,84133,119119
1615217130000,35401,83808,119209
1615217430000,35635,85375,121010
1615217730000,35921,85833,121754
1615218030000,36081,86459,122540
1615218330000,36255,87129,123384
1615218630000,36437,87284,123721
1615218930000,36493,87891,124384
1615219230000,36754,87875,124629
1615219530000,36981,88255,125236
1615219830000,37201,88567,125768
1615220130000,37375,89017,126392
1615220430000,37550,89290,126840
1615220730000,37677,89755,127432
1615221030000,37767,89929,127696
1615221330000,37934,90148,128082
1615221630000,38230,90898,129128
1615221930000,38353,91269,129622
1615222230000,38587,91406,129993
1615222530000,38811,91526,130337
1615222830000,39000,91334,130334
1615223129000,39434,90633,130067
1615223430000,39426,91911,131337
1615223730000,39609,92029,131638
1615224029000,39916,92339,132255
1615224329000,40049,91565,131614
1615224630000,40304,92186,132490
1615224929000,40475,92737,133212
1615225229000,40701,93303,134004
1615225530000,40862,93624,134486
1615225830000,41119,93785,134904
1615226130000,41298,94108,135406
1615226430000,41448,94286,135734
1615226730000,41749,94369,136118
1615227030000,41829,94851,136680
1615227330000,42214,95461,137675
1615227630000,42342,95924,138266
1615227929000,42526,96343,138869
1615228230000,42583,96730,139313
1615228529000,42865,97250,140115
1615228830000,43117,97822,140939
1615229130000,43364,98382,141746
1615229430000,43678,98406,142084
1615229730000,43653,98955,142608
1615230030000,43957,97483,141440
1615230330000,44198,98085,142283
1615230630000,44440,99081,143521
1615230929000,44799,100829,145628
1615231229000,45032,101636,146668
1615231530000,45280,101797,147077
1615231830000,45510,102179,147689
1615232130000,45629,102634,148263
1615232430000,45861,103147,149008
1615232730000,46099,103527,149626
1615233030000,46290,103742,150032
1615233331000,46509,103840,150349
1615233630000,46696,103573,150269
1615233930000,46802,103615,150417
1615234230000,46854,103789,150643
1615234530000,46896,104006,150902
1615234830000,47032,104234,151266
1615235130000,47684,104562,152246
1615235430000,47158,104722,151880
1615235730000,46643,104614,151257
1615236030000,46456,104821,151277
1615236330000,46834,104545,151379
1615236630000,47319,104592,151911
1615236930000,47892,104196,152088
1615237229000,47705,103921,151626
1615237530000,45210,103752,148962
1615237830000,45059,103725,148784
1615238130000,44953,103704,148657
1615238430000,44929,103402,148331
1615238730000,44802,103171,147973
1615239030000,44713,102757,147470
1615239330000,44553,102693,147246
1615239629000,44440,102279,146719
1615239930000,44340,101968,146308
1615240230000,44218,101478,145696
1615240530000,44103,100789,144892
1615240830000,43791,100267,144058
1615241130000,43584,99646,143230
1615241430000,43487,99020,142507
1615241730000,43289,98269,141558
1615242030000,43141,97652,140793
1615242330000,43033,97230,140263
1615242630000,42814,96895,139709
1615242930000,42687,96266,138953
1615243230000,42503,96247,138750
1615243530000,42327,95784,138111
1615243830000,42294,95325,137619
1615244130000,42061,94977,137038
1615244430000,41774,94535,136309
1615244730000,41685,94176,135861
1615245029000,41501,93687,135188
1615245330000,41319,93423,134742
1615245630000,41015,93161,134176
1615245930000,40966,92601,133567
1615246230000,40897,92299,133196
1615246530000,40693,91988,132681
1615246830000,40693,91924,132617
1615247130000,40612,92133,132745
1615247430000,40569,91763,132332
1615247730000,40532,91450,131982
1615248029000,40592,91126,131718
1615248332000,40889,91142,132031
1615248630000,41020,91044,132064
1615248929000,40940,91052,131992
1615249230000,40785,91138,131923
1615249530000,40741,91096,131837
1615249830000,40622,91269,131891
1615250130000,40535,91353,131888
1615250430000,40497,91782,132279
1615250730000,40452,91800,132252
1615251030000,40427,92039,132466
1615251330000,40292,91860,132152
1615251630000,40331,92067,132398
1615251930000,40073,92102,132175
1615252230000,39969,92464,132433
1615252530000,39918,92716,132634
1615252830000,39962,92854,132816
1615253130000,39992,93223,133215
1615253430000,40002,93511,133513
1615253730000,39855,93664,133519
1615254029000,39916,93835,133751
1615254329000,39801,93933,133734
1615254629000,39754,94230,133984
1615254930000,39587,94265,133852
1615255230000,39330,94257,133587
1615255530000,39222,94089,133311
1615255830000,38972,93903,132875
1615256130000,39003,93647,132650
1615256430000,38833,93386,132219
1615256730000,38680,93315,131995
1615257030000,38570,93090,131660
1615257329000,38320,92970,131290
1615257630000,38155,93053,131208
1615257930000,37760,92760,130520
1615258230000,37654,92574,130228
1615258530000,37330,91883,129213
1615258830000,37079,91577,128656
1615259130000,36802,90948,127750
1615259430000,36469,90227,126696
1615259730000,36241,89852,126093
1615260029000,36079,89417,125496
1615260330000,35854,88906,124760
1615260630000,35620,88466,124086
1615260930000,35433,87787,123220
1615261230000,35029,87094,122123
1615261530000,34688,86357,121045
1615261829000,34422,85520,119942
1615262130000,34103,84549,118652
1615262430000,33865,83738,117603
1615262730000,33544,82841,116385
1615263030000,33110,82142,115252
1615263329000,32826,81222,114048
1615263630000,32524,80580,113104
1615263930000,32295,79975,112270
1615264230000,32046,79298,111344
1615264530000,31686,78298,109984
1615264830000,31360,77832,109192
1615265130000,31065,76923,107988
1615265430000,30759,76321,107080
1615265729000,30422,75657,106079
1615266030000,30104,74628,104732
1615266330000,29533,73575,103108
1615266630000,29237,72910,102147
1615266930000,29018,72193,101211
1615267230000,28568,71520,100088
1615267530000,28416,70753,99169
1615267830000,28120,70028,98148
1615268130000,27784,69424,97208
1615268429000,27641,68746,96387
1615268729000,27470,68063,95533
1615269030000,27212,67215,94427
1615269330000,26966,66215,93181
1615269630000,26762,65201,91963
1615269930000,26488,64202,90690
1615270230000,26234,63827,90061
1615270530000,26048,62916,88964
1615270830000,25855,62595,88450
1615271130000,25728,61466,87194
1615271429000,25518,61308,86826
1615271730000,25375,60487,85862
1615272030000,25193,60480,85673
1615272330000,24979,59668,84647
1615272630000,24800,58247,83047
1615272930000,24704,57299,82003
1615273230000,24553,56685,81238
1615273530000,24406,56187,80593
1615273830000,24252,56135,80387
1615274130000,24119,55545,79664
1615274430000,24091,55045,79136
1615274729000,24114,55780,79894
1615275029000,23929,56621,80550
1615275330000,22642,56211,78853
1615275630000,22358,56092,78450
1615275929000,22294,55855,78149
1615276230000,22217,55923,78140
1615276530000,22223,55720,77943
1615276830000,22314,55410,77724
1615277130000,22184,55047,77231
1615277430000,22168,54883,77051
1615277730000,22129,54796,76925
1615278030000,22096,54608,76704
1615278330000,22131,54418,76549
1615278630000,22224,54240,76464
1615278929000,22473,54093,76566
1615279230000,22601,54128,76729
1615279530000,22721,53977,76698
1615279830000,22708,54115,76823
1615280130000,22789,53664,76453
1615280430000,22866,53373,76239
1615280730000,22900,53291,76191
1615281030000,23053,53602,76655
1615281330000,22964,53768,76732
1615281630000,23005,53893,76898
1615281930000,23076,53648,76724
1615282230000,23080,53838,76918
1615282531000,23217,53797,77014
1615282830000,23257,53898,77155
1615283130000,23334,54081,77415
1615283429000,23363,54260,77623
1615283730000,23480,54186,77666
1615284030000,23513,54379,77892
1615284329000,23623,54382,78005
1615284630000,23369,54369,77738
1615284930000,23541,54516,78057
1615285230000,23726,54646,78372
1615285530000,23757,54688,78445
1615285830000,23912,54965,78877
1615286130000,23888,55084,78972
1615286430000,24013,55394,79407
1615286730000,24165,55641,79806
1615287029000,24187,55746,79933
1615287330000,24321,55817,80138
1615287630000,24406,55977,80383
1615287930000,24453,56052,80505
1615288230000,24662,56201,80863
1615288530000,24858,56413,81271
1615288830000,24964,56551,81515
1615289130000,25166,56848,82014
1615289430000,25255,56778,82033
1615289730000,25324,57044,82368
1615290030000,25596,57487,83083
1615290330000,25505,57761,83266
1615290630000,25611,58094,83705
1615290929000,25754,58377,84131
1615291230000,25866,58796,84662
1615291530000,25920,58928,84848
1615291830000,26131,59487,85618
1615292130000,26314,59963,86277
1615292429000,26622,60566,87188
1615292730000,26893,60921,87814
1615293030000,27224,61497,88721
1615293330000,27466,62057,89523
1615293630000,27850,62643,90493
1615293930000,28100,63782,91882
1615294230000,28466,64183,92649
1615294530000,28862,64600,93462
1615294831000,29200,65330,94530
1615295130000,29476,65772,95248
1615295430000,29837,67316,97153
1615295730000,29220,68319,97539
1615296030000,29500,69002,98502
1615296330000,29842,69257,99099
1615296630000,30228,70021,100249
1615296930000,30502,70813,101315
1615297230000,30751,71715,102466
1615297530000,31050,72310,103360
1615297830000,31444,73033,104477
1615298130000,31761,73592,105353
1615298430000,32139,74435,106574
1615298730000,32342,75363,107705
1615299030000,32731,76370,109101
1615299330000,33153,77151,110304
1615299630000,33470,77830,111300
1615299930000,33750,78362,112112
1615300230000,34028,79123,113151
1615300530000,34368,79775,114143
1615300829000,34796,80412,115208
1615301130000,33953,79877,113830
1615301430000,34266,82035,116301
1615301730000,34400,82334,116734
1615302030000,34487,82734,117221
1615302330000,34638,82972,117610
1615302630000,34749,83500,118249
1615302930000,35006,84680,119686
1615303230000,35313,84916,120229
1615303529000,35631,85628,121259
1615303829000,35856,86232,122088
1615304130000,36076,85160,121236
1615304430000,36268,86256,122524
1615304730000,36426,86416,122842
1615305030000,36701,86819,123520
1615305330000,36983,87418,124401
1615305630000,37073,87444,124517
1615305930000,37310,87534,124844
1615306230000,37464,88118,125582
1615306530000,37812,88638,126450
1615306830000,38068,89353,127421
1615307130000,38256,89402,127658
1615307430000,38568,89698,128266
1615307729000,38837,89938,128775
1615308030000,39060,90201,129261
1615308330000,39313,90693,130006
1615308630000,39567,90945,130512
1615308929000,39777,91071,130848
1615309230000,40207,91091,131298
1615309530000,40354,91046,131400
1615309830000,40737,91067,131804
1615310130000,41173,91110,132283
1615310430000,41337,91548,132885
1615310730000,42828,91999,134827
1615311030000,43017,92342,135359
1615311329000,43280,92020,135300
1615311630000,43555,92392,135947
1615311930000,43809,92709,136518
1615312230000,44019,93140,137159
1615312530000,44236,93337,137573
1615312830000,44374,93738,138112
1615313129000,44614,94058,138672
1615313430000,44888,95475,140363
1615313730000,45180,95910,141090
1615314030000,45528,96473,142001
1615314330000,45719,96966,142685
1615314630000,45848,96907,142755
1615314930000,45865,95198,141063
1615315230000,46768,96890,143658
1615315530000,46401,97276,143677
1615315830000,45730,98187,143917
1615316129000,46041,97987,144028
1615316430000,46080,96475,142555
1615316729000,46306,97048,143354
1615317030000,47300,98688,145988
1615317330000,48538,100378,148916
1615317630000,48713,101126,149839
1615317930000,48879,101751,150630
1615318235000,49049,101962,151011
1615318530000,49273,102447,151720
1615318830000,49422,102872,152294
1615319129000,49514,103054,152568
1615319430000,49510,103046,152556
1615319730000,46578,103345,149923
1615320030000,46703,103329,150032
1615320330000,46701,103563,150264
1615320630000,46662,103628,150290
1615320929000,46644,103978,150622
1615321230000,46634,104091,150725
1615321529000,46511,104200,150711
1615321830000,46365,103437,149802
1615322130000,46351,104233,150584
1615322430000,46508,104303,150811
1615322730000,46642,104137,150779
1615323029000,46813,103995,150808
1615323330000,46891,103839,150730
1615323630000,46889,103534,150423
1615323929000,46905,103273,150178
1615324230000,46989,103291,150280
1615324530000,46897,102918,149815
1615324830000,46942,102470,149412
1615325130000,46836,102405,149241
1615325430000,46822,101706,148528
1615325730000,45280,101740,147020
1615326030000,45133,101076,146209
1615326330000,44999,101134,146133
1615326630000,44940,100464,145404
1615326930000,44719,100006,144725
1615327230000,44495,99687,144182
1615327529000,44264,99157,143421
1615327830000,43992,97974,141966
1615328130000,43776,97922,141698
1615328430000,44340,97784,142124
1615328729000,43569,97390,140959
1615329030000,43367,96987,140354
1615329329000,43209,96241,139450
1615329630000,43050,95888,138938
1615329930000,42839,95283,138122
1615330230000,42700,94990,137690
1615330530000,42720,94601,137321
1615330830000,42427,93221,135648
1615331130000,42212,93779,135991
1615331430000,42038,93483,135521
1615331730000,41694,93271,134965
1615332030000,41545,92873,134418
1615332329000,41392,92638,134030
1615332630000,41243,92356,133599
1615332930000,41250,92388,133638
1615333230000,41234,92170,133404
1615333529000,41229,92130,133359
1615333830000,41153,92196,133349
1615334130000,41115,91796,132911
1615334430000,41221,91672,132893
1615334730000,41521,91068,132589
1615335030000,41570,90824,132394
1615335330000,41560,90708,132268
1615335630000,41616,90935,132551
1615335930000,41371,91141,132512
1615336230000,41412,91106,132518
1615336530000,41314,91291,132605
1615336830000,41234,91329,132563
1615337130000,41062,91387,132449
1615337430000,41025,91492,132517
1615337730000,40954,91517,132471
1615338030000,40814,91472,132286
1615338330000,40700,91541,132241
1615338629000,40614,91747,132361
1615338929000,40655,91999,132654
1615339230000,40642,92253,132895
1615339530000,40549,92743,133292
1615339830000,40430,93071,133501
1615340129000,40310,93295,133605
1615340430000,40284,93529,133813
1615340730000,40111,93577,133688
1615341030000,39917,93492,133409
1615341330000,39700,93731,133431
1615341630000,39524,93471,132995
1615341930000,39412,93401,132813
1615342230000,39359,93482,132841
1615342530000,39324,93445,132769
1615342830000,39256,93356,132612
1615343130000,39119,92942,132061
1615343430000,38977,93212,132189
1615343730000,38769,93037,131806
1615344030000,38618,92886,131504
1615344330000,38427,92562,130989
1615344629000,38308,92438,130746
1615344930000,37990,92008,129998
1615345230000,37950,91558,129508
1615345530000,37653,90690,128343
1615345830000,37422,90126,127548
1615346130000,37092,89606,126698
1615346430000,36815,89092,125907
1615346730000,36613,88559,125172
1615347030000,36282,88203,124485
1615347330000,35982,87640,123622
1615347630000,35691,87163,122854
1615347929000,35306,86472,121778
1615348230000,35053,85910,120963
1615348530000,34795,85347,120142
1615348830000,34452,84660,119112
1615349130000,33993,82832,116825
1615349429000,33681,82990,116671
1615349730000,33441,82143,115584
1615350030000,33160,81278,114438
1615350329000,32718,80488,113206
1615350630000,32444,79348,111792
1615350930000,32141,78678,110819
1615351230000,31855,77905,109760
1615351530000,31543,77232,108775
1615351830000,31298,76741,108039
1615352130000,31017,75966,106983
1615352429000,30685,75122,105807
1615352730000,30350,74480,104830
1615353030000,29980,73603,103583
1615353330000,29675,72698,102373
1615353630000,29410,71883,101293
1615353930000,29089,71065,100154
1615354230000,28809,70158,98967
1615354530000,28470,69528,97998
1615354830000,28198,68592,96790
1615355130000,27919,67112,95031
1615355430000,27662,67275,94937
1615355729000,27444,66630,94074
1615356030000,27207,65984,93191
1615356330000,26957,64991,91948
1615356630000,26667,64187,90854
1615356930000,26564,63331,89895
1615357230000,26303,62866,89169
1615357530000,26123,62050,88173
1615357830000,25855,61407,87262
1615358130000,25736,60497,86233
1615358430000,25638,59802,85440
1615358729000,25452,59012,84464
1615359030000,25350,58124,83474
1615359330000,25388,57590,82978
1615359629000,25180,56928,82108
1615359930000,25006,56476,81482
1615360229000,24990,56358,81348
1615360530000,24954,55922,80876
1615360829000,24910,54656,79566
1615361129000,24819,56227,81046
1615361429000,24655,56721,81376
1615361730000,22370,56374,78744
1615362030000,22411,56023,78434
1615362330000,22306,55758,78064
1615362630000,22114,55610,77724
1615362930000,22126,54982,77108
1615363230000,21844,54615,76459
1615363530000,21823,54496,76319
1615363830000,21788,54039,75827
1615364130000,21733,54130,75863
1615364430000,21685,53891,75576
1615364729000,21673,54147,75820
1615365030000,21677,53981,75658
1615365330000,21657,53747,75404
1615365630000,21787,53883,75670
1615365930000,21869,53789,75658
1615366230000,21998,53841,75839
1615366530000,22088,53925,76013
1615366830000,22020,54093,76113
1615367129000,21997,54042,76039
1615367430000,22067,54255,76322
1615367729000,22135,54365,76500
1615368029000,22226,54421,76647
1615368329000,22312,54502,76814
1615368630000,22417,54556,76973
1615368930000,22621,54655,77276
1615369230000,22729,54603,77332
1615369529000,22875,54547,77422
1615369830000,22965,53868,76833
1615370130000,23022,54045,77067
1615370430000,23070,54049,77119
1615370731000,23120,54045,77165
1615371030000,23131,54241,77372
1615371330000,23227,55079,78306
1615371630000,23342,55891,79233
1615371930000,23494,55877,79371
1615372229000,23656,55752,79408
1615372530000,23782,55865,79647
1615372830000,24023,55995,80018
1615373130000,24154,56294,80448
1615373429000,24204,56235,80439
1615373730000,24187,56619,80806
1615374030000,24274,56641,80915
1615374330000,24425,56629,81054
1615374630000,24505,56874,81379
1615374930000,24615,57154,81769
1615375230000,24756,57421,82177
1615375531000,24931,57712,82643
1615375829000,25027,58108,83135
1615376130000,25104,58448,83552
1615376430000,25191,58811,84002
1615376730000,25359,59040,84399
1615377030000,25506,59449,84955
1615377330000,25641,58526,84167
1615377630000,25818,59843,85661
1615377930000,26086,60267,86353
1615378230000,26259,60775,87034
1615378529000,26374,61243,87617
1615378830000,26485,61844,88329
1615379129000,26681,62375,89056
1615379430000,26922,63002,89924
1615379730000,27075,63511,90586
1615380030000,27448,63919,91367
1615380330000,27570,64552,92122
1615380630000,27767,65485,93252
1615380930000,27945,66237,94182
1615381230000,28159,66453,94612
1615381538000,28443,67111,95554
1615381830000,28665,67945,96610
1615382130000,28892,68544,97436
1615382429000,29145,69192,98337
1615382729000,29382,69943,99325
1615383029000,29554,70310,99864
1615383329000,29766,70039,99805
1615383630000,30001,70992,100993
1615383930000,30363,71608,101971
1615384229000,30524,72231,102755
1615384530000,30804,73106,103910
1615384830000,31074,73805,104879
1615385130000,31346,74302,105648
1615385430000,31625,74899,106524
1615385730000,31981,75537,107518
1615386029000,32319,76315,108634
1615386330000,32522,77174,109696
1615386630000,32755,77808,110563
1615386930000,32925,78514,111439
1615387230000,33170,79227,112397
1615387530000,33387,80067,113454
1615387830000,33676,80623,114299
1615388130000,33855,80955,114810
1615388430000,33946,81230,115176
1615388730000,34240,81917,116157
1615389030000,34551,82489,117040
1615389330000,34884,82839,117723
1615389630000,35094,83883,118977
1615389930000,35402,84295,119697
1615390230000,35555,85062,120617
1615390530000,35807,85611,121418
1615390830000,36089,85650,121739
1615391129000,36394,86264,122658
1615391430000,36558,87052,123610
1615391729000,36842,87386,124228
1615392030000,37014,87554,124568
1615392330000,37144,87552,124696
1615392630000,37276,88235,125511
1615392930000,37409,88679,126088
1615393230000,37545,89117,126662
1615393530000,37721,89440,127161
1615393830000,37913,89533,127446
1615394130000,38116,89853,127969
1615394430000,38363,90151,128514
1615394730000,38736,90260,128996
1615395030000,38882,90330,129212
1615395330000,38980,90624,129604
1615395630000,39229,90410,129639
1615395930000,39067,90462,129529
1615396230000,39172,90695,129867
1615396530000,40011,90876,130887
1615396830000,40141,91125,131266
1615397130000,41405,91704,133109
1615397430000,41558,91910,133468
1615397730000,41573,91801,133374
1615398030000,41707,92239,133946
1615398330000,41844,92836,134680
1615398630000,42173,92961,135134
1615398930000,42358,93223,135581
1615399229000,42496,93731,136227
1615399530000,42699,94038,136737
1615399830000,42880,94621,137501
1615400130000,42955,95086,138041
1615400429000,43181,95467,138648
1615400730000,43243,96039,139282
1615401030000,43243,96636,139879
1615401330000,43388,96799,140187
1615401630000,43565,97569,141134
1615401930000,43769,98063,141832
1615402230000,43686,93319,137005
1615402530000,44153,95205,139358
1615402830000,44623,94616,139239
1615403130000,44974,95428,140402
1615403430000,45270,96753,142023
1615403730000,45630,98597,144227
1615404030000,45920,100054,145974
1615404330000,46123,100548,146671
1615404630000,46370,101060,147430
1615404930000,46570,101650,148220
1615405230000,46797,101984,148781
1615405530000,46893,102310,149203
1615405830000,46781,102551,149332
1615406130000,47043,102622,149665
1615406430000,47044,102338,149382
1615406730000,47097,101932,149029
1615407030000,47169,102266,149435
1615407330000,47332,102842,150174
1615407630000,47478,103173,150651
1615407930000,47587,103135,150722
1615408230000,47653,103080,150733
1615408529000,45634,104087,149721
1615408829000,45670,103698,149368
1615409130000,45546,103709,149255
1615409429000,45426,103409,148835
1615409730000,45383,103481,148864
1615410029000,45332,102745,148077
1615410330000,45203,102931,148134
1615410629000,45127,102903,148030
1615410930000,45029,102366,147395
1615411229000,44909,102597,147506
1615411530000,44565,102263,146828
1615411830000,44533,101234,145767
1615412130000,44314,101289,145603
1615412430000,44293,100424,144717
1615412730000,44218,100196,144414
1615413030000,44023,99866,143889
1615413330000,43875,99472,143347
1615413630000,43602,98943,142545
1615413930000,43374,98478,141852
1615414230000,43162,98135,141297
1615414530000,42975,97603,140578
1615414830000,42855,97270,140125
1615415130000,42679,97126,139805
1615415430000,42440,96763,139203
1615415730000,42092,96381,138473
1615416030000,41995,96121,138116
1615416330000,41844,95916,137760
1615416630000,41771,95733,137504
1615416930000,41627,95151,136778
1615417230000,41491,94701,136192
1615417530000,41295,93999,135294
1615417830000,41164,93590,134754
1615418130000,41032,93141,134173
1615418430000,40933,92766,133699
1615418730000,40875,92336,133211
1615419030000,40855,92363,133218
1615419330000,40691,91740,132431
1615419630000,40506,91695,132201
1615419930000,40248,91481,131729
1615420230000,39864,91110,130974
1615420529000,39612,90836,130448
1615420830000,39369,90776,130145
1615421130000,39227,90369,129596
1615421430000,38981,89779,128760
1615421730000,38604,89308,127912
1615422030000,38259,89665,127924
1615422330000,38001,89384,127385
1615422630000,37625,89398,127023
1615422930000,37359,88405,125764
1615423230000,37716,89561,127277
1615423530000,38214,90393,128607
1615423830000,38508,90811,129319
1615424129000,38740,91229,129969
1615424430000,38708,90835,129543
1615424730000,38899,91053,129952
1615425029000,39045,91316,130361
1615425330000,39121,91513,130634
1615425630000,39203,91796,130999
1615425930000,39313,92163,131476
1615426230000,39215,92333,131548
1615426530000,39230,92230,131460
1615426829000,39234,92417,131651
1615427130000,39123,92655,131778
1615427430000,38965,92724,131689
1615427730000,38830,92704,131534
1615428029000,38746,92637,131383
1615428330000,38538,92603,131141
1615428630000,38312,92520,130832
1615428930000,38324,92752,131076
1615429230000,38202,92749,130951
1615429530000,38223,92811,131034
1615429830000,38098,92501,130599
1615430130000,37975,91898,129873
1615430430000,37899,91799,129698
1615430729000,37672,91500,129172
1615431030000,37387,91173,128560
1615431330000,37185,91051,128236
1615431630000,36934,90721,127655
1615431930000,36771,90149,126920
1615432230000,36425,89688,126113
1615432530000,36127,89198,125325
1615432829000,36005,88556,124561
1615433130000,35750,87989,123739
1615433430000,35534,87466,123000
1615433730000,35281,87088,122369
1615434030000,34950,86814,121764
1615434330000,34701,86203,120904
1615434630000,34341,85633,119974
1615434930000,34069,84781,118850
1615435230000,33751,83781,117532
1615435530000,33453,83072,116525
1615435830000,33206,82053,115259
1615436130000,32937,80902,113839
1615436430000,32670,80278,112948
1615436729000,32364,79649,112013
1615437030000,32126,78996,111122
1615437330000,31883,78299,110182
1615437630000,31629,77618,109247
1615437930000,31258,76976,108234
1615438230000,31056,76288,107344
1615438530000,30664,75668,106332
1615438830000,30348,74859,105207
1615439130000,30048,74142,104190
1615439430000,29679,73229,102908
1615439730000,29369,72219,101588
1615440030000,29064,71379,100443
1615440330000,28702,70460,99162
1615440630000,28481,69812,98293
1615440930000,28126,69406,97532
1615441230000,27960,68604,96564
1615441529000,27657,67964,95621
1615441829000,27474,67014,94488
1615442130000,27293,66533,93826
1615442430000,27042,65476,92518
1615442730000,26646,64549,91195
1615443029000,26336,63883,90219
1615443330000,25993,63009,89002
1615443630000,25556,62492,88048
1615443930000,25234,61675,86909
1615444230000,25320,60927,86247
1615444530000,25239,60266,85505
1615444830000,25274,59456,84730
1615445129000,25161,58862,84023
1615445430000,25057,57816,82873
1615445730000,24599,57281,81880
1615446029000,24487,56700,81187
1615446330000,24367,56012,80379
1615446629000,24231,56714,80945
1615446930000,24105,56084,80189
1615447229000,23933,55686,79619
1615447530000,23859,56392,80251
1615447830000,23774,56755,80529
1615448129000,22320,56452,78772
1615448430000,22174,56254,78428
1615448730000,22131,55947,78078
1615449030000,22271,55543,77814
1615449330000,22082,55246,77328
1615449630000,22097,55127,77224
1615449930000,21696,54993,76689
1615450230000,21650,54814,76464
1615450530000,21741,54693,76434
1615450829000,21867,54381,76248
1615451130000,21940,54226,76166
1615451430000,21866,54163,76029
1615451730000,21937,54133,76070
1615452030000,22007,54022,76029
1615452329000,22098,54192,76290
1615452629000,22250,54240,76490
1615452930000,22497,54263,76760
1615453230000,22633,54070,76703
1615453530000,22724,53938,76662
1615453830000,22870,54073,76943
1615454130000,22911,54284,77195
1615454430000,22938,54315,77253
1615454730000,22976,54042,77018
1615455029000,23077,54155,77232
1615455330000,23123,54427,77550
1615455630000,23258,54494,77752
1615455930000,23288,54426,77714
1615456230000,23414,54517,77931
1615456530000,23565,54541,78106
1615456830000,23575,54528,78103
1615457130000,23624,54538,78162
1615457429000,23699,54754,78453
1615457730000,23912,54784,78696
1615458030000,24063,55187,79250
1615458330000,24178,55543,79721
1615458630000,24199,55593,79792
1615458930000,24318,55681,79999
1615459230000,24441,56062,80503
1615459530000,24587,56151,80738
1615459830000,24654,56157,80811
1615460129000,24688,56336,81024
1615460430000,24720,56278,80998
1615460730000,24702,56241,80943
1615461030000,24503,56277,80780
1615461329000,24421,56606,81027
1615461630000,24636,56989,81625
1615461930000,24748,57245,81993
1615462230000,24927,57377,82304
1615462530000,24993,57638,82631
1615462830000,25202,58115,83317
1615463130000,25269,58534,83803
1615463430000,25351,58859,84210
1615463730000,25556,59213,84769
1615464030000,25651,59466,85117
1615464330000,25854,59940,85794
1615464630000,26088,60614,86702
1615464930000,26320,61194,87514
1615465230000,26566,61741,88307
1615465530000,26722,62249,88971
1615465830000,27040,62211,89251
1615466130000,27207,62742,89949
1615466429000,27555,63491,91046
1615466730000,27719,64246,91965
1615467030000,27950,64670,92620
1615467330000,28156,65386,93542
1615467630000,28272,65971,94243
1615467930000,28383,66459,94842
1615468230000,28750,66930,95680
1615468530000,29025,67602,96627
1615468830000,29322,68368,97690
1615469130000,29783,68650,98433
1615469430000,30062,69439,99501
1615469730000,30379,69810,100189
1615470029000,30712,70764,101476
1615470330000,31135,71443,102578
1615470630000,31509,72269,103778
1615470929000,31743,72846,104589
1615471230000,32087,73393,105480
1615471530000,32456,74322,106778
1615471830000,32737,74976,107713
1615472129000,33070,75848,108918
1615472430000,32434,76823,109257
1615472730000,32750,77862,110612
1615473030000,32927,78192,111119
1615473330000,33288,78904,112192
1615473630000,33704,79562,113266
1615473930000,34068,80171,114239
1615474230000,34261,80220,114481
1615474530000,34586,81107,115693
1615474830000,34810,81535,116345
1615475130000,34885,82176,117061
1615475430000,35206,83138,118344
1615475730000,35574,83474,119048
1615476030000,35976,83950,119926
1615476330000,36213,84064,120277
1615476630000,36587,85203,121790
1615476930000,36944,85136,122080
1615477230000,37275,86037,123312
1615477530000,37572,86610,124182
1615477830000,36544,86776,123320
1615478130000,36801,87021,123822
1615478430000,36868,87372,124240
1615478730000,37009,87492,124501
1615479030000,37136,87894,125030
1615479329000,37407,88058,125465
1615479630000,37563,88794,126357
1615479930000,37749,88978,126727
1615480229000,37955,89046,127001
1615480530000,38130,89541,127671
1615480830000,38317,89422,127739
1615481130000,38611,89695,128306
1615481430000,38667,89933,128600
1615481730000,38636,90080,128716
1615482030000,38859,90025,128884
1615482330000,38720,90098,128818
1615482630000,38996,90274,129270
1615482930000,39948,90595,130543
1615483230000,40358,90926,131284
1615483530000,41273,91392,132665
1615483830000,42015,91555,133570
1615484130000,42312,91850,134162
1615484429000,42531,92138,134669
1615484729000,42766,92514,135280
1615485030000,42945,92964,135909
1615485330000,43022,93218,136240
1615485630000,43185,93599,136784
1615485930000,43199,93168,136367
1615486230000,43507,93468,136975
1615486530000,43759,94018,137777
1615486830000,44132,94629,138761
1615487130000,44474,95473,139947
1615487430000,44676,95969,140645
1615487730000,44895,96570,141465
1615488030000,45264,97110,142374
1615488330000,45544,97632,143176
1615488629000,45789,98112,143901
1615488930000,46028,98381,144409
1615489230000,46138,96720,142858
1615489530000,46293,97026,143319
1615489830000,46402,98027,144429
1615490129000,46607,99818,146425
1615490430000,46690,100431,147121
1615490730000,46780,100955,147735
1615491030000,46335,100931,147266
1615491330000,45759,101265,147024
1615491630000,44972,101425,146397
1615492167000,42234,101285,143519
1615492229000,41722,101434,143156
1615492530000,12698,102017,114715
1615492830000,15733,102471,118204
1615493130000,21902,102330,124232
1615493430000,25811,102752,128563
1615493730000,28507,103039,131546
1615494030000,30549,102456,133005
1615494330000,31575,102511,134086
1615494630000,33393,103188,136581
1615494929000,34603,103118,137721
1615495230000,35685,103193,138878
1615495530000,36611,103365,139976
1615495830000,37347,103292,140639
1615496130000,37979,103205,141184
1615496430000,38548,103064,141612
1615496729000,38945,102724,141669
1615497030000,38959,102266,141225
1615497329000,39243,102148,141391
1615497630000,39328,101561,140889
1615497930000,39593,101081,140674
1615498230000,39700,100872,140572
1615498530000,39945,100705,140650
1615498830000,40058,100253,140311
1615499130000,40076,99592,139668
1615499430000,40155,99343,139498
1615499730000,40236,99085,139321
1615500030000,40317,98495,138812
1615500330000,41803,98070,139873
1615500630000,42119,97176,139295
1615500930000,42158,96888,139046
1615501230000,42100,96717,138817
1615501530000,40956,96112,137068
1615501830000,40906,95886,136792
1615502130000,40829,95524,136353
1615502430000,40820,95271,136091
1615502730000,40675,94834,135509
1615503030000,40514,94360,134874
1615503330000,40260,94080,134340
1615503630000,40119,93831,133950
1615503930000,40008,93429,133437
1615504229000,40022,93026,133048
1615504530000,39934,92437,132371
1615504829000,39992,92263,132255
1615505130000,39834,92003,131837
1615505430000,39762,91924,131686
1615505730000,39670,91225,130895
1615506029000,39645,91474,131119
1615506330000,39601,91441,131042
1615506629000,39622,91362,130984
1615506929000,39516,91085,130601
1615507230000,39508,90876,130384
1615507530000,39913,90468,130381
1615507830000,39885,90500,130385
1615508129000,39711,90539,130250
1615508430000,39554,90270,129824
1615508730000,39524,90469,129993
1615509030000,39534,90381,129915
1615509330000,39490,90503,129993
1615509630000,39382,90705,130087
1615509929000,39434,90610,130044
1615510229000,39245,90709,129954
1615510529000,39187,90809,129996
1615510830000,39023,90836,129859
1615511130000,38998,90676,129674
1615511430000,38815,90737,129552
1615511729000,38878,91032,129910
1615512030000,38792,91270,130062
1615512330000,38728,91279,130007
1615512630000,38634,91476,130110
1615512929000,38648,91662,130310
1615513230000,38602,91888,130490
1615513529000,38474,91878,130352
1615513829000,38322,92086,130408
1615514129000,38297,91979,130276
1615514430000,38038,91853,129891
1615514732000,37927,91518,129445
1615514793000,37931,91539,129470
1615515030000,37735,91580,129315
1615515330000,37591,91208,128799
1615515630000,37478,91274,128752
1615515930000,37388,91066,128454
1615516230000,37309,91056,128365
1615516530000,37097,90902,127999
1615516830000,36894,90868,127762
1615517130000,36883,90593,127476
1615517430000,36734,90465,127199
1615517730000,36547,89957,126504
1615518030000,36246,89744,125990
1615518330000,35997,88785,124782
1615518630000,35871,88301,124172
1615518930000,35605,87992,123597
1615519230000,35440,87623,123063
1615519530000,35289,84840,120129
1615519830000,35048,84914,119962
1615520130000,34809,84774,119583
1615520430000,34546,84588,119134
1615520730000,34378,84247,118625
1615521030000,34163,83931,118094
1615521330000,33945,83739,117684
1615521629000,33673,82837,116510
1615521929000,33418,81992,115410
1615522230000,33006,81214,114220
1615522530000,32622,80556,113178
1615522830000,32310,79829,112139
1615523129000,32013,79113,111126
1615523430000,31662,78363,110025
1615523730000,31360,77569,108929
1615524030000,31060,77010,108070
1615524329000,30706,76092,106798
1615524630000,30434,75345,105779
1615524929000,30058,74594,104652
1615525230000,29767,73979,103746
1615525530000,29433,73055,102488
1615525830000,29079,72326,101405
1615526130000,28804,71605,100409
1615526429000,28586,70961,99547
1615526729000,28348,70295,98643
1615527029000,28082,69386,97468
1615527330000,27864,68776,96640
1615527629000,27644,67802,95446
1615527930000,27344,67085,94429
1615528230000,27206,66412,93618
1615528530000,27017,65470,92487
1615528830000,26801,64995,91796
1615529130000,26472,63369,89841
1615529430000,26294,63159,89453
1615529730000,26166,62390,88556
1615530030000,26019,61776,87795
1615530329000,25804,60941,86745
1615530630000,25695,59953,85648
1615530930000,25549,59066,84615
1615531230000,25419,58403,83822
1615531530000,25305,57657,82962
1615531830000,25212,56945,82157
1615532130000,25011,56524,81535
1615532431000,24942,55796,80738
1615532730000,24748,55089,79837
1615533029000,24646,54777,79423
1615533329000,24458,54293,78751
1615533630000,24401,53907,78308
1615533930000,24360,55774,80134
1615534230000,24305,56292,80597
1615534530000,22976,55729,78705
1615534830000,22736,55602,78338
1615535130000,22665,55134,77799
1615535430000,22661,55025,77686
1615535730000,21994,54699,76693
1615536029000,22116,54150,76266
1615536330000,21893,53843,75736
1615536630000,21798,53565,75363
1615536930000,21593,52929,74522
1615537230000,21638,53190,74828
1615537530000,21654,53049,74703
1615537829000,21652,53072,74724
1615538130000,21686,53062,74748
1615538430000,21724,52999,74723
1615538730000,21727,52763,74490
1615539030000,21776,52773,74549
1615539330000,21803,52667,74470
1615539630000,21803,52678,74481
1615539930000,22009,52713,74722
1615540229000,22170,52901,75071
1615540531000,22028,54194,76222
1615540830000,22183,54542,76725
1615541129000,22294,54673,76967
1615541430000,22321,54846,77167
1615541729000,22397,55081,77478
1615542030000,22565,55153,77718
1615542329000,22701,55336,78037
1615542630000,22837,55374,78211
1615542930000,22903,55466,78369
1615543230000,22984,55589,78573
1615543530000,23029,55854,78883
1615543830000,23234,55913,79147
1615544130000,23318,55965,79283
1615544429000,23326,56288,79614
1615544730000,23440,56698,80138
1615545030000,23668,56823,80491
1615545329000,23863,56967,80830
1615545630000,23995,57318,81313
1615545930000,24089,57134,81223
1615546230000,24193,55616,79809
1615546529000,24264,56936,81200
1615546830000,24347,57293,81640
1615547130000,24398,57541,81939
1615547430000,24628,57967,82595
1615547729000,24679,58192,82871
1615548030000,24843,58490,83333
1615548330000,24819,58607,83426
1615548630000,24950,58831,83781
1615548930000,25154,59158,84312
1615549230000,25330,59604,84934
1615549529000,25505,60103,85608
1615549830000,25685,60405,86090
1615550130000,25886,60872,86758
1615550430000,26049,61209,87258
1615550730000,26299,61748,88047
1615551030000,26417,62315,88732
1615551330000,26479,62844,89323
1615551630000,26720,63416,90136
1615551930000,26882,63787,90669
1615552230000,27173,62852,90025
1615552530000,27390,64724,92114
1615552831000,27655,65332,92987
1615553130000,27914,65982,93896
1615553430000,28106,66636,94742
1615553730000,28271,66935,95206
1615554030000,28503,67433,95936
1615554330000,28793,68140,96933
1615554630000,29021,68848,97869
1615554930000,29190,69517,98707
1615555230000,29568,70106,99674
1615555530000,29682,70810,100492
1615555830000,29777,71394,101171
1615556130000,30148,71997,102145
1615556430000,30302,72681,102983
1615556730000,30606,73251,103857
1615557030000,30908,74003,104911
1615557330000,31270,74660,105930
1615557630000,31414,75350,106764
1615557930000,31833,75949,107782
1615558230000,32160,76099,108259
1615558529000,32561,77525,110086
1615558830000,32923,78261,111184
1615559130000,33253,78980,112233
1615559430000,33549,79563,113112
1615559730000,33840,80169,114009
1615560030000,34189,81145,115334
1615560330000,34489,81850,116339
1615560630000,34703,82442,117145
1615560930000,34979,83023,118002
1615561229000,35210,83282,118492
1615561529000,35435,83863,119298
1615561830000,35813,84371,120184
1615562129000,36156,85141,121297
1615562430000,36424,85937,122361
1615562730000,36671,86318,122989
1615563029000,36934,86511,123445
1615563330000,37235,86923,124158
1615563630000,37541,87552,125093
1615563930000,36105,88076,124181
1615564230000,36341,88493,124834
1615564530000,36631,87646,124277
1615564830000,36916,88764,125680
1615565130000,37175,89128,126303
1615565430000,37541,89579,127120
1615565729000,37706,89933,127639
1615566030000,38020,90357,128377
1615566330000,38293,90586,128879
1615566630000,38438,90640,129078
1615566929000,38692,90848,129540
1615567230000,38881,90940,129821
1615567530000,39136,91009,130145
1615567830000,39844,90942,130786
1615568130000,39597,90964,130561
1615568430000,39782,91028,130810
1615568729000,39915,90999,130914
1615569030000,40067,89206,129273
1615569330000,40367,89387,129754
1615569630000,40273,89746,130019
1615569929000,41247,90108,131355
1615570230000,41548,90156,131704
1615570530000,41925,90312,132237
1615570830000,40642,90502,131144
1615571130000,40943,90783,131726
1615571430000,41067,91206,132273
1615571729000,41115,91302,132417
1615572030000,40965,91451,132416
1615572330000,41366,91718,133084
1615572630000,41339,92099,133438
1615572930000,41251,92591,133842
1615573598000,42533,93392,135925
1615573830000,42187,93487,135674
1615574130000,42516,93873,136389
1615574503000,43347,94364,137711
1615574730000,43270,94583,137853
1615574927000,43817,94897,138714
1615575030000,43448,94837,138285
1615575330000,43822,95062,138884
1615575630000,43996,93458,137454
1615575930000,44245,93488,137733
1615576230000,44598,94485,139083
1615576530000,44677,96063,140740
1615576830000,44149,96863,141012
1615577130000,45110,96893,142003
1615577430000,43625,97379,141004
1615577730000,43827,97907,141734
1615578030000,44256,98018,142274
1615578330000,44428,98187,142615
1615578629000,44542,98268,142810
1615578930000,44763,98581,143344
1615579229000,44875,98594,143469
1615579530000,45227,99207,144434
1615579830000,45254,98852,144106
1615580130000,45811,99085,144896
1615580430000,45893,99664,145557
1615580730000,46003,99607,145610
1615581030000,46246,99897,146143
1615581331000,46342,100307,146649
1615581630000,46345,100558,146903
1615581930000,46409,100871,147280
1615582230000,46570,100999,147569
1615582530000,46444,101023,147467
1615582830000,46679,100701,147380
1615583130000,44592,100510,145102
1615583430000,44745,100427,145172
1615583730000,44462,100732,145194
1615584030000,44744,100851,145595
1615584330000,44641,100650,145291
1615584630000,44539,100650,145189
1615584930000,44589,100387,144976
1615585230000,44699,100328,145027
1615585530000,44576,100110,144686
1615585830000,44443,100308,144751
1615586129000,44432,99954,144386
1615586430000,44376,99716,144092
1615586730000,44326,99278,143604
1615587030000,44067,98656,142723
1615587330000,44128,98648,142776
1615587630000,43800,98617,142417
1615587930000,43859,98334,142193
1615588230000,43510,98157,141667
1615588530000,43491,97754,141245
1615588829000,43174,97804,140978
1615589130000,43127,97356,140483
1615589430000,43063,97293,140356
1615589730000,42826,96631,139457
1615590030000,42706,96538,139244
1615590329000,42433,96273,138706
1615590630000,42499,95857,138356
1615590929000,42290,95491,137781
1615591230000,42033,95071,137104
1615591530000,41966,94775,136741
1615591829000,41613,94523,136136
1615592130000,41628,94302,135930
1615592430000,41275,93934,135209
1615592730000,41215,93545,134760
1615593030000,41408,93244,134652
1615593330000,41116,93031,134147
1615593630000,40977,92458,133435
1615593930000,41127,92312,133439
1615594230000,41177,92131,133308
1615594530000,41013,91833,132846
1615594830000,40680,92018,132698
1615595131000,40832,91686,132518
1615595430000,40480,91722,132202
1615595730000,40432,91282,131714
1615596030000,40344,91334,131678
1615596330000,40047,91282,131329
1615596630000,39842,91305,131147
1615596930000,39870,91293,131163
1615597229000,39963,90831,130794
1615597529000,39773,90940,130713
1615597829000,39342,91015,130357
1615598130000,39523,91048,130571
1615598430000,39389,90845,130234
1615598730000,39349,90980,130329
1615599030000,38970,91164,130134
1615599329000,39082,90955,130037
1615599630000,38973,91000,129973
1615599930000,38541,91342,129883
1615600230000,38363,90789,129152
1615600530000,38598,90434,129032
1615600830000,38474,90566,129040
1615601130000,38240,90402,128642
1615601429000,38143,90389,128532
1615601729000,37909,90429,128338
1615602030000,37715,90735,128450
1615602330000,37488,90666,128154
1615602630000,37480,90695,128175
1615602930000,37349,90611,127960
1615603230000,37188,90487,127675
1615603529000,37150,90575,127725
1615603830000,36943,90401,127344
1615604130000,36953,89998,126951
1615604430000,36901,89862,126763
1615604730000,36711,89602,126313
1615605030000,36283,89445,125728
1615605330000,36440,88908,125348
1615605630000,36164,88818,124982
1615605929000,36003,88555,124558
1615606229000,35550,87931,123481
1615606530000,35550,87542,123092
1615606830000,35463,87186,122649
1615607129000,35228,86940,122168
1615607430000,35030,86561,121591
1615607730000,34732,86196,120928
1615608029000,34279,85783,120062
1615608329000,34026,85442,119468
1615608629000,34014,84860,118874
1615608929000,33696,84332,118028
1615609229000,33590,83628,117218
1615609530000,33719,82910,116629
1615609830000,33487,82441,115928
1615610129000,33044,81782,114826
1615610429000,32806,81144,113950
1615610730000,32735,80592,113327
1615611030000,32402,80081,112483
1615611330000,32025,79231,111256
1615611629000,31580,78648,110228
1615611930000,31408,78009,109417
1615612230000,31215,77353,108568
1615612530000,30919,76539,107458
1615612830000,30638,75959,106597
1615613129000,30603,75527,106130
1615613430000,30036,74820,104856
1615613730000,29746,74380,104126
1615614029000,29354,73396,102750
1615614329000,29067,72991,102058
1615614630000,28994,72471,101465
1615614930000,28891,71611,100502
1615615230000,28429,70950,99379
1615615529000,28157,69849,98006
1615615830000,28038,69220,97258
1615616130000,27875,68078,95953
1615616430000,27525,67446,94971
1615616730000,27287,66659,93946
1615617029000,27022,65858,92880
1615617330000,26951,64494,91445
1615617630000,26735,63914,90649
1615617930000,26506,63056,89562
1615618230000,26288,61948,88236
1615618530000,26508,61131,87639
1615618830000,26462,60173,86635
1615619130000,26152,60383,86535
1615619430000,25655,60020,85675
1615619730000,25291,59408,84699
1615620030000,25260,58614,83874
1615620330000,25090,59573,84663
1615620630000,24981,59957,84938
1615620930000,23615,59288,82903
1615621230000,23289,58917,82206
1615621529000,23268,58522,81790
1615621830000,23171,58095,81266
1615622130000,23888,57756,81644
1615622430000,23062,57537,80599
1615622730000,22927,56282,79209
1615623030000,22861,55988,78849
1615623329000,23059,55850,78909
1615623630000,23026,55360,78386
1615623929000,23036,55280,78316
1615624230000,22989,55025,78014
1615624529000,22891,55063,77954
1615624830000,22899,55092,77991
1615625130000,22997,55180,78177
1615625430000,23099,55377,78476
1615625730000,23205,55382,78587
1615626029000,23004,54552,77556
1615626330000,22976,55550,78526
1615626630000,23093,54771,77864
1615626930000,23123,54767,77890
1615627230000,23241,54757,77998
1615627530000,23296,54762,78058
1615627830000,23315,54913,78228
1615628129000,23458,54925,78383
1615628430000,23594,55114,78708
1615628729000,23658,55101,78759
1615629030000,23721,55187,78908
1615629330000,23817,55221,79038
1615629629000,23904,55439,79343
1615629930000,23986,55387,79373
1615630230000,24059,55597,79656
1615630530000,24315,55679,79994
1615630830000,24492,55772,80264
1615631130000,24614,55845,80459
1615631430000,24781,55986,80767
1615631729000,24853,56263,81116
1615632030000,24954,56549,81503
1615632330000,25167,56617,81784
1615632630000,25294,56991,82285
1615632930000,25395,57250,82645
1615633230000,25493,57575,83068
1615633531000,25594,57611,83205
1615633830000,25721,58291,84012
1615634131000,25836,58617,84453
1615634430000,26077,59193,85270
1615634730000,26293,59507,85800
1615635030000,26526,59904,86430
1615635331000,26754,60153,86907
1615635629000,27084,60634,87718
1615635930000,27208,61104,88312
1615636230000,27481,61390,88871
1615636529000,27656,61691,89347
1615636829000,27776,62102,89878
1615637129000,27957,62562,90519
1615637430000,28222,63097,91319
1615637729000,28353,63497,91850
1615638030000,28467,64003,92470
1615638329000,28666,64735,93401
1615638630000,28906,65252,94158
1615638929000,29204,65537,94741
1615639229000,29569,66337,95906
1615639529000,29801,67117,96918
1615639830000,30035,67532,97567
1615640130000,30255,67862,98117
1615640429000,30485,68454,98939
1615640730000,30596,69023,99619
1615641029000,30855,69480,100335
1615641330000,31090,69897,100987
1615641629000,31311,70759,102070
1615641930000,31606,71367,102973
1615642229000,31741,71979,103720
1615642529000,32008,72509,104517
1615642829000,32245,73098,105343
1615643130000,32553,73782,106335
1615643430000,32868,74534,107402
1615643729000,33080,75290,108370
1615644030000,33336,75760,109096
1615644330000,33601,76491,110092
1615644630000,33828,77315,111143
1615644929000,34106,78102,112208
1615645229000,34343,78595,112938
1615645530000,34701,79258,113959
1615645830000,35137,79885,115022
1615646130000,35480,80479,115959
1615646429000,35872,81063,116935
1615646730000,36193,81806,117999
1615647030000,36594,82348,118942
1615647330000,36944,82860,119804
1615647630000,37216,83898,121114
1615647930000,37495,84240,121735
1615648230000,37931,84784,122715
1615648530000,38320,85040,123360
1615648830000,38697,85721,124418
1615649130000,37872,86269,124141
1615649429000,37954,86875,124829
1615649730000,38166,87326,125492
1615650030000,38358,87537,125895
1615650330000,38695,88230,126925
1615650630000,38981,88928,127909
1615650930000,39205,89157,128362
1615651230000,39344,89449,128793
1615651530000,39417,89672,129089
1615651830000,39507,90318,129825
1615652130000,39623,90788,130411
1615652430000,39689,91248,130937
1615652730000,39866,91197,131063
1615653030000,39954,91575,131529
1615653330000,40071,91900,131971
1615653630000,40217,92348,132565
1615653930000,40370,92254,132624
1615654230000,40505,92514,133019
1615654529000,40595,92546,133141
1615654829000,40944,92351,133295
1615655130000,41125,92387,133512
1615655429000,41316,92488,133804
1615655730000,41580,92734,134314
1615656030000,41897,93185,135082
1615656330000,42007,93316,135323
1615656630000,42181,93529,135710
1615656929000,42455,93578,136033
1615657230000,42734,93980,136714
1615657530000,43119,94105,137224
1615657830000,43412,94306,137718
1615658130000,42173,94520,136693
1615658431000,42259,94631,136890
1615658730000,42505,94873,137378
1615659030000,43587,95160,138747
1615659330000,43848,95394,139242
1615659630000,44108,95608,139716
1615659930000,44383,96158,140541
1615660230000,44707,96467,141174
1615660530000,44868,96633,141501
1615660830000,45017,96943,141960
1615661130000,45378,97396,142774
1615661430000,45421,97763,143184
1615661729000,45730,97956,143686
1615662030000,45968,96596,142564
1615662330000,46090,97456,143546
1615662629000,44435,97372,141807
1615662930000,44574,98998,143572
1615663230000,44785,100525,145310
1615663530000,44978,100863,145841
1615663830000,44985,100730,145715
1615664130000,45063,101496,146559
1615664430000,45035,101878,146913
1615664730000,45239,102024,147263
1615665030000,45363,102136,147499
1615665330000,45465,101862,147327
1615665630000,45492,102148,147640
1615665930000,45580,102428,148008
1615666230000,45653,102509,148162
1615666529000,46012,102666,148678
1615666829000,44639,103147,147786
1615667129000,44753,103446,148199
1615667430000,44990,103440,148430
1615667730000,44751,103632,148383
1615668030000,45368,103268,148636
1615668330000,45509,103414,148923
1615668629000,46601,103642,150243
1615668929000,46516,103486,150002
1615669230000,46586,103614,150200
1615669530000,46569,103583,150152
1615669830000,46413,103577,149990
1615670130000,46519,104413,150932
1615670430000,46501,104215,150716
1615670730000,46480,104767,151247
1615671030000,46545,104285,150830
1615671330000,46382,104405,150787
1615671629000,46414,104341,150755
1615671930000,46413,104297,150710
1615672230000,46408,103811,150219
1615672530000,46579,103653,150232
1615672830000,46579,103579,150158
1615673130000,46675,103909,150584
1615673430000,46715,103815,150530
1615673729000,46610,103582,150192
1615674030000,46931,103096,150027
1615674330000,46799,102363,149162
1615674630000,46874,102311,149185
1615674930000,46774,102125,148899
1615675230000,46644,101931,148575
1615675530000,46818,101521,148339
1615675830000,45211,101189,146400
1615676130000,45116,100610,145726
1615676430000,45073,99990,145063
1615676729000,44702,99581,144283
1615677030000,44773,99316,144089
1615677330000,44472,99039,143511
1615677629000,44459,98439,142898
1615677930000,44182,98057,142239
1615678230000,43953,97312,141265
1615678529000,43812,97272,141084
1615678830000,43597,96981,140578
1615679130000,43636,96615,140251
1615679430000,43422,96260,139682
1615679730000,42944,95994,138938
1615680030000,43188,95394,138582
1615680330000,43444,94423,137867
1615680630000,43088,93882,136970
1615680930000,43030,93728,136758
1615681230000,42921,93786,136707
1615681530000,42717,93560,136277
1615681830000,42699,93182,135881
1615682130000,42319,93755,136074
1615682429000,42361,93545,135906
1615682729000,42151,93818,135969
1615683030000,42026,93308,135334
1615683330000,41815,92867,134682
1615683629000,41882,92441,134323
1615683930000,41770,92356,134126
1615684230000,41612,92206,133818
1615684530000,41304,92403,133707
1615684829000,41162,92384,133546
1615685130000,40951,92266,133217
1615685430000,41032,92044,133076
1615685730000,40779,92072,132851
1615686029000,40788,92034,132822
1615686330000,40470,92111,132581
1615686630000,40351,92252,132603
1615686930000,40187,92372,132559
1615687230000,40212,92256,132468
1615687530000,39847,92027,131874
1615687829000,39666,91942,131608
1615688130000,39565,91851,131416
1615688430000,39471,91608,131079
1615688730000,39309,91499,130808
1615689030000,38985,91342,130327
1615689330000,38805,91258,130063
1615689630000,38653,90873,129526
1615689930000,38470,90668,129138
1615690230000,38101,90606,128707
1615690530000,38177,90367,128544
1615690830000,38038,90130,128168
1615691131000,37789,89740,127529
1615691430000,37539,89514,127053
1615691730000,37590,89276,126866
1615692030000,37470,89172,126642
1615692330000,37255,88948,126203
1615692630000,37091,88514,125605
1615692930000,36706,88128,124834
1615693229000,36618,87845,124463
1615693530000,36398,87498,123896
1615693829000,35187,87563,122750
1615694130000,36072,86425,122497
1615694430000,35751,85982,121733
1615694730000,35680,85544,121224
1615695030000,35388,84951,120339
1615695330000,35116,84409,119525
1615695630000,34990,84070,119060
1615695929000,34722,83537,118259
1615696229000,34521,82815,117336
1615696532000,34374,82240,116614
1615696830000,34036,81882,115918
1615697129000,33799,81341,115140
1615697430000,33431,80657,114088
1615697730000,32864,79882,112746
1615698030000,32756,79382,112138
1615698330000,32677,78753,111430
1615698630000,32264,78202,110466
1615698929000,31985,77496,109481
1615699230000,31600,76894,108494
1615699529000,31231,76439,107670
1615699830000,31335,75405,106740
1615700129000,31037,74803,105840
1615700430000,30671,73913,104584
1615700730000,30599,73458,104057
1615701030000,30202,72873,103075
1615701329000,30022,72342,102364
1615701630000,30083,71629,101712
1615701930000,29643,70621,100264
1615702230000,29154,70001,99155
1615702530000,29237,68707,97944
1615702830000,28873,68207,97080
1615703130000,28648,67258,95906
1615703430000,28578,66632,95210
1615703730000,28459,65924,94383
1615704030000,28077,65280,93357
1615704329000,27916,64306,92222
1615704630000,27603,63500,91103
1615704930000,27451,62708,90159
1615705230000,27205,61884,89089
1615705530000,26864,61637,88501
1615705829000,26407,61629,88036
1615706130000,26530,60964,87494
1615706430000,26225,60280,86505
1615706730000,25997,60933,86930
1615707030000,24992,61500,86492
1615707330000,24433,60833,85266
1615707629000,24111,60419,84530
1615707930000,25270,59929,85199
1615708230000,23937,59563,83500
1615708530000,23577,59044,82621
1615708830000,23549,58785,82334
1615709130000,23386,58404,81790
1615709430000,23283,58016,81299
1615709729000,23098,57852,80950
1615710030000,23234,57636,80870
1615710330000,23350,57329,80679
1615710630000,23414,56887,80301
1615710930000,23513,57098,80611
1615711230000,23585,57234,80819
1615711529000,23646,56967,80613
1615711830000,23733,57024,80757
1615712130000,23844,56619,80463
1615712430000,23885,56566,80451
1615712730000,23945,56510,80455
1615713030000,23889,56556,80445
1615713330000,24063,56521,80584
1615713630000,24064,56575,80639
1615713930000,24176,56645,80821
1615714230000,24229,56533,80762
1615714530000,24485,56570,81055
1615714830000,24607,56575,81182
1615715130000,24772,56792,81564
1615715430000,24931,56936,81867
1615715730000,24928,57028,81956
1615716030000,25048,56971,82019
1615716329000,27176,57149,84325
1615716630000,25040,57368,82408
1615716929000,24963,57295,82258
1615717230000,24805,57199,82004
1615717530000,24933,57541,82474
1615717830000,25178,57744,82922
1615718130000,25315,58142,83457
1615718430000,25445,58093,83538
1615718730000,25704,58335,84039
1615719030000,25962,58452,84414
1615719330000,26178,58538,84716
1615719630000,26385,58754,85139
1615719930000,26494,58916,85410
1615720230000,26599,59223,85822
1615720530000,26679,59419,86098
1615720830000,26853,59898,86751
1615721130000,26989,60229,87218
1615721430000,27252,60490,87742
1615721730000,27374,61096,88470
1615722029000,27608,61473,89081
1615722330000,27851,61990,89841
1615722631000,28051,62404,90455
1615722930000,28359,62713,91072
1615723230000,28581,63205,91786
1615723529000,28879,63511,92390
1615723830000,28948,63821,92769
1615724130000,29028,64090,93118
1615724430000,29235,64829,94064
1615724729000,29502,65416,94918
1615725030000,29750,65890,95640
1615725330000,30107,66673,96780
1615725630000,30429,67397,97826
1615725929000,30552,67758,98310
1615726230000,30767,68357,99124
1615726530000,31119,68908,100027
1615726830000,31434,69227,100661
1615727130000,31648,69965,101613
1615727430000,31875,70442,102317
1615727730000,32045,70920,102965
1615728030000,32239,71731,103970
1615728330000,32418,72423,104841
1615728630000,32725,73116,105841
1615728930000,32948,73966,106914
1615729229000,33276,74827,108103
1615729530000,33548,75243,108791
1615729830000,33803,75713,109516
1615730130000,34065,76276,110341
1615730430000,34291,77078,111369
1615730730000,34628,77901,112529
1615731030000,34980,78560,113540
1615731330000,35286,79244,114530
1615731630000,35610,79786,115396
1615731930000,35819,80744,116563
1615732230000,36099,81500,117599
1615732530000,36357,82394,118751
1615732830000,36573,83266,119839
1615733130000,36653,83846,120499
1615733430000,36962,84481,121443
1615733730000,37206,85135,122341
1615734030000,38038,85847,123885
1615734330000,37729,86481,124210
1615734630000,38020,87004,125024
1615734930000,38368,87453,125821
1615735230000,38712,88062,126774
1615735529000,38960,88880,127840
1615735830000,39273,89807,129080
1615736129000,39432,90516,129948
1615736430000,39813,91776,131589
1615736730000,40175,91753,131928
1615737030000,40552,92389,132941
1615737330000,40938,92903,133841
1615737630000,41265,94086,135351
1615737930000,41639,94236,135875
1615738230000,41961,94815,136776
1615738530000,42308,94695,137003
1615738830000,42645,95235,137880
1615739130000,42928,95784,138712
1615739430000,43090,95971,139061
1615739730000,43357,96134,139491
1615740030000,42101,96545,138646
1615740329000,42400,96831,139231
1615740630000,42439,97101,139540
1615740930000,42649,97323,139972
1615741230000,42649,97490,140139
1615741530000,43012,96896,139908
1615741830000,43246,97291,140537
1615742129000,43213,97505,140718
1615742430000,43863,97789,141652
1615742730000,43676,97657,141333
1615743030000,44888,97896,142784
1615743330000,45534,98126,143660
1615743630000,45824,98472,144296
1615743930000,45954,98591,144545
1615744230000,46268,98729,144997
1615744530000,46480,98995,145475
1615744829000,46543,99170,145713
1615745130000,46599,99415,146014
1615745430000,47070,99604,146674
1615745730000,47408,100010,147418
1615746030000,47856,100368,148224
1615746330000,48106,100941,149047
1615746630000,48375,101693,150068
1615746930000,48738,102442,151180
1615747229000,48921,102946,151867
1615747530000,49180,102573,151753
1615747830000,49472,103664,153136
1615748129000,49790,104269,154059
1615748430000,50035,103266,153301
1615748730000,50242,103705,153947
1615749030000,50430,104687,155117
1615749329000,50765,105903,156668
1615749630000,51002,106311,157313
1615749930000,51215,105599,156814
1615750230000,51488,106307,157795
1615750530000,51671,107562,159233
1615750830000,51885,108267,160152
1615751129000,49693,108724,158417
1615751430000,49721,109030,158751
1615751730000,49862,109266,159128
1615752029000,49999,108911,158910
1615752330000,50039,109220,159259
1615752630000,50039,109259,159298
1615752930000,50071,109434,159505
1615753229000,50161,109532,159693
1615753530000,50154,109653,159807
1615753830000,50190,109733,159923
1615754130000,50170,109442,159612
1615754430000,49999,109427,159426
1615754730000,50009,109526,159535
1615755030000,49787,109362,159149
1615755329000,49808,108586,158394
1615755630000,49631,108176,157807
1615755930000,49395,107940,157335
1615756229000,49415,107586,157001
1615756530000,49145,106785,155930
1615756830000,49116,107084,156200
1615757130000,48927,106894,155821
1615757430000,48592,106358,154950
1615757729000,48405,106185,154590
1615758030000,48212,106068,154280
1615758330000,47906,105749,153655
1615758629000,47755,105655,153410
1615758930000,47732,105228,152960
1615759229000,47356,104738,152094
1615759530000,47140,104189,151329
1615759830000,46720,103720,150440
1615760130000,46626,102972,149598
1615760430000,46646,102520,149166
1615760730000,46412,102093,148505
1615761030000,46222,101684,147906
1615761329000,45997,101159,147156
1615761630000,45953,100901,146854
1615761930000,45653,100437,146090
1615762229000,45418,99964,145382
1615762529000,45343,99698,145041
1615762829000,45168,99067,144235
1615763130000,45108,98717,143825
1615763430000,44781,98327,143108
1615763730000,44842,98033,142875
1615764030000,44598,97697,142295
1615764330000,44557,97360,141917
1615764630000,44324,96525,140849
1615764929000,44301,96970,141271
1615765230000,44088,96794,140882
1615765529000,43963,96596,140559
1615765829000,43721,96387,140108
1615766130000,43636,96219,139855
1615766429000,43496,96094,139590
1615766729000,43792,95971,139763
1615767030000,43708,95927,139635
1615767330000,43543,95887,139430
1615767630000,43479,95818,139297
1615767930000,43175,95724,138899
1615768230000,42995,95798,138793
1615768529000,42751,95906,138657
1615768830000,42640,95784,138424
1615769129000,42354,95866,138220
1615769430000,42294,95633,137927
1615769730000,42063,95504,137567
1615770029000,41946,95346,137292
1615770329000,41591,95328,136919
1615770630000,41441,95274,136715
1615770930000,41390,95058,136448
1615771230000,41296,95052,136348
1615771530000,41095,94946,136041
1615771829000,40769,94857,135626
1615772130000,40618,94866,135484
1615772430000,40460,94781,135241
1615772730000,40134,94673,134807
1615773029000,39946,94747,134693
1615773330000,39683,94630,134313
1615773630000,39582,94391,133973
1615773930000,39296,93952,133248
1615774230000,39098,93585,132683
1615774530000,38817,92996,131813
1615774830000,38551,92855,131406
1615775130000,38298,92494,130792
1615775430000,38046,92119,130165
1615775730000,37691,91710,129401
1615776030000,37518,91345,128863
1615776330000,37363,90905,128268
1615776630000,37026,89971,126997
1615776930000,36666,89308,125974
1615777230000,36172,88707,124879
1615777530000,36016,87943,123959
1615777829000,35610,87460,123070
1615778130000,35375,87088,122463
1615778430000,34993,85747,120740
1615778730000,34553,85349,119902
1615779030000,34213,85585,119798
1615779329000,33724,84772,118496
1615779630000,33445,84011,117456
1615779929000,32973,83246,116219
1615780230000,32759,82602,115361
1615780530000,32322,81999,114321
1615780830000,32050,80996,113046
1615781130000,31612,79913,111525
1615781430000,31304,79105,110409
1615781730000,30844,78245,109089
1615782029000,30612,77296,107908
1615782330000,30347,76470,106817
1615782630000,30000,75623,105623
1615782930000,29680,74828,104508
1615783230000,29220,74074,103294
1615783530000,29044,73451,102495
1615783830000,28733,72481,101214
1615784130000,28470,71549,100019
1615784430000,28170,70797,98967
1615784730000,27811,70026,97837
1615785030000,27554,69251,96805
1615785330000,27145,68386,95531
1615785630000,26938,67539,94477
1615785930000,26628,66948,93576
1615786229000,26457,66154,92611
1615786530000,26240,65384,91624
1615786829000,25939,64725,90664
1615787129000,25728,64004,89732
1615787429000,25411,63237,88648
1615787730000,25324,62513,87837
1615788030000,24997,61861,86858
1615788330000,24737,61129,85866
1615788630000,24336,60472,84808
1615788930000,24412,59793,84205
1615789230000,24281,59118,83399
1615789530000,24126,58427,82553
1615789830000,23984,57668,81652
1615790129000,23722,57107,80829
1615790429000,23575,56604,80179
1615790730000,23323,56029,79352
1615791030000,23164,55371,78535
1615791329000,23048,54634,77682
1615791630000,22871,54007,76878
1615791930000,22853,53527,76380
1615792230000,22652,54770,77422
1615792530000,22741,54372,77113
1615792829000,22715,53834,76549
1615793130000,22619,54547,77166
1615793430000,22698,54970,77668
1615793730000,21319,54552,75871
1615794030000,21045,54319,75364
1615794330000,20773,54161,74934
1615794630000,20758,54052,74810
1615794930000,20644,53764,74408
1615795230000,20819,53927,74746
1615795530000,20967,53730,74697
1615795829000,20940,53772,74712
1615796130000,20912,53777,74689
1615796431000,20891,53521,74412
1615796730000,20825,53398,74223
1615797030000,20833,53371,74204
1615797329000,20901,53283,74184
1615797629000,21054,53227,74281
1615797930000,21245,53251,74496
1615798230000,21431,53235,74666
1615798530000,21548,53368,74916
1615798829000,21647,53400,75047
1615799129000,21830,53651,75481
1615799430000,22053,53755,75808
1615799729000,22227,53750,75977
1615800030000,22409,53722,76131
1615800329000,22476,53648,76124
1615800629000,22690,53781,76471
1615800929000,22957,53993,76950
1615801230000,23150,54332,77482
1615801530000,23396,54543,77939
1615801830000,23501,54760,78261
1615802129000,22952,54850,77802
1615802430000,23021,54797,77818
1615802730000,23156,54934,78090
1615803030000,23263,55058,78321
1615803330000,23397,55235,78632
1615803629000,23568,55331,78899
1615803930000,23806,55500,79306
1615804230000,24057,55852,79909
1615804530000,24298,56123,80421
1615804829000,24476,56459,80935
1615805130000,24602,56645,81247
1615805430000,24775,56761,81536
1615805730000,24961,56860,81821
1615806029000,25179,56888,82067
1615806330000,25326,57098,82424
1615806630000,25490,57358,82848
1615806930000,25648,57590,83238
1615807230000,25838,58095,83933
1615807530000,25266,58331,83597
1615807830000,25344,58812,84156
1615808130000,25494,59228,84722
1615808429000,25782,59975,85757
1615808730000,25959,60360,86319
1615809029000,26291,60868,87159
1615809330000,26356,61315,87671
1615809630000,26578,61531,88109
1615809930000,26744,61876,88620
1615810230000,26717,62274,88991
1615810530000,26786,62909,89695
1615810830000,27061,63685,90746
1615811129000,27277,63584,90861
1615811430000,27472,64186,91658
1615811730000,27818,64840,92658
1615812030000,28051,65606,93657
1615812329000,28221,66273,94494
1615812630000,28454,66938,95392
1615812930000,28720,67568,96288
1615813230000,28994,68039,97033
1615813530000,29088,68751,97839
1615813830000,29359,69085,98444
1615814130000,29561,69758,99319
1615814430000,29806,70651,100457
1615814730000,30075,71569,101644
1615815030000,30355,72161,102516
1615815330000,30575,72887,103462
1615815629000,30828,73614,104442
1615815929000,31108,74148,105256
1615816229000,31385,75025,106410
1615816531000,31671,75507,107178
1615816830000,31735,76294,108029
1615817130000,32023,76850,108873
1615817430000,32378,78206,110584
1615817730000,32617,79798,112415
1615818030000,32892,80444,113336
1615818330000,33243,80858,114101
1615818629000,33445,81892,115337
1615818930000,33783,82159,115942
1615819230000,34154,82507,116661
1615819530000,34382,83066,117448
1615819830000,34676,84326,119002
1615820130000,34924,84397,119321
1615820430000,35013,85308,120321
1615820730000,35189,85348,120537
1615821030000,35432,85448,120880
1615821330000,35749,86328,122077
1615821630000,35955,86895,122850
1615821930000,36378,87382,123760
1615822230000,36737,87456,124193
1615822530000,37064,87836,124900
1615822830000,37544,89097,126641
1615823130000,37816,89116,126932
1615823430000,38160,89571,127731
1615823729000,38354,90446,128800
1615824030000,38581,89951,128532
1615824330000,38766,90063,128829
1615824630000,39052,90693,129745
1615824929000,39262,91349,130611
1615825229000,38213,91918,130131
1615825530000,38382,91691,130073
1615825829000,38650,91601,130251
1615826130000,39111,91677,130788
1615826430000,39397,92311,131708
1615826730000,39633,92640,132273
1615827030000,39949,92510,132459
1615827330000,40328,92838,133166
1615827630000,40307,92781,133088
1615827930000,40777,92710,133487
1615828230000,40935,92944,133879
1615828529000,41026,93002,134028
1615828829000,41638,93377,135015
1615829130000,42142,93616,135758
1615829430000,42335,93945,136280
1615829730000,43737,94213,137950
1615830030000,43881,95063,138944
1615830330000,44273,95429,139702
1615830630000,44418,95916,140334
1615830930000,44702,96292,140994
1615831230000,45044,96636,141680
1615831530000,45271,96895,142166
1615831830000,45491,97493,142984
1615832130000,45675,98022,143697
1615832430000,43715,98214,141929
1615832730000,43794,98218,142012
1615833030000,44007,99326,143333
1615833330000,44309,99039,143348
1615833630000,44422,99783,144205
1615833930000,44791,100340,145131
1615834230000,44916,100522,145438
1615834530000,44978,100893,145871
1615834830000,45184,99201,144385
1615835130000,45206,99688,144894
1615835430000,45322,100229,145551
1615835730000,45474,101635,147109
1615836030000,45673,102413,148086
1615836330000,45919,103000,148919
1615836630000,45982,103524,149506
1615836930000,46127,103687,149814
1615837230000,46274,104195,150469
1615837530000,46404,104346,150750
1615837830000,46478,104658,151136
1615838129000,46505,104781,151286
1615838430000,46531,104705,151236
1615838730000,46874,104604,151478
1615839030000,46704,104868,151572
1615839330000,47244,105002,152246
1615839630000,47267,105220,152487
1615839930000,47343,105422,152765
1615840229000,47333,105540,152873
1615840530000,47423,105615,153038
1615840830000,47423,105279,152702
1615841130000,47375,105709,153084
1615841430000,47928,105581,153509
1615841729000,47433,105567,153000
1615842029000,47163,105210,152373
1615842329000,46986,104820,151806
1615842630000,46837,104647,151484
1615842930000,46726,103783,150509
1615843230000,46697,103550,150247
1615843530000,46536,103589,150125
1615843830000,46394,103328,149722
1615844130000,46297,103069,149366
1615844430000,46150,102823,148973
1615844730000,45989,102672,148661
1615845030000,45749,102236,147985
1615845329000,45567,101252,146819
1615845630000,45437,100708,146145
1615845930000,45246,100354,145600
1615846230000,45075,100182,145257
1615846530000,45014,99879,144893
1615846830000,44902,99889,144791
1615847130000,44867,99809,144676
1615847429000,44922,99548,144470
1615847730000,44889,99643,144532
1615848030000,44837,99459,144296
1615848330000,44747,99318,144065
1615848630000,44519,98857,143376
1615848930000,44273,98620,142893
1615849229000,44084,97970,142054
1615849530000,44026,97605,141631
1615849830000,43759,97522,141281
1615850130000,43640,97571,141211
1615850429000,43572,97222,140794
1615850730000,43417,97197,140614
1615851030000,43380,96874,140254
1615851330000,43401,96690,140091
1615851630000,43318,96435,139753
1615851930000,43223,96230,139453
1615852230000,43057,96201,139258
1615852530000,42973,96144,139117
1615852829000,42875,96127,139002
1615853130000,43221,96097,139318
1615853430000,43223,95870,139093
1615853730000,43060,96093,139153
1615854029000,43092,95950,139042
1615854330000,42997,96090,139087
1615854629000,42787,95923,138710
1615854929000,42691,95909,138600
1615855230000,42732,95689,138421
1615855530000,42553,95800,138353
1615855830000,42401,95660,138061
1615856130000,42241,95748,137989
1615856430000,42120,95654,137774
1615856730000,41831,95224,137055
1615857030000,41772,95344,137116
1615857330000,41597,95431,137028
1615857630000,41401,95580,136981
1615857930000,41226,95512,136738
1615858230000,41019,95398,136417
1615858530000,40793,94647,135440
1615858830000,40599,95012,135611
1615859129000,40328,95000,135328
1615859430000,40117,94729,134846
1615859730000,39846,94708,134554
1615860030000,39556,94445,134001
1615860330000,39217,94147,133364
1615860630000,38854,93940,132794
1615860930000,38654,93620,132274
1615861230000,38463,93375,131838
1615861529000,38200,92986,131186
1615861830000,37894,92491,130385
1615862130000,37647,91981,129628
1615862430000,37443,91520,128963
1615862730000,37220,91301,128521
1615863030000,36873,90639,127512
1615863329000,36526,90067,126593
1615863630000,36177,89402,125579
1615863930000,35699,88571,124270
1615864230000,35446,87782,123228
1615864530000,35175,87217,122392
1615864830000,34874,86653,121527
1615865130000,34597,85950,120547
1615865430000,34287,85365,119652
1615865729000,33936,84491,118427
1615866030000,33687,83621,117308
1615866330000,33407,82836,116243
1615866630000,32945,81985,114930
1615866929000,32678,81022,113700
1615867229000,32263,80084,112347
1615867530000,31837,79351,111188
1615867830000,31403,78565,109968
1615868130000,31023,77622,108645
1615868429000,30711,76727,107438
1615868730000,30485,75949,106434
1615869030000,30182,75002,105184
1615869330000,29846,74090,103936
1615869629000,29601,73543,103144
1615869930000,29087,72684,101771
1615870229000,28738,71879,100617
1615870530000,28227,71066,99293
1615870830000,27950,70020,97970
1615871130000,27762,69353,97115
1615871430000,27563,68568,96131
1615871730000,27556,67737,95293
1615872030000,27242,67121,94363
1615872330000,26919,66444,93363
1615872630000,26769,65891,92660
1615872930000,26576,65273,91849
1615873230000,26327,64543,90870
1615873530000,25992,63632,89624
1615873830000,25775,62582,88357
1615874130000,25517,61966,87483
1615874429000,25295,61335,86630
1615874730000,25030,60407,85437
1615875030000,24835,59735,84570
1615875330000,24760,58754,83514
1615875629000,24485,58338,82823
1615875930000,24367,57770,82137
1615876230000,24178,57201,81379
1615876530000,24036,56503,80539
1615876830000,24011,56031,80042
1615877130000,23856,55313,79169
1615877430000,23750,54780,78530
1615877730000,23612,54372,77984
1615878029000,23554,53743,77297
1615878330000,23500,54196,77696
1615878629000,23459,54349,77808
1615878929000,23166,53621,76787
1615879230000,22777,53222,75999
1615879530000,22624,53964,76588
1615879830000,22559,54672,77231
1615880130000,21407,54300,75707
1615880430000,21041,54193,75234
1615880729000,21044,53888,74932
1615881030000,20985,53808,74793
1615881330000,20898,53633,74531
1615881629000,20786,53268,74054
1615881930000,20771,53183,73954
1615882230000,20707,53134,73841
1615882530000,20718,53055,73773
1615882829000,20771,52867,73638
1615883130000,20715,52546,73261
1615883430000,20771,52504,73275
1615883730000,20988,52580,73568
1615884030000,21075,52543,73618
1615884330000,21254,52685,73939
1615884630000,21466,52878,74344
1615884930000,21467,52743,74210
1615885230000,21638,53016,74654
1615885530000,21679,53153,74832
1615885830000,21861,53461,75322
1615886130000,21953,53661,75614
1615886430000,22246,53876,76122
1615886730000,22433,53984,76417
1615887030000,22587,54190,76777
1615887330000,22945,54164,77109
1615887630000,23176,54514,77690
1615887930000,23340,54523,77863
1615888229000,23498,54882,78380
1615888530000,23710,55130,78840
1615888830000,23800,54184,77984
1615889129000,23831,54332,78163
1615889430000,24023,54533,78556
1615889730000,24116,54697,78813
1615890030000,24297,54840,79137
1615890330000,24383,55065,79448
1615890630000,24415,55396,79811
1615890930000,24611,55626,80237
1615891230000,24810,56870,81680
1615891530000,24957,57006,81963
1615891830000,25098,57286,82384
1615892130000,25238,57293,82531
1615892430000,25342,57478,82820
1615892730000,25537,57809,83346
1615893030000,25777,57984,83761
1615893330000,25979,58425,84404
1615893630000,26239,58618,84857
1615893929000,26436,58776,85212
1615894230000,26498,59059,85557
1615894530000,26678,59515,86193
1615894829000,26890,59961,86851
1615895130000,27203,60469,87672
1615895429000,27452,60749,88201
1615895730000,27726,61066,88792
1615896030000,27750,61652,89402
1615896330000,28100,62153,90253
1615896630000,28326,62563,90889
1615896930000,28614,63289,91903
1615897230000,28926,63976,92902
1615897529000,29217,64390,93607
1615897829000,29496,65219,94715
1615898130000,29856,66049,95905
1615898430000,30252,66659,96911
1615898730000,30544,67243,97787
1615899030000,30874,67825,98699
1615899330000,31202,68466,99668
1615899630000,31546,68967,100513
1615899930000,31810,69749,101559
1615900230000,32066,70548,102614
1615900530000,32318,71018,103336
1615900830000,32567,71741,104308
1615901130000,32852,72536,105388
1615901429000,33137,73173,106310
1615901730000,33561,73753,107314
1615902029000,33825,74536,108361
1615902329000,34128,75112,109240
1615902630000,34338,75901,110239
1615902930000,34539,76491,111030
1615903230000,34778,76772,111550
1615903530000,34896,77197,112093
1615903830000,35126,77872,112998
1615904130000,35281,78415,113696
1615904430000,35542,79076,114618
1615904730000,35754,80058,115812
1615905030000,36036,80738,116774
1615905330000,36273,81454,117727
1615905630000,36494,82215,118709
1615905930000,36810,82686,119496
1615906230000,34652,83357,118009
1615906530000,34859,83850,118709
1615906830000,35026,84260,119286
1615907130000,35320,84615,119935
1615907430000,35731,85248,120979
1615907730000,35968,86000,121968
1615908030000,36299,86753,123052
1615908330000,36578,87270,123848
1615908630000,36921,87156,124077
1615908930000,37241,87551,124792
1615909230000,37628,88168,125796
1615909530000,37836,88432,126268
1615909830000,38098,88861,126959
1615910130000,38310,89277,127587
1615910430000,38523,89319,127842
1615910730000,38828,89530,128358
1615911030000,38994,89843,128837
1615911330000,39342,90105,129447
1615911629000,39606,90248,129854
1615911929000,39862,90538,130400
1615912230000,40072,90606,130678
1615912530000,40277,90894,131171
1615912830000,40482,90931,131413
1615913130000,40747,91311,132058
1615913430000,40974,90981,131955
1615913729000,41599,90842,132441
1615914030000,42922,90749,133671
1615914330000,41344,90975,132319
1615914630000,41651,91260,132911
1615914930000,41915,91570,133485
1615915230000,42111,91985,134096
1615915530000,43129,92016,135145
1615915830000,43258,91985,135243
1615916130000,43401,92753,136154
1615916430000,44786,93115,137901
1615916730000,45028,93397,138425
1615917030000,45257,93838,139095
1615917330000,45422,94044,139466
1615917630000,45674,94133,139807
1615917930000,45979,94443,140422
1615918230000,46145,94868,141013
1615918530000,46453,95478,141931
1615918830000,46705,96179,142884
1615919130000,46896,96186,143082
1615919430000,47111,96898,144009
1615919730000,47240,97262,144502
1615920030000,47417,97757,145174
1615920330000,47768,98103,145871
1615920630000,47927,98819,146746
1615920930000,48195,99335,147530
1615921230000,48390,97710,146100
1615921530000,48607,98022,146629
1615921830000,48652,98985,147637
1615922130000,48808,100793,149601
1615922429000,48916,101481,150397
1615922730000,49122,101709,150831
1615923029000,49151,101998,151149
1615923330000,49316,102129,151445
1615923630000,49577,102583,152160
1615923930000,46335,103057,149392
1615924230000,46485,103305,149790
1615924530000,46526,103234,149760
1615924830000,46607,103260,149867
1615925130000,46624,103402,150026
1615925430000,46567,103024,149591
1615925730000,46736,104004,150740
1615926030000,46723,104158,150881
1615926330000,46700,104305,151005
1615926630000,46644,104279,150923
1615926930000,46558,104359,150917
1615927230000,46551,104231,150782
1615927530000,46578,104178,150756
1615927834000,46455,104289,150744
1615928130000,46522,104394,150916
1615928437000,46431,104082,150513
1615928493000,46365,103991,150356
1615928730000,46185,103733,149918
1615929032000,46035,103227,149262
1615929329000,45923,103050,148973
1615929630000,45806,102717,148523
1615929930000,45800,102481,148281
1615930230000,45710,102003,147713
1615930530000,45615,102467,148082
1615930830000,45531,102400,147931
1615931131000,45472,102030,147502
1615931430000,45382,101742,147124
1615931730000,45205,101139,146344
1615932029000,45126,100558,145684
1615932330000,44876,100187,145063
1615932630000,44684,100231,144915
1615932930000,44579,99903,144482
1615933230000,44429,99699,144128
1615933530000,44302,99722,144024
1615933830000,44161,99425,143586
1615934130000,43995,99190,143185
1615934430000,43843,98962,142805
1615934730000,43633,98451,142084
1615935030000,43420,98474,141894
1615935330000,43239,97729,140968
1615935630000,43088,97361,140449
1615935930000,42829,96887,139716
1615936230000,42676,96419,139095
1615936530000,42700,96265,138965
1615936830000,42678,95918,138596
1615937129000,42624,95526,138150
1615937430000,42592,95279,137871
1615937730000,42355,94895,137250
1615938030000,42298,94998,137296
1615938330000,42434,94762,137196
1615938632000,42459,94656,137115
1615938930000,42359,94447,136806
1615939230000,42355,94245,136600
1615939530000,42841,94120,136961
1615939830000,42861,93998,136859
1615940130000,42831,94179,137010
1615940430000,42762,94191,136953
1615940730000,42612,94271,136883
1615941030000,42371,94001,136372
1615941330000,42344,94103,136447
1615941630000,42145,93996,136141
1615941930000,41984,93965,135949
1615942230000,41858,94036,135894
1615942530000,41747,94196,135943
1615942830000,41544,94252,135796
1615943130000,41229,94233,135462
1615943430000,40974,93972,134946
1615943730000,40811,94244,135055
1615944029000,40610,94452,135062
1615944329000,40429,94276,134705
1615944630000,40308,94184,134492
1615944930000,40133,93890,134023
1615945230000,39891,93704,133595
1615945530000,39703,93671,133374
1615945829000,39620,93507,133127
1615946130000,39345,93295,132640
1615946430000,39133,93080,132213
1615946730000,38929,92744,131673
1615947030000,38674,92481,131155
1615947329000,38473,92063,130536
1615947630000,38271,91706,129977
1615947930000,38079,91452,129531
1615948231000,37616,91028,128644
1615948530000,37338,90545,127883
1615948830000,36941,90409,127350
1615949130000,36778,89897,126675
1615949430000,36458,89445,125903
1615949730000,36247,88920,125167
1615950029000,35874,88067,123941
1615950330000,35643,87259,122902
1615950629000,35251,86393,121644
1615950930000,34884,85658,120542
1615951230000,34579,85319,119898
1615951530000,34219,84694,118913
1615951829000,33850,83954,117804
1615952130000,33491,83130,116621
1615952430000,33209,82188,115397
1615952730000,32753,81332,114085
1615953030000,32543,80786,113329
1615953330000,32120,80134,112254
1615953630000,31845,79145,110990
1615953930000,31346,77884,109230
1615954230000,31001,76834,107835
1615954530000,30677,75985,106662
1615954829000,30326,75356,105682
1615955130000,30006,74516,104522
1615955429000,29526,73721,103247
1615955730000,29188,72681,101869
1615956030000,28920,71971,100891
1615956330000,28599,71118,99717
1615956629000,28385,70062,98447
1615956930000,28055,69181,97236
1615957230000,27710,68399,96109
1615957530000,27399,67506,94905
1615957829000,27186,66628,93814
1615958130000,26864,65832,92696
1615958430000,26585,65242,91827
1615958730000,26363,64354,90717
1615959030000,26143,63630,89773
1615959329000,25970,62867,88837
1615959629000,25662,62134,87796
1615959930000,25409,61495,86904
1615960230000,25173,60831,86004
1615960529000,24953,60120,85073
1615960830000,24735,59479,84214
1615961130000,24464,58699,83163
1615961430000,24306,58167,82473
1615961729000,24184,57274,81458
1615962030000,24055,56786,80841
1615962330000,23885,55690,79575
1615962630000,23573,55095,78668
1615962930000,23452,54295,77747
1615963230000,23394,53828,77222
1615963530000,23246,53217,76463
1615963830000,23206,52580,75786
1615964130000,23025,52089,75114
1615964430000,22937,51398,74335
1615964730000,22793,50788,73581
1615965030000,22593,52042,74635
1615965330000,22307,51422,73729
1615965630000,22045,51088,73133
1615965930000,22090,51795,73885
1615966229000,22048,52516,74564
1615966529000,20531,51893,72424
1615966829000,20410,51886,72296
1615967129000,20374,51809,72183
1615967430000,20444,51692,72136
1615967730000,20345,51422,71767
1615968030000,20445,51167,71612
1615968330000,20500,50973,71473
1615968630000,20532,50974,71506
1615968929000,20683,51007,71690
1615969229000,20861,51013,71874
1615969529000,20920,50866,71786
1615969829000,21016,50753,71769
1615970130000,21125,50829,71954
1615970430000,21136,50825,71961
1615970730000,21184,50785,71969
1615971030000,21272,51099,72371
1615971330000,21351,51058,72409
1615971630000,21485,51081,72566
1615971929000,21557,51339,72896
1615972229000,21676,51519,73195
1615972530000,21764,51682,73446
1615972830000,21773,51878,73651
1615973130000,21988,52121,74109
1615973430000,22117,52286,74403
1615973730000,22218,52496,74714
1615974029000,22381,52737,75118
1615974330000,22525,52684,75209
1615974630000,22663,52695,75358
1615974930000,22740,52913,75653
1615975230000,22825,52894,75719
1615975530000,22998,53050,76048
1615975829000,23139,53478,76617
1615976130000,23208,53548,76756
1615976430000,23401,53730,77131
1615976730000,23516,53828,77344
1615977030000,23431,54167,77598
1615977330000,23554,54517,78071
1615977630000,23613,54925,78538
1615977930000,23758,55110,78868
1615978230000,23996,55292,79288
1615978530000,24144,55501,79645
1615978830000,24254,55506,79760
1615979130000,24480,54467,78947
1615979430000,24676,54025,78701
1615979730000,24893,53489,78382
1615980030000,25129,52323,77452
1615980330000,25411,49992,75403
1615980630000,25003,24481,49484
1615980930000,25857,20841,46698
1615981230000,26006,29562,55568
1615981530000,26260,34946,61206
1615981830000,26502,39552,66054
1615982129000,26735,43643,70378
1615982429000,26903,46195,73098
1615982730000,27120,48694,75814
1615983030000,27366,50481,77847
1615983330000,27637,52077,79714
1615983630000,27931,53637,81568
1615983929000,28234,54891,83125
1615984230000,27307,56047,83354
1615984530000,27695,57324,85019
1615984830000,28151,58566,86717
1615985130000,28542,59639,88181
1615985430000,28807,60618,89425
1615985730000,29167,61503,90670
1615986030000,29421,62740,92161
1615986330000,29730,63820,93550
1615986629000,30163,64718,94881
1615986930000,30473,65844,96317
1615987230000,30905,67016,97921
1615987530000,31263,67904,99167
1615987830000,31522,68645,100167
1615988130000,31524,69580,101104
1615988430000,31656,70351,102007
1615988729000,31962,71069,103031
1615989030000,32248,71882,104130
1615989329000,32532,72539,105071
1615989630000,32806,73104,105910
1615989929000,33092,73753,106845
1615990230000,33365,74606,107971
1615990530000,32212,75296,107508
1615990830000,32483,75927,108410
1615991130000,32774,76657,109431
1615991430000,32947,77459,110406
1615991730000,33237,78353,111590
1615992030000,33586,79127,112713
1615992330000,33910,79664,113574
1615992630000,34048,80264,114312
1615992930000,34325,80731,115056
1615993230000,34586,80815,115401
1615993530000,34885,81365,116250
1615993830000,35173,81935,117108
1615994130000,35464,82564,118028
1615994430000,35929,83388,119317
1615994730000,36301,84192,120493
1615995029000,36629,84446,121075
1615995330000,36879,85307,122186
1615995630000,37205,85769,122974
1615995930000,37503,86016,123519
1615996230000,37814,86426,124240
1615996530000,38016,86424,124440
1615996830000,38183,86323,124506
1615997130000,38327,86218,124545
1615997430000,38660,86416,125076
1615997730000,38891,86505,125396
1615998029000,39048,86704,125752
1615998330000,39202,86931,126133
1615998630000,39418,87459,126877
1615998930000,39471,87441,126912
1615999230000,39674,88018,127692
1615999530000,40174,88138,128312
1615999830000,40166,88492,128658
1616000130000,40483,88314,128797
1616000430000,40900,88328,129228
1616000730000,40791,88492,129283
1616001030000,41843,88790,130633
1616001330000,41991,88902,130893
1616001630000,43147,89058,132205
1616001930000,43430,89276,132706
1616002229000,43507,89942,133449
1616002529000,43774,90286,134060
1616002830000,43968,90839,134807
1616003130000,44230,91146,135376
1616003430000,44334,91388,135722
1616003730000,44576,91618,136194
1616004030000,44775,91700,136475
1616004330000,45002,93138,138140
1616004630000,45132,93348,138480
1616004930000,45363,93571,138934
1616005231000,45653,94057,139710
1616005530000,45846,94447,140293
1616005830000,45903,95023,140926
1616006130000,46160,95041,141201
1616006430000,46332,95749,142081
1616006730000,46448,96036,142484
1616007030000,46663,96813,143476
1616007330000,46768,97165,143933
1616007630000,46870,95556,142426
1616007930000,46901,95838,142739
1616008230000,47119,96139,143258
1616008530000,44038,98557,142595
1616008830000,44090,99044,143134
1616009130000,44332,99492,143824
1616009430000,44508,99444,143952
1616009730000,44608,99672,144280
1616010029000,44779,100141,144920
1616010330000,44831,100673,145504
1616010630000,44854,100561,145415
1616010930000,44901,101380,146281
1616011230000,44918,101331,146249
1616011530000,44973,101445,146418
1616011830000,45133,101132,146265
1616012130000,45166,101352,146518
1616012430000,45349,101482,146831
1616012730000,45315,101288,146603
1616013030000,45213,101012,146225
1616013329000,45179,101131,146310
1616013630000,45227,101317,146544
1616013930000,45143,101545,146688
1616014230000,45120,100890,146010
1616014530000,45006,101091,146097
1616014830000,44914,101051,145965
1616015130000,44838,100679,145517
1616015430000,44644,100320,144964
1616015730000,44450,99994,144444
1616016030000,44403,99642,144045
1616016330000,44413,99409,143822
1616016630000,44348,98968,143316
1616016930000,44116,98526,142642
1616017230000,44042,98290,142332
1616017530000,43892,97329,141221
1616017829000,43800,97389,141189
1616018129000,43630,97330,140960
1616018430000,43534,97075,140609
1616018730000,43240,96593,139833
1616019030000,43262,96342,139604
1616019330000,42981,95872,138853
1616019630000,42862,95858,138720
1616019929000,42789,95544,138333
1616020230000,42526,94958,137484
1616020530000,42525,94724,137249
1616020830000,42381,94755,137136
1616021130000,42316,94214,136530
1616021430000,42218,94008,136226
1616021730000,42070,93431,135501
1616022030000,41792,93474,135266
1616022330000,41609,92868,134477
1616022629000,41231,92381,133612
1616022930000,41192,92056,133248
1616023229000,41161,91745,132906
1616023530000,41041,91587,132628
1616023830000,40869,91384,132253
1616024130000,40803,91181,131984
1616024430000,40722,91084,131806
1616024730000,40699,91203,131902
1616025030000,40638,91053,131691
1616025330000,40677,90854,131531
1616025630000,40696,90869,131565
1616025930000,40939,90828,131767
1616026230000,40905,90903,131808
1616026530000,40843,90902,131745
1616026830000,40753,91190,131943
1616027130000,40634,91179,131813
1616027429000,40430,91238,131668
1616027729000,40374,91081,131455
1616028030000,40258,91092,131350
1616028330000,40131,90975,131106
1616028630000,39990,90952,130942
1616028930000,39857,90805,130662
1616029230000,39684,90713,130397
1616029529000,39419,90471,129890
1616029830000,39203,90439,129642
1616030130000,39090,90410,129500
1616030430000,38972,90719,129691
1616030730000,38792,90797,129589
1616031030000,38640,90592,129232
1616031330000,38502,90756,129258
1616031630000,38306,90674,128980
1616031930000,38150,90675,128825
1616032230000,37921,90501,128422
1616032530000,37706,90321,128027
1616032830000,37517,90067,127584
1616033130000,37321,89573,126894
1616033430000,37088,89543,126631
1616033730000,36784,89367,126151
1616034029000,36531,89129,125660
1616034329000,36277,88703,124980
1616034630000,36059,88338,124397
1616034930000,35844,87673,123517
1616035230000,35699,87714,123413
1616035530000,35327,87005,122332
1616035829000,34929,86356,121285
1616036130000,34638,85853,120491
1616036429000,34325,85287,119612
1616036729000,34033,84557,118590
1616037029000,33775,84111,117886
1616037329000,33473,83452,116925
1616037630000,33129,82666,115795
1616037930000,32982,81804,114786
1616038230000,32651,81256,113907
1616038530000,32294,80403,112697
1616038830000,32007,79713,111720
1616039129000,31602,78935,110537
1616039430000,31289,78390,109679
1616039730000,31026,77326,108352
1616040030000,30680,76578,107258
1616040330000,30299,75717,106016
1616040630000,29858,74855,104713
1616040930000,29572,74112,103684
1616041230000,29230,73275,102505
1616041530000,28837,72823,101660
1616041830000,28579,71707,100286
1616042130000,28328,70545,98873
1616042430000,28028,69632,97660
1616042729000,27723,68901,96624
1616043030000,27484,67963,95447
1616043329000,27148,67204,94352
1616043630000,26791,66458,93249
1616043930000,26448,65736,92184
1616044230000,26097,64926,91023
1616044529000,25741,64057,89798
1616044830000,25438,63574,89012
1616045130000,25253,62926,88179
1616045430000,24984,62404,87388
1616045730000,24733,61629,86362
1616046030000,24477,60944,85421
1616046330000,24338,60054,84392
1616046630000,24179,59416,83595
1616046930000,23931,58910,82841
1616047229000,23754,58040,81794
1616047530000,23453,57207,80660
1616047829000,23456,56834,80290
1616048129000,23340,56032,79372
1616048429000,23236,55526,78762
1616048730000,23129,54854,77983
1616049029000,22959,54315,77274
1616049329000,22852,53600,76452
1616049629000,22769,52880,75649
1616049930000,22761,52119,74880
1616050229000,22610,51384,73994
1616050529000,22083,51014,73097
1616050830000,21917,50380,72297
1616051130000,21811,51238,73049
1616051429000,21707,51129,72836
1616051730000,21694,50623,72317
1616052030000,21685,50547,72232
1616052330000,21650,51364,73014
1616052630000,21616,51992,73608
1616052930000,20386,51613,71999
1616053231000,20121,51515,71636
1616053530000,20000,51488,71488
1616053830000,20017,51247,71264
1616054130000,19949,51210,71159
1616054430000,19909,51185,71094
1616054730000,19974,51109,71083
1616055030000,20219,51374,71593
1616055329000,20071,51138,71209
1616055630000,20006,50797,70803
1616055930000,20154,50823,70977
1616056230000,20260,50935,71195
1616056530000,20312,50902,71214
1616056830000,20397,51003,71400
1616057130000,20366,51177,71543
1616057430000,20539,51251,71790
1616057730000,20488,51486,71974
1616058030000,20558,51456,72014
1616058332000,20768,51594,72362
1616058630000,20860,51830,72690
1616058930000,20992,52040,73032
1616059230000,21100,52348,73448
1616059529000,20989,52413,73402
1616059829000,21020,52751,73771
1616060130000,21088,52969,74057
1616060430000,21161,53243,74404
1616060730000,21274,53448,74722
1616061030000,21576,53518,75094
1616061330000,21821,53712,75533
1616061630000,21922,53009,74931
1616061930000,22071,53870,75941
1616062230000,22289,54150,76439
1616062530000,22454,54167,76621
1616062830000,22694,54370,77064
1616063130000,22939,54742,77681
1616063431000,23151,54952,78103
1616063730000,23420,55396,78816
1616064030000,23696,55743,79439
1616064330000,24031,56131,80162
1616064630000,23375,56364,79739
1616064930000,23556,56684,80240
1616065230000,23710,56911,80621
1616065529000,23888,57020,80908
1616065830000,24106,57468,81574
1616066130000,24431,57648,82079
1616066430000,24697,57998,82695
1616066730000,24911,58531,83442
1616067030000,25141,58596,83737
1616067330000,25421,59095,84516
1616067630000,25656,59478,85134
1616067930000,25954,59816,85770
1616068230000,26281,60115,86396
1616068530000,26460,60594,87054
1616068830000,26675,60770,87445
1616069130000,27031,61430,88461
1616069430000,27337,62191,89528
1616069798000,27659,63032,90691
1616070030000,27849,63456,91305
1616070330000,28058,63993,92051
1616070630000,28369,64684,93053
1616070930000,28771,65479,94250
1616071230000,29123,66391,95514
1616071530000,29455,67011,96466
1616071830000,29742,67718,97460
1616072130000,30043,68420,98463
1616072430000,30267,69012,99279
1616072730000,30579,69595,100174
1616073030000,30896,70271,101167
1616073330000,31165,70447,101612
1616073629000,31489,71330,102819
1616073930000,31794,72026,103820
1616074229000,32050,72605,104655
1616074530000,30756,73483,104239
1616074830000,31090,74439,105529
1616075130000,31353,75182,106535
1616075430000,31528,75640,107168
1616075730000,31789,76141,107930
1616076030000,32000,76581,108581
1616076330000,32288,77447,109735
1616076629000,32384,77911,110295
1616076930000,32557,78517,111074
1616077230000,32782,79402,112184
1616077530000,33066,80038,113104
1616077830000,33233,80864,114097
1616078130000,33517,81142,114659
1616078430000,33665,81735,115400
1616078730000,33841,82614,116455
1616079030000,34027,83117,117144
1616079330000,34151,83604,117755
1616079630000,34385,84377,118762
1616079930000,34569,84788,119357
1616080230000,34827,85209,120036
1616080530000,34883,85600,120483
1616080830000,35141,86024,121165
1616081130000,35325,86379,121704
1616081430000,35459,86748,122207
1616081730000,35666,86996,122662
1616082030000,35894,87551,123445
1616082330000,36081,87756,123837
1616082630000,36273,88132,124405
1616082930000,36590,88257,124847
1616083230000,36898,88321,125219
1616083530000,37148,88521,125669
1616083830000,37430,89058,126488
1616084130000,37714,89603,127317
1616084430000,37980,89866,127846
1616084730000,38195,90087,128282
1616085030000,38433,90756,129189
1616085331000,38683,91060,129743
1616085630000,38883,91156,130039
1616085930000,39202,91797,130999
1616086230000,39455,91917,131372
1616086530000,38315,91881,130196
1616086831000,38421,91830,130251
1616087130000,38244,92297,130541
1616087430000,38353,92762,131115
1616087730000,38454,93145,131599
1616088030000,38846,93518,132364
1616088330000,39053,93697,132750
1616088630000,38974,93947,132921
1616088930000,39810,94323,134133
1616089230000,40429,94756,135185
1616089529000,40607,95111,135718
1616089830000,40838,95372,136210
1616090130000,40973,95713,136686
1616090429000,41042,95764,136806
1616090795000,41370,96008,137378
1616091030000,41551,96285,137836
1616091329000,41692,96508,138200
1616091630000,41664,96943,138607
1616091930000,41789,97310,139099
1616092229000,41913,97742,139655
1616092530000,42059,97087,139146
1616092830000,42216,98116,140332
1616093130000,42305,98660,140965
1616093430000,42426,97726,140152
1616093729000,42544,99706,142250
1616094029000,42602,96639,139241
1616094330000,42833,97329,140162
1616094630000,42951,99469,142420
1616094930000,43160,101060,144220
1616095230000,43364,102191,145555
1616095530000,43615,102570,146185
1616095830000,43768,102925,146693
1616096129000,44136,103231,147367
1616096430000,44470,102136,146606
1616096730000,44673,103168,147841
1616097030000,44938,103024,147962
1616097329000,45104,102905,148009
1616097629000,45230,103424,148654
1616097930000,45341,103383,148724
1616098229000,45344,103341,148685
1616098530000,45457,103497,148954
1616098829000,45701,103968,149669
1616099129000,45772,104136,149908
1616099430000,45849,104092,149941
1616099730000,45881,104056,149937
1616100030000,46078,104257,150335
1616100330000,46114,104396,150510
1616100630000,46205,104460,150665
1616100929000,46219,104382,150601
1616101230000,46285,104083,150368
1616101530000,46236,103906,150142
1616101830000,44340,103844,148184
1616102130000,44152,103900,148052
1616102430000,44113,103669,147782
1616102730000,43971,103826,147797
1616103031000,44055,103585,147640
1616103330000,43782,103350,147132
1616103630000,43585,102411,145996
1616103929000,43508,101895,145403
1616104230000,43406,101696,145102
1616104529000,43221,101316,144537
1616104829000,43207,100601,143808
1616105130000,43024,99900,142924
1616105430000,42942,99534,142476
1616105729000,42733,99015,141748
1616106030000,42754,99415,142169
1616106329000,42696,98125,140821
1616106629000,42503,97833,140336
1616106930000,42316,97517,139833
1616107230000,42232,97263,139495
1616107530000,42106,97182,139288
1616107830000,41958,97008,138966
1616108130000,41848,96614,138462
1616108430000,41683,96133,137816
1616108729000,41435,97172,138607
1616109030000,41279,96927,138206
1616109329000,41049,96639,137688
1616109629000,40995,96069,137064
1616109929000,40842,96060,136902
1616110230000,40815,95779,136594
1616110530000,40911,95757,136668
1616110830000,40870,95483,136353
1616111129000,40851,95422,136273
1616111430000,40996,95284,136280
1616111730000,41023,95045,136068
1616112030000,40988,94885,135873
1616112330000,41588,94486,136074
1616112630000,41664,94417,136081
1616112930000,41702,93782,135484
1616113230000,41743,92568,134311
1616113529000,40197,92513,132710
1616113830000,40077,92619,132696
1616114130000,39999,92398,132397
1616114430000,39787,92488,132275
1616114730000,39682,92596,132278
1616115030000,39570,92656,132226
1616115330000,39379,92855,132234
1616115630000,39198,92725,131923
1616115930000,39139,92540,131679
1616116229000,38942,92696,131638
1616116530000,38885,92945,131830
1616116830000,38631,92893,131524
1616117129000,38465,92886,131351
1616117430000,38320,93794,132114
1616117730000,38140,93625,131765
1616118030000,37911,93551,131462
1616118330000,37609,93624,131233
1616118630000,37396,93594,130990
1616118930000,37147,93426,130573
1616119230000,36918,93257,130175
1616119530000,36599,93002,129601
1616119830000,36251,92344,128595
1616120130000,36022,92106,128128
1616120429000,35829,91780,127609
1616120730000,35588,91352,126940
1616121030000,35377,90929,126306
1616121330000,34888,90341,125229
1616121630000,34672,90091,124763
1616121930000,34372,89734,124106
1616122230000,34118,89186,123304
1616122530000,33831,88922,122753
1616122830000,33500,88257,121757
1616123130000,33188,87622,120810
1616123430000,32899,87015,119914
1616123730000,32591,86125,118716
1616124030000,32306,85669,117975
1616124330000,32083,84980,117063
1616124630000,31803,84354,116157
1616124930000,31569,82898,114467
1616125229000,31179,83276,114455
1616125530000,30969,82593,113562
1616125829000,30622,81695,112317
1616126129000,30249,80923,111172
1616126430000,29983,79860,109843
1616126730000,29658,79145,108803
1616127029000,29294,78558,107852
1616127330000,28880,77506,106386
1616127630000,28689,76535,105224
1616127930000,28436,75850,104286
1616128229000,28051,75107,103158
1616128530000,27694,74275,101969
1616128829000,27382,73257,100639
1616129130000,27086,72545,99631
1616129430000,26808,71648,98456
1616129729000,26461,70891,97352
1616130030000,26139,70011,96150
1616130329000,25835,69172,95007
1616130630000,25496,68449,93945
1616130929000,25246,67718,92964
1616131230000,24911,67035,91946
1616131530000,24711,66278,90989
1616131830000,24330,65644,89974
1616132130000,24100,64911,89011
1616132430000,23909,64323,88232
1616132730000,23692,63594,87286
1616133030000,23476,62775,86251
1616133330000,23165,62359,85524
1616133630000,23067,61847,84914
1616133930000,22827,60995,83822
1616134230000,22634,60493,83127
1616134530000,22474,59580,82054
1616134830000,22354,58993,81347
1616135130000,22316,58177,80493
1616135430000,22013,57521,79534
1616135730000,21915,58383,80298
1616136030000,21865,57694,79559
1616136330000,21888,57273,79161
1616136630000,21836,56576,78412
1616136930000,21760,56097,77857
1616137229000,21643,55487,77130
1616137530000,21599,54917,76516
1616137830000,21543,54853,76396
1616138130000,21499,54265,75764
1616138430000,21409,54005,75414
1616138730000,21378,54622,76000
1616139030000,21420,55193,76613
1616140151000,20117,54260,74377
1616140254000,19881,54224,74105
1616140530000,19764,54059,73823
1616140830000,19590,53835,73425
1616141129000,19561,53777,73338
1616141430000,19455,52719,72174
1616141729000,19392,53085,72477
1616142030000,19490,53065,72555
1616142330000,19719,52881,72600
1616142630000,19773,52974,72747
1616142930000,19868,52756,72624
1616143230000,20158,52994,73152
1616143530000,20314,52896,73210
1616143830000,20445,53048,73493
1616144130000,20538,52922,73460
1616144430000,20651,51628,72279
1616144730000,20845,51769,72614
1616145029000,20999,52099,73098
1616145329000,21160,52177,73337
1616145630000,21427,52576,74003
1616145930000,21568,52643,74211
1616146229000,21719,52845,74564
1616146529000,21908,53106,75014
1616146830000,22070,53557,75627
1616147130000,22196,53872,76068
1616147430000,22299,53566,75865
1616147732000,22455,54076,76531
1616148030000,22587,54078,76665
1616148330000,22719,54226,76945
1616148630000,22861,54333,77194
1616148930000,23001,54609,77610
1616149230000,23183,54923,78106
1616149530000,23256,55189,78445
1616149830000,23333,55472,78805
1616150130000,23455,55446,78901
1616150430000,23587,55801,79388
1616150730000,23762,56115,79877
1616151030000,23833,56296,80129
1616151329000,24051,56610,80661
1616151630000,24258,56890,81148
1616151930000,24437,57078,81515
1616152230000,24623,57509,82132
1616152530000,24786,57895,82681
1616152830000,23644,58249,81893
1616153130000,23840,58915,82755
1616153430000,23914,59165,83079
1616153730000,24329,59700,84029
1616154030000,24768,60398,85166
1616154330000,25155,60632,85787
1616154630000,25421,61128,86549
1616154930000,25632,61548,87180
1616155230000,25787,61692,87479
1616155530000,26074,62159,88233
1616155830000,26442,62980,89422
1616156130000,26763,63514,90277
1616156430000,27124,64242,91366
1616156730000,27383,65176,92559
1616157030000,27842,65922,93764
1616157330000,28276,66574,94850
1616157630000,28568,67208,95776
1616157930000,28741,67757,96498
1616158230000,29063,68465,97528
1616158530000,29419,68937,98356
1616158830000,29758,69542,99300
1616159130000,29992,70296,100288
1616159430000,30337,70908,101245
1616159730000,30835,71328,102163
1616160030000,31019,72206,103225
1616160330000,31291,72982,104273
1616160630000,30506,73276,103782
1616160930000,30778,74023,104801
1616161230000,31054,74965,106019
1616161530000,31185,76534,107719
1616161830000,31488,77431,108919
1616162130000,31717,76778,108495
1616162430000,31912,77475,109387
1616162730000,32230,77988,110218
1616163030000,32394,78571,110965
1616163330000,32316,79100,111416
1616163630000,32680,79762,112442
1616163930000,33114,80604,113718
1616164230000,33490,81090,114580
1616164529000,33734,81597,115331
1616164830000,34242,82380,116622
1616165130000,34349,82965,117314
1616165430000,34588,83473,118061
1616165730000,34824,83988,118812
1616166030000,34996,84047,119043
1616166330000,35203,84156,119359
1616166630000,35501,84687,120188
1616166930000,35775,85107,120882
1616167230000,36253,85570,121823
1616167530000,36286,86023,122309
1616167829000,36580,86427,123007
1616168130000,36836,86599,123435
1616168430000,37109,86911,124020
1616168730000,37433,87212,124645
1616169030000,37599,87475,125074
1616169330000,37729,87548,125277
1616169630000,38056,87634,125690
1616169930000,38174,87575,125749
1616170230000,38406,87921,126327
1616170530000,38576,88271,126847
1616170830000,38830,88854,127684
1616171130000,39035,88912,127947
1616171430000,39210,88865,128075
1616171730000,39412,88957,128369
1616172030000,39576,88933,128509
1616172330000,39549,89169,128718
1616172630000,39716,89524,129240
1616172930000,39905,89448,129353
1616173230000,40291,89338,129629
1616173529000,40339,89014,129353
1616173830000,40289,89129,129418
1616174130000,40402,89205,129607
1616174429000,40491,89306,129797
1616174729000,37912,89232,127144
1616175030000,38053,89759,127812
1616175329000,38084,90040,128124
1616175630000,38086,90505,128591
1616175930000,38276,90647,128923
1616176230000,38285,90475,128760
1616176530000,38528,90803,129331
1616176830000,38743,90978,129721
1616177130000,38943,91428,130371
1616177430000,39214,91609,130823
1616177730000,39514,92182,131696
1616178030000,39833,92313,132146
1616178329000,40087,91678,131765
1616178629000,40366,92022,132388
1616178930000,40585,92522,133107
1616179230000,40724,92952,133676
1616179530000,40996,93272,134268
1616179830000,41177,93657,134834
1616180129000,41420,93901,135321
1616180430000,41504,92358,133862
1616180729000,41687,92766,134453
1616181029000,41954,93550,135504
1616181329000,42120,95282,137402
1616181630000,42418,95945,138363
1616181930000,42568,95977,138545
1616182230000,42757,96335,139092
1616182530000,43019,96801,139820
1616182829000,42980,97182,140162
1616183130000,43262,97411,140673
1616183430000,41099,97542,138641
1616183730000,41154,97600,138754
1616184030000,41292,97720,139012
1616184330000,41300,98090,139390
1616184630000,41499,98433,139932
1616184930000,41636,98554,140190
1616185230000,41677,98918,140595
1616185530000,41699,99096,140795
1616185830000,41594,99568,141162
1616186130000,41764,99542,141306
1616186429000,41836,99677,141513
1616186730000,41841,99985,141826
1616187030000,41738,99911,141649
1616187330000,41773,99977,141750
1616187630000,41944,99779,141723
1616187930000,42008,99614,141622
1616188230000,42291,99535,141826
1616188530000,42381,99547,141928
1616188830000,42478,99563,142041
1616189130000,42610,99642,142252
1616189429000,42637,99135,141772
1616189730000,42703,99318,142021
1616190030000,42834,99232,142066
1616190330000,42782,98828,141610
1616190629000,42821,98600,141421
1616190930000,42834,98819,141653
1616191230000,42857,98130,140987
1616191530000,42833,98652,141485
1616191830000,42801,98170,140971
1616192129000,42779,97727,140506
1616192430000,42753,97549,140302
1616192730000,42746,97247,139993
1616193030000,42724,96840,139564
1616193330000,42555,96397,138952
1616193629000,42522,96232,138754
1616193930000,42419,96017,138436
1616194230000,42381,95826,138207
1616194529000,42289,95791,138080
1616194830000,42137,95488,137625
1616195130000,39741,95336,135077
1616195430000,39574,95270,134844
1616195730000,39376,94969,134345
1616196030000,39342,94818,134160
1616196330000,39199,94247,133446
1616196630000,38857,93924,132781
1616196930000,38728,93596,132324
1616197230000,38573,93506,132079
1616197530000,38519,93135,131654
1616197829000,38488,93004,131492
1616198130000,38419,92486,130905
1616198429000,38440,92145,130585
1616198730000,38840,91828,130668
1616199030000,38827,91777,130604
1616199329000,38740,91353,130093
1616199630000,38326,91132,129458
1616199930000,38071,90826,128897
1616200230000,38224,90759,128983
1616200530000,38054,90653,128707
1616200830000,38016,90388,128404
1616201130000,38007,90734,128741
1616201430000,38006,90915,128921
1616201730000,37994,90964,128958
1616202029000,37854,90582,128436
1616202330000,37763,91061,128824
1616202630000,37573,91496,129069
1616202930000,37337,91430,128767
1616203230000,37174,91394,128568
1616203530000,37261,92093,129354
1616203830000,37135,91641,128776
1616204129000,36958,91813,128771
1616204430000,36843,91527,128370
1616204730000,36562,91746,128308
1616205029000,36451,91601,128052
1616205330000,36392,91445,127837
1616205629000,36240,91240,127480
1616205930000,36059,91183,127242
1616206229000,35945,91148,127093
1616206530000,35734,91069,126803
1616206829000,35568,90907,126475
1616207130000,35390,90859,126249
1616207430000,35363,90551,125914
1616207729000,35127,90366,125493
1616208030000,34883,90084,124967
1616208330000,34691,89957,124648
1616208629000,34450,89454,123904
1616208929000,34182,89165,123347
1616209230000,33933,88827,122760
1616209530000,33729,88502,122231
1616209830000,33536,87792,121328
1616210130000,33317,87659,120976
1616210430000,33001,87391,120392
1616210730000,32781,86897,119678
1616211030000,32517,86507,119024
1616211330000,32188,85946,118134
1616211630000,32008,85530,117538
1616211930000,31886,84949,116835
1616212230000,31555,84194,115749
1616212530000,31315,83706,115021
1616212830000,31030,82813,113843
1616213130000,30682,81680,112362
1616213430000,30436,81080,111516
1616213730000,30133,80585,110718
1616214030000,29799,79827,109626
1616214330000,29506,79343,108849
1616214629000,29250,78630,107880
1616214930000,28970,77565,106535
1616215230000,28680,76726,105406
1616215530000,28375,76076,104451
1616215830000,28154,75321,103475
1616216130000,27879,74816,102695
1616216430000,27643,74087,101730
1616216730000,27244,73290,100534
1616217030000,26945,72223,99168
1616217330000,26620,71596,98216
1616217630000,26338,70877,97215
1616217929000,26066,70353,96419
1616218230000,25771,69519,95290
1616218530000,25484,68883,94367
1616218830000,25190,68197,93387
1616219129000,24947,67426,92373
1616219430000,24633,66698,91331
1616219730000,24401,65972,90373
1616220029000,24206,65027,89233
1616220330000,23892,63992,87884
1616220630000,23630,63432,87062
1616220929000,23484,62319,85803
1616221229000,23236,61759,84995
1616221530000,23080,60925,84005
1616221829000,22946,60204,83150
1616222130000,22798,59409,82207
1616222429000,22600,58764,81364
1616222729000,22460,58154,80614
1616223030000,22309,57250,79559
1616223330000,22055,56495,78550
1616223629000,21984,55632,77616
1616223929000,21804,55692,77496
1616224230000,21640,55595,77235
1616224529000,21491,54850,76341
1616224830000,21365,54262,75627
1616225130000,21391,54858,76249
1616225430000,21307,55487,76794
1616225729000,21256,55115,76371
1616226029000,20849,54882,75731
1616226330000,20897,54533,75430
1616226630000,20758,54517,75275
1616226929000,20732,54153,74885
1616227229000,20663,53775,74438
1616227530000,20567,53591,74158
1616227830000,20509,53523,74032
1616228130000,20383,53324,73707
1616228430000,20403,53082,73485
1616228729000,20385,52808,73193
1616229029000,20497,53147,73644
1616229329000,20528,52882,73410
1616229630000,20587,52870,73457
1616229930000,20577,52943,73520
1616230230000,20683,52709,73392
1616230529000,20761,52482,73243
1616230830000,21058,52357,73415
1616231130000,21397,52542,73939
1616231430000,21534,52657,74191
1616231730000,21684,52799,74483
1616232030000,21821,52367,74188
1616232329000,21884,52331,74215
1616232629000,21978,52578,74556
1616232930000,22088,52627,74715
1616233230000,22138,52676,74814
1616233530000,22239,52802,75041
1616233830000,22399,53278,75677
1616234130000,22579,53768,76347
1616234430000,22699,53838,76537
1616234730000,22916,54126,77042
1616235030000,23092,54343,77435
1616235330000,23128,54418,77546
1616235630000,23273,54683,77956
1616235929000,23406,54957,78363
1616236230000,23666,55433,79099
1616236529000,23906,55928,79834
1616236829000,24118,56457,80575
1616237130000,24243,56653,80896
1616237430000,24389,57207,81596
1616237729000,24636,57508,82144
1616238030000,24824,58214,83038
1616238330000,24973,58418,83391
1616238630000,25161,58759,83920
1616238930000,25397,59165,84562
1616239230000,25524,59670,85194
1616239529000,25743,60161,85904
1616239829000,26061,60871,86932
1616240129000,26176,61268,87444
1616240430000,26374,61839,88213
1616240729000,26661,62380,89041
1616241029000,26958,63111,90069
1616241329000,27163,63493,90656
1616241630000,27339,64193,91532
1616241930000,27609,64650,92259
1616242230000,27834,65443,93277
1616242530000,28033,66397,94430
1616242830000,28202,66665,94867
1616243130000,28543,67351,95894
1616243429000,28843,67987,96830
1616243730000,29120,68609,97729
1616244029000,29513,69192,98705
1616244329000,29868,69748,99616
1616244630000,30039,69979,100018
1616244930000,30244,70814,101058
1616245229000,30445,71579,102024
1616245530000,30771,72070,102841
1616245830000,31045,72660,103705
1616246130000,31200,73401,104601
1616246430000,31524,74186,105710
1616246729000,31870,74673,106543
1616247030000,32223,75253,107476
1616247337000,32441,76013,108454
1616247630000,32691,76601,109292
1616247930000,32810,77542,110352
1616248230000,33099,78065,111164
1616248530000,33407,78889,112296
1616248830000,33719,79318,113037
1616249130000,33898,80114,114012
1616249429000,34253,80713,114966
1616249729000,34636,81577,116213
1616250030000,35029,82034,117063
1616250330000,35316,82649,117965
1616250630000,35605,83366,118971
1616250930000,35807,84145,119952
1616251229000,35554,84807,120361
1616251530000,35846,84352,120198
1616251830000,36127,84716,120843
1616252129000,36499,85286,121785
1616252430000,36757,85704,122461
1616252729000,36860,86129,122989
1616253029000,37038,86585,123623
1616253330000,37255,87236,124491
1616253630000,37577,87732,125309
1616253930000,37833,88388,126221
1616254230000,37999,88753,126752
1616254530000,38309,89194,127503
1616254830000,38570,89371,127941
1616255130000,38708,89547,128255
1616255430000,38820,89924,128744
1616255730000,39048,90214,129262
1616256030000,39084,90446,129530
1616256329000,39187,90580,129767
1616256630000,39403,91451,130854
1616256930000,39532,92032,131564
1616257230000,39595,92462,132057
1616257530000,39719,92434,132153
1616257829000,39803,92455,132258
1616258130000,39895,92690,132585
1616258430000,39921,92881,132802
1616258730000,40091,92804,132895
1616259029000,40100,92747,132847
1616259330000,40267,92805,133072
1616259630000,40350,92870,133220
1616259930000,40435,92861,133296
1616260230000,40484,93209,133693
1616260530000,40668,93134,133802
1616260830000,40741,93442,134183
1616261130000,40899,93393,134292
1616261430000,40915,93764,134679
1616261730000,41057,93526,134583
1616262030000,41060,93617,134677
1616262330000,41142,93504,134646
1616262629000,41207,93715,134922
1616262930000,41273,94058,135331
1616263230000,41359,94267,135626
1616263530000,41366,94520,135886
1616263830000,41453,94840,136293
1616264130000,41556,95143,136699
1616264429000,41653,95446,137099
1616264730000,41807,95606,137413
1616265030000,41852,95874,137726
1616265330000,41940,96416,138356
1616265630000,42060,96815,138875
1616265930000,42125,97060,139185
1616266230000,42342,97269,139611
1616266530000,42411,97459,139870
1616266829000,42369,95645,138014
1616267130000,42489,95946,138435
1616267430000,42583,96962,139545
1616267730000,42506,98488,140994
1616268029000,42523,99564,142087
1616268330000,42550,99473,142023
1616268630000,42654,99867,142521
1616268930000,42682,100131,142813
1616269230000,42742,100251,142993
1616269530000,42885,100213,143098
1616269830000,42984,100813,143797
1616270129000,43121,101029,144150
1616270430000,42914,101316,144230
1616270730000,43004,101288,144292
1616271030000,43151,101613,144764
1616271330000,43213,101782,144995
1616271629000,43244,101925,145169
1616271930000,43270,102003,145273
1616272230000,43257,102248,145505
1616272530000,43280,102375,145655
1616272830000,43542,102575,146117
1616273130000,43582,102557,146139
1616273430000,43546,102494,146040
1616273730000,43651,102303,145954
1616274030000,43549,102638,146187
1616274330000,43540,102281,145821
1616274630000,43507,102255,145762
1616274930000,43437,102063,145500
1616275230000,43446,101999,145445
1616275530000,43599,101881,145480
1616275829000,43531,101767,145298
1616276130000,43396,101857,145253
1616276429000,43569,101758,145327
1616276730000,43419,101789,145208
1616277030000,43282,101659,144941
1616277331000,43175,101639,144814
1616277630000,43032,101281,144313
1616277930000,42889,100937,143826
1616278230000,42833,100556,143389
1616278530000,42716,100283,142999
1616278830000,42611,100162,142773
1616279130000,42427,100090,142517
1616279430000,42359,99819,142178
1616279730000,42260,99717,141977
1616280030000,42111,99537,141648
1616280330000,42068,99301,141369
1616280630000,41967,98971,140938
1616280930000,41783,98902,140685
1616281229000,41703,98572,140275
1616281530000,41497,98227,139724
1616281830000,41410,97840,139250
1616282130000,41264,97309,138573
1616282429000,41173,96814,137987
1616282729000,40957,96680,137637
1616283030000,40806,96424,137230
1616283330000,40608,95881,136489
1616283630000,40581,95816,136397
1616283929000,40508,95629,136137
1616284229000,40381,95283,135664
1616284529000,40305,94995,135300
1616284829000,40194,94708,134902
1616285129000,40403,94384,134787
1616285430000,40295,94223,134518
1616285730000,40166,94041,134207
1616286029000,40115,93883,133998
1616286330000,40042,93686,133728
1616286630000,39971,93602,133573
1616286929000,39818,93476,133294
1616287230000,39711,93444,133155
1616287530000,39558,93266,132824
1616287830000,39235,93219,132454
1616288130000,39052,93301,132353
1616288430000,38941,92719,131660
1616288729000,38779,92659,131438
1616289030000,38502,92666,131168
1616289329000,38361,92845,131206
1616289630000,38212,92582,130794
1616289930000,38008,92946,130954
1616290230000,37816,92800,130616
1616290530000,37605,92680,130285
1616290829000,37356,92436,129792
1616291130000,37244,92307,129551
1616291429000,37044,92235,129279
1616291730000,36844,91877,128721
1616292030000,36619,91535,128154
1616292330000,36306,91242,127548
1616292630000,36107,91287,127394
1616292930000,36056,91040,127096
1616293230000,35943,91015,126958
1616293530000,35751,90767,126518
1616293830000,35563,90541,126104
1616294130000,35394,90289,125683
1616294430000,35214,90327,125541
1616294730000,35007,89692,124699
1616295030000,34872,89374,124246
1616295330000,34701,89206,123907
1616295630000,34548,89002,123550
1616295930000,34168,88188,122356
1616296230000,33995,87671,121666
1616296530000,33909,87537,121446
1616296830000,33586,87235,120821
1616297129000,33346,86795,120141
1616297430000,33088,86501,119589
1616297730000,32967,85864,118831
1616298030000,32805,85558,118363
1616298330000,32525,84902,117427
1616298630000,32304,84332,116636
1616298930000,32169,83649,115818
1616299230000,31883,83169,115052
1616299529000,31626,82596,114222
1616299830000,31376,81708,113084
1616300129000,31027,80988,112015
1616300430000,30786,80085,110871
1616300730000,30527,79203,109730
1616301030000,30101,78693,108794
1616301330000,29909,77893,107802
1616301630000,29629,78308,107937
1616301930000,29351,77494,106845
1616302230000,29045,76796,105841
1616302530000,28835,76080,104915
1616302830000,28567,75460,104027
1616303130000,28202,74679,102881
1616303430000,27911,74081,101992
1616303730000,27564,73284,100848
1616304030000,27273,72703,99976
1616304330000,27056,71966,99022
1616304630000,26674,71350,98024
1616304930000,26435,70644,97079
1616305230000,26161,69890,96051
1616305530000,25814,69178,94992
1616305830000,25587,68584,94171
1616306130000,25326,67742,93068
1616306430000,25029,67061,92090
1616306730000,24717,66127,90844
1616307030000,24414,65714,90128
1616307330000,24286,64380,88666
1616307630000,24087,64063,88150
1616307930000,23874,62746,86620
1616308230000,23787,62094,85881
1616308530000,23561,61182,84743
1616308829000,23343,60550,83893
1616309130000,23153,59779,82932
1616309429000,23077,59156,82233
1616309730000,22840,58809,81649
1616310030000,22702,58341,81043
1616310330000,22594,57806,80400
1616310630000,22441,57459,79900
1616310930000,22345,56855,79200
1616311230000,22269,56378,78647
1616311530000,21888,56958,78846
1616311830000,21863,57388,79251
1616312130000,21764,56908,78672
1616312430000,21634,56518,78152
1616312730000,21721,56201,77922
1616313030000,21677,56110,77787
1616313330000,21590,55515,77105
1616313630000,21520,55459,76979
1616313930000,21673,55199,76872
1616314230000,21839,55650,77489
1616314530000,22011,55449,77460
1616314830000,22108,55457,77565
1616315130000,22194,55262,77456
1616315430000,22263,54970,77233
1616315730000,22348,54864,77212
1616316029000,22360,55034,77394
1616316330000,22477,54760,77237
1616316630000,22532,54916,77448
1616316930000,22499,54857,77356
1616317230000,22364,55117,77481
1616317530000,22474,55200,77674
1616317829000,22679,55213,77892
1616318130000,22790,55305,78095
1616318430000,22878,55397,78275
1616318730000,23013,55628,78641
1616319030000,23249,55919,79168
1616319330000,23457,55503,78960
1616319629000,23534,56090,79624
1616319930000,23650,56249,79899
1616320230000,23751,56253,80004
1616320530000,23968,56227,80195
1616320830000,24170,56439,80609
1616321130000,24404,56596,81000
1616321430000,24638,56749,81387
1616321733000,24913,56816,81729
1616322030000,25036,57190,82226
1616322330000,25204,57477,82681
1616322630000,25316,57973,83289
1616322929000,25485,58458,83943
1616323229000,25662,58459,84121
1616323530000,25824,58743,84567
1616323829000,26086,59198,85284
1616324129000,26264,59598,85862
1616324430000,26439,59818,86257
1616324729000,26575,60082,86657
1616325030000,26751,60285,87036
1616325329000,26988,60993,87981
1616325630000,27084,61384,88468
1616325930000,27223,61840,89063
1616326229000,27446,62385,89831
1616326530000,27688,62982,90670
1616326830000,27834,63710,91544
1616327130000,28099,63610,91709
1616327429000,28344,64352,92696
1616327730000,28629,65539,94168
1616328030000,28780,65967,94747
1616328330000,29078,67072,96150
1616328630000,29409,67445,96854
1616328929000,29492,67914,97406
1616329230000,29696,68556,98252
1616329530000,30000,69252,99252
1616329830000,30263,69943,100206
1616330130000,30591,70510,101101
1616330429000,30976,70742,101718
1616330729000,31259,71648,102907
1616331029000,31495,72110,103605
1616331329000,31650,73132,104782
1616331629000,31920,73647,105567
1616331930000,32292,74398,106690
1616332230000,32491,75049,107540
1616332530000,32706,75968,108674
1616332830000,32909,76658,109567
1616333129000,33120,77266,110386
1616333430000,33363,78176,111539
1616333730000,33712,78819,112531
1616334030000,34117,79333,113450
1616334330000,34482,80227,114709
1616334630000,34805,81048,115853
1616334930000,35062,82042,117104
1616335230000,35405,82245,117650
1616335530000,35499,83316,118815
1616335830000,35893,83815,119708
1616336130000,35935,84784,120719
1616336429000,36302,84945,121247
1616336729000,36479,85503,121982
1616337030000,36863,85981,122844
1616337330000,37195,86809,124004
1616337630000,37543,87514,125057
1616337929000,37889,88097,125986
1616338230000,38231,88755,126986
1616338529000,38794,89045,127839
1616338830000,38717,89795,128512
1616339129000,38806,90225,129031
1616339430000,38963,90632,129595
1616339730000,39539,91127,130666
1616340030000,39568,92045,131613
1616340330000,39854,92797,132651
1616340630000,39904,93392,133296
1616340930000,40101,94148,134249
1616341230000,40283,94707,134990
1616341530000,40662,95149,135811
1616341830000,40888,95324,136212
1616342130000,41103,95906,137009
1616342429000,41152,96156,137308
1616342730000,41287,96168,137455
1616343030000,41488,96895,138383
1616343330000,41801,96942,138743
1616343630000,41805,97431,139236
1616343930000,41999,97655,139654
1616344229000,42116,97940,140056
1616344529000,42310,98031,140341
1616344830000,42406,98290,140696
1616345129000,42214,98284,140498
1616345430000,42245,98613,140858
1616345730000,42386,98722,141108
1616346031000,42294,98990,141284
1616346330000,41959,99095,141054
1616346630000,41698,98945,140643
1616346930000,41723,99203,140926
1616347230000,42034,99609,141643
1616347530000,42359,99932,142291
1616347830000,42214,100291,142505
1616348130000,42333,100404,142737
1616348430000,42846,100561,143407
1616348730000,42980,101166,144146
1616349030000,43253,101437,144690
1616349330000,43327,101419,144746
1616349630000,43254,102057,145311
1616349930000,43347,102651,145998
1616350230000,43513,103140,146653
1616350530000,43769,103142,146911
1616350830000,43813,102821,146634
1616351130000,44027,104113,148140
1616351430000,44089,104344,148433
1616351730000,44166,104923,149089
1616352030000,44415,105215,149630
1616352397000,44579,105397,149976
1616352630000,44698,105912,150610
1616352929000,44800,106088,150888
1616353230000,45081,104556,149637
1616353530000,45203,104812,150015
1616353830000,45340,105656,150996
1616354130000,45525,107396,152921
1616354430000,45695,108231,153926
1616354729000,45685,108338,154023
1616355030000,46130,108767,154897
1616355330000,46120,108794,154914
1616355629000,46230,109341,155571
1616355930000,46239,109465,155704
1616356230000,46256,109894,156150
1616356529000,46270,110030,156300
1616356830000,46239,110667,156906
1616357130000,46311,110731,157042
1616357429000,46281,110656,156937
1616357729000,46303,110340,156643
1616358030000,46367,110943,157310
1616358330000,46384,110830,157214
1616358630000,46466,110977,157443
1616358930000,46418,111382,157800
1616359229000,46257,111133,157390
1616359529000,46334,110743,157077
1616359830000,46195,110531,156726
1616360130000,46020,110362,156382
1616360430000,45953,109944,155897
1616360730000,45870,109458,155328
1616361030000,45744,109209,154953
1616361330000,45626,108942,154568
1616361629000,45614,108777,154391
1616361930000,45513,108197,153710
1616362230000,45380,108025,153405
1616362529000,45183,107647,152830
1616362829000,45103,107717,152820
1616363129000,44839,107345,152184
1616363429000,44638,106994,151632
1616363730000,44400,106522,150922
1616364030000,44253,106249,150502
1616364330000,43990,105314,149304
1616364630000,43882,104396,148278
1616364930000,43793,104200,147993
1616365230000,43587,103897,147484
1616365530000,43443,103471,146914
1616365830000,43245,103070,146315
1616366129000,43057,102709,145766
1616366430000,42810,102362,145172
1616366730000,42622,101916,144538
1616367030000,42296,101138,143434
1616367330000,42124,100505,142629
1616367630000,41880,100032,141912
1616367929000,41466,99425,140891
1616368229000,41208,99089,140297
1616368530000,41088,98435,139523
1616368829000,40916,98077,138993
1616369130000,40751,97705,138456
1616369429000,40623,97322,137945
1616369730000,40439,97111,137550
1616370029000,40227,97400,137627
1616370329000,40286,97149,137435
1616370630000,40097,97127,137224
1616370930000,40045,96748,136793
1616371230000,40082,96403,136485
1616371530000,40372,95715,136087
1616371830000,40241,96637,136878
1616372130000,40176,96631,136807
1616372429000,40091,96822,136913
1616372729000,39875,96439,136314
1616373030000,39537,96525,136062
1616373329000,39314,96428,135742
1616373630000,39244,96355,135599
1616373930000,39116,96274,135390
1616374230000,38999,96149,135148
1616374529000,38777,96025,134802
1616374830000,38639,95808,134447
1616375130000,38368,95640,134008
1616375430000,38302,95520,133822
1616375730000,38118,95593,133711
1616376029000,37931,95435,133366
1616376329000,37659,95487,133146
1616376630000,37536,95236,132772
1616376930000,37341,95384,132725
1616377229000,37106,95301,132407
1616377530000,36909,94868,131777
1616377830000,36740,94685,131425
1616378130000,36474,94560,131034
1616378430000,36312,94080,130392
1616378730000,36212,93623,129835
1616379030000,36031,93388,129419
1616379330000,35844,93182,129026
1616379630000,35658,92866,128524
1616379930000,35374,92571,127945
1616380230000,35149,92321,127470
1616380529000,34814,91913,126727
1616380830000,34565,91527,126092
1616381130000,34242,90759,125001
1616381429000,34020,90107,124127
1616381730000,33735,89711,123446
1616382030000,33380,89099,122479
1616382330000,32951,88596,121547
1616382630000,32684,87865,120549
1616382930000,32288,86788,119076
1616383229000,31985,86276,118261
1616383530000,31569,85521,117090
1616383830000,31169,84714,115883
1616384130000,30842,83984,114826
1616384429000,30517,83330,113847
1616384730000,30210,82722,112932
1616385030000,29772,81838,111610
1616385330000,29550,81081,110631
1616385630000,29139,79761,108900
1616385929000,28861,78863,107724
1616386230000,28423,78062,106485
1616386531000,28157,77397,105554
1616386830000,27905,76549,104454
1616387129000,27621,75771,103392
1616387430000,27258,74768,102026
1616387729000,27017,74002,101019
1616388030000,26711,73286,99997
1616388330000,26478,72404,98882
1616388629000,26127,71156,97283
1616388930000,25812,70626,96438
1616389230000,25469,69936,95405
1616389529000,25138,68959,94097
1616389829000,24830,68205,93035
1616390130000,24514,67411,91925
1616390430000,24271,66602,90873
1616390730000,23941,65910,89851
1616391029000,23738,65068,88806
1616391329000,23419,64581,88000
1616391630000,23276,63857,87133
1616391930000,23047,63198,86245
1616392230000,22823,63016,85839
1616392530000,22574,62055,84629
1616392830000,22363,61453,83816
1616393130000,22041,60617,82658
1616393430000,21817,59951,81768
1616393729000,21781,58988,80769
1616394030000,21676,58344,80020
1616394329000,21558,57610,79168
1616394630000,21320,57027,78347
1616394930000,21086,56627,77713
1616395230000,20956,55983,76939
1616395530000,20789,55125,75914
1616395829000,20690,54479,75169
1616396129000,20569,53929,74498
1616396429000,20454,53369,73823
1616396730000,20321,52723,73044
1616397030000,20240,53014,73254
1616397329000,20192,52245,72437
1616397629000,20146,52961,73107
1616397929000,20030,53862,73892
1616398230000,19734,54834,74568
1616398530000,19544,54453,73997
1616398830000,19763,54058,73821
1616399129000,19565,53866,73431
1616399429000,19595,53361,72956
1616399729000,19648,53178,72826
1616400030000,19737,52901,72638
1616400330000,20029,52770,72799
1616400630000,20251,52475,72726
1616400930000,20285,52091,72376
1616401229000,20405,51654,72059
1616401529000,20411,51277,71688
1616401830000,20507,51950,72457
1616402130000,20512,52127,72639
1616402429000,20611,52264,72875
1616402730000,20631,52150,72781
1616403030000,20695,52791,73486
1616403329000,20879,52413,73292
1616403630000,20921,52325,73246
1616403930000,20992,52264,73256
1616404230000,21118,52715,73833
1616404529000,21253,52939,74192
1616404830000,21433,53112,74545
1616405130000,21632,53153,74785
1616405430000,21763,53275,75038
1616405730000,21969,53357,75326
1616406030000,22078,53827,75905
1616406330000,22311,53728,76039
1616406630000,22472,54151,76623
1616406930000,22534,54096,76630
1616407230000,22734,54294,77028
1616407530000,22840,54423,77263
1616407830000,23130,54654,77784
1616408130000,23138,54957,78095
1616408430000,23400,55261,78661
1616408730000,23614,55439,79053
1616409030000,23689,55734,79423
1616409330000,23798,55819,79617
1616409630000,24009,56262,80271
1616409930000,24188,56551,80739
1616410229000,24298,56837,81135
1616410529000,24468,57014,81482
1616410830000,24618,57020,81638
1616411130000,24878,57427,82305
1616411430000,25139,57824,82963
1616411730000,25279,58160,83439
1616412030000,25461,58528,83989
1616412330000,25544,58812,84356
1616412630000,25696,58974,84670
1616412930000,25962,59267,85229
1616413229000,26216,59686,85902
1616413530000,26397,60159,86556
1616413829000,26630,60802,87432
1616414130000,26804,61129,87933
1616414430000,26856,61312,88168
1616414729000,25707,61815,87522
1616415030000,25982,62570,88552
1616415330000,26035,63340,89375
1616415629000,26354,64088,90442
1616415930000,26673,64772,91445
1616416230000,26915,65692,92607
1616416530000,27401,66162,93563
1616416830000,27773,66937,94710
1616417130000,28085,67704,95789
1616417430000,28418,68239,96657
1616417730000,28722,68889,97611
1616418030000,29027,69695,98722
1616418330000,29314,70026,99340
1616418629000,29663,70639,100302
1616418930000,29970,71412,101382
1616419229000,30340,72097,102437
1616419530000,30739,72756,103495
1616419830000,30982,73538,104520
1616420129000,31354,74290,105644
1616420429000,31626,75124,106750
1616420730000,31934,75985,107919
1616421030000,31112,76861,107973
1616421330000,31427,77604,109031
1616421630000,31718,78242,109960
1616421930000,31912,78713,110625
1616422230000,32165,79363,111528
1616422530000,32401,80037,112438
1616422830000,32696,80661,113357
1616423130000,32850,81319,114169
1616423430000,33090,81750,114840
1616423730000,33342,82330,115672
1616424030000,33509,83160,116669
1616424330000,33659,83857,117516
1616424630000,33843,84325,118168
1616424930000,34129,85015,119144
1616425230000,34302,85578,119880
1616425530000,34467,85477,119944
1616425830000,34476,85727,120203
1616426130000,34788,85939,120727
1616426430000,35028,86486,121514
1616426729000,35213,87070,122283
1616427030000,35375,87501,122876
1616427330000,35805,87770,123575
1616427630000,35676,88079,123755
1616427930000,35990,88375,124365
1616428230000,36216,88616,124832
1616428530000,36312,88654,124966
1616428830000,36447,88996,125443
1616429129000,36591,88695,125286
1616429430000,36762,89231,125993
1616429730000,36934,89711,126645
1616430030000,37008,90076,127084
1616430330000,37194,88776,125970
1616430630000,37357,89258,126615
1616430930000,37451,89246,126697
1616431230000,37525,89225,126750
1616431530000,37636,89676,127312
1616431829000,37645,90530,128175
1616432129000,38199,90832,129031
1616432429000,38384,91070,129454
1616432730000,38547,91179,129726
1616433030000,38781,91425,130206
1616433330000,38797,91704,130501
1616433630000,38794,91886,130680
1616433930000,38988,92683,131671
1616434230000,39257,93045,132302
1616434530000,39443,93698,133141
1616434830000,39572,94230,133802
1616435130000,39779,94643,134422
1616435430000,40025,95210,135235
1616435730000,40107,95419,135526
1616436030000,40190,95623,135813
1616436330000,40348,95998,136346
1616436630000,40341,94549,134890
1616436930000,40498,94072,134570
1616437229000,40979,95764,136743
1616437530000,41405,97003,138408
1616437830000,41602,94968,136570
1616438130000,41948,96520,138468
1616438430000,42240,96923,139163
1616438730000,42537,98091,140628
1616439030000,42817,98970,141787
1616439330000,43055,99669,142724
1616439630000,43257,96805,140062
1616439930000,43343,96288,139631
1616440230000,43596,96937,140533
1616440530000,43877,99631,143508
1616440830000,44002,99915,143917
1616441130000,44203,99606,143809
1616441430000,44377,100539,144916
1616441730000,44609,101518,146127
1616442030000,44829,102191,147020
1616442330000,45016,103098,148114
1616442630000,45292,103366,148658
1616442929000,45458,103580,149038
1616443230000,43505,103835,147340
1616443530000,43412,103636,147048
1616443829000,43434,103909,147343
1616444130000,43403,103832,147235
1616444430000,43496,104320,147816
1616444730000,43532,104608,148140
1616445030000,43547,104753,148300
1616445330000,43532,104748,148280
1616445630000,43496,104827,148323
1616445930000,43439,104753,148192
1616446230000,43453,104855,148308
1616446530000,43266,104819,148085
1616446829000,43153,104470,147623
1616447130000,42970,104080,147050
1616447430000,42866,103921,146787
1616447730000,42786,103858,146644
1616448030000,42651,103685,146336
1616448330000,42544,103298,145842
1616448629000,42389,103353,145742
1616448930000,42325,103264,145589
1616449229000,42143,101624,143767
1616449530000,42112,101990,144102
1616449830000,42094,101754,143848
1616450130000,41521,101266,142787
1616450429000,41639,100813,142452
1616450730000,41403,100470,141873
1616451030000,41177,100147,141324
1616451329000,41080,99597,140677
1616451630000,40969,98913,139882
1616451930000,40844,98461,139305
1616452230000,40735,98070,138805
1616452530000,40560,97987,138547
1616452830000,40474,97717,138191
1616453130000,40333,97458,137791
1616453430000,40215,97381,137596
1616453729000,40148,97092,137240
1616454030000,39901,96429,136330
1616454329000,39834,96036,135870
1616454629000,39667,95789,135456
1616454930000,39660,95625,135285
1616455230000,39584,95262,134846
1616455530000,39540,94947,134487
1616455830000,39198,94847,134045
1616456129000,39123,94609,133732
1616456430000,39052,92184,131236
1616456729000,39034,91250,130284
1616457029000,38957,91146,130103
1616457330000,39032,90897,129929
1616457630000,38877,90851,129728
1616457930000,39318,90729,130047
1616458230000,39318,90779,130097
1616458530000,39219,90813,130032
1616458830000,39251,90705,129956
1616459130000,39186,90693,129879
1616459430000,38984,90821,129805
1616459730000,38863,90789,129652
1616460029000,38665,90786,129451
1616460329000,38572,91102,129674
1616460630000,38478,90918,129396
1616460929000,38244,90904,129148
1616461230000,38087,91031,129118
1616461530000,38003,90972,128975
1616461830000,37938,90822,128760
1616462130000,37855,90982,128837
1616462430000,37760,90769,128529
1616462730000,37598,90756,128354
1616463029000,37288,90782,128070
1616463330000,36914,89917,126831
1616463630000,36715,90449,127164
1616463929000,36567,90280,126847
1616464230000,36370,90519,126889
1616464530000,36093,90181,126274
1616464831000,35768,89963,125731
1616465130000,35507,89613,125120
1616465430000,35131,89262,124393
1616465730000,34916,89015,123931
1616466030000,34666,88787,123453
1616466330000,34418,88260,122678
1616466630000,34278,87743,122021
1616466930000,34069,87446,121515
1616467230000,33788,87283,121071
1616467530000,33574,86727,120301
1616467830000,33187,86276,119463
1616468129000,32876,85766,118642
1616468429000,32499,85476,117975
1616468730000,32230,85120,117350
1616469030000,31895,84604,116499
1616469330000,31528,84117,115645
1616469630000,31268,83549,114817
1616469930000,30964,82841,113805
1616470230000,30574,82287,112861
1616470529000,30268,81594,111862
1616470830000,29834,80704,110538
1616471130000,29511,80244,109755
1616471430000,29302,79582,108884
1616471730000,28961,78600,107561
1616472030000,28568,77841,106409
1616472330000,28255,77015,105270
1616472630000,27875,76014,103889
1616472930000,27506,75344,102850
1616473230000,27313,74456,101769
1616473530000,26856,73580,100436
1616473829000,26645,72263,98908
1616474130000,26495,71586,98081
1616474430000,26179,71175,97354
1616474730000,25917,70563,96480
1616475030000,25653,70003,95656
1616475330000,25290,69273,94563
1616475630000,24914,68646,93560
1616475930000,24578,67814,92392
1616476230000,24342,67017,91359
1616476530000,24091,66338,90429
1616476830000,23855,65472,89327
1616477130000,23601,64751,88352
1616477430000,23324,64004,87328
1616477730000,23028,63308,86336
1616478030000,22806,62907,85713
1616478330000,22682,62318,85000
1616478629000,22511,61662,84173
1616478930000,22365,60933,83298
1616479230000,22188,60142,82330
1616479530000,21900,59186,81086
1616479830000,21758,58725,80483
1616480130000,21667,57677,79344
1616480430000,21580,57444,79024
1616480730000,21377,56715,78092
1616481030000,21122,56182,77304
1616481330000,21039,55515,76554
1616481630000,20947,54899,75846
1616481929000,20859,54557,75416
1616482230000,20778,54076,74854
1616482529000,20676,53620,74296
1616482829000,20608,52990,73598
1616483130000,20464,53026,73490
1616483429000,20328,52936,73264
1616483730000,20269,52378,72647
1616484030000,20157,51998,72155
1616484330000,20168,52810,72978
1616484630000,20369,53587,73956
1616484930000,19910,53192,73102
1616485230000,19923,53207,73130
1616485530000,20123,52979,73102
1616485829000,20318,52952,73270
1616486130000,19827,52878,72705
1616486430000,20593,52754,73347
1616486729000,20751,52540,73291
1616487030000,20952,52641,73593
1616487331000,21049,52498,73547
1616487630000,21035,52399,73434
1616487930000,21089,52471,73560
1616488229000,21118,52354,73472
1616488530000,21164,52150,73314
1616488830000,21345,52421,73766
1616489130000,21398,52633,74031
1616489430000,21447,52606,74053
1616489730000,21528,52623,74151
1616490029000,21583,52633,74216
1616490330000,21748,52738,74486
1616490630000,22052,52706,74758
1616490930000,22276,52822,75098
1616491230000,22378,52810,75188
1616491530000,22542,53002,75544
1616491830000,22700,53288,75988
1616492130000,22792,53553,76345
1616492430000,22997,53830,76827
1616492730000,23050,53811,76861
1616493030000,23315,53973,77288
1616493330000,23400,54096,77496
1616493630000,23400,54248,77648
1616493930000,23679,54274,77953
1616494230000,23844,54507,78351
1616494530000,23954,54804,78758
1616494830000,24108,55034,79142
1616495130000,24232,55345,79577
1616495430000,24377,55546,79923
1616495730000,24510,55959,80469
1616496030000,24708,56252,80960
1616496330000,24824,56470,81294
1616496630000,25046,56665,81711
1616496930000,24937,56811,81748
1616497230000,24953,57210,82163
1616497530000,25162,57123,82285
1616497830000,25371,57402,82773
1616498130000,25623,57420,83043
1616498430000,25868,58055,83923
1616498729000,26237,58413,84650
1616499029000,26466,58839,85305
1616499330000,26659,59372,86031
1616499630000,26948,59981,86929
1616499929000,27151,60315,87466
1616500230000,27401,60870,88271
1616500530000,27562,61210,88772
1616500830000,27846,61645,89491
1616501130000,28094,62037,90131
1616501430000,28424,62524,90948
1616501730000,28681,63106,91787
1616502030000,29035,63795,92830
1616502329000,29256,64638,93894
1616502630000,29486,65327,94813
1616502930000,29716,66009,95725
1616503230000,30062,66542,96604
1616503530000,30362,67368,97730
1616503829000,29213,68021,97234
1616504130000,29320,68690,98010
1616504430000,29719,69340,99059
1616504730000,30030,70419,100449
1616505030000,30275,70761,101036
1616505330000,30574,71611,102185
1616505630000,30912,72479,103391
1616505930000,31157,73062,104219
1616506230000,31525,73784,105309
1616506530000,31857,74340,106197
1616506829000,32313,75067,107380
1616507129000,32611,75804,108415
1616507430000,32940,76596,109536
1616507730000,33260,77098,110358
1616508030000,33473,77859,111332
1616508330000,33732,77936,111668
1616508630000,34053,78467,112520
1616508930000,34473,79381,113854
1616509232000,34740,80362,115102
1616509530000,35052,80814,115866
1616509829000,35275,81567,116842
1616510130000,35628,82172,117800
1616510430000,35833,82787,118620
1616510730000,36035,82791,118826
1616511030000,36272,83360,119632
1616511330000,36563,83989,120552
1616511630000,36667,84346,121013
1616511930000,36947,84952,121899
1616512230000,37279,85386,122665
1616512530000,37520,85904,123424
1616512830000,37732,86348,124080
1616513130000,37851,85995,123846
1616513430000,38033,86916,124949
1616513730000,38284,87048,125332
1616514030000,38524,87719,126243
1616514330000,38825,87760,126585
1616514630000,39059,87840,126899
1616514930000,39287,88275,127562
1616515230000,39407,88184,127591
1616515530000,39665,88297,127962
1616515830000,39897,88939,128836
1616516131000,40116,89187,129303
1616516430000,40303,89318,129621
1616516730000,40528,89680,130208
1616517030000,40597,90220,130817
1616517330000,40754,90364,131118
1616517630000,41057,90327,131384
1616517930000,40467,88653,129120
1616518229000,40601,89556,130157
1616518530000,41013,90172,131185
1616518830000,40993,90316,131309
1616519130000,41406,90548,131954
1616519430000,41635,90907,132542
1616519730000,41647,91241,132888
1616520030000,43230,91455,134685
1616520329000,43393,90865,134258
1616520630000,43624,91314,134938
1616520930000,43755,91857,135612
1616521230000,43906,92337,136243
1616521529000,42657,92875,135532
1616521830000,43165,93311,136476
1616522130000,44479,93885,138364
1616522430000,44641,94209,138850
1616522730000,44838,94500,139338
1616523029000,45005,95100,140105
1616523330000,43650,95772,139422
1616523630000,43844,96738,140582
1616523930000,45507,97042,142549
1616524230000,45613,97231,142844
1616524530000,45864,98138,144002
1616524830000,46106,98431,144537
1616525130000,46350,98985,145335
1616525430000,43021,99527,142548
1616525730000,43494,99844,143338
1616526030000,43751,98277,142028
1616526330000,43994,98646,142640
1616526630000,44254,99626,143880
1616526930000,44560,101400,145960
1616527230000,44917,102340,147257
1616527530000,45210,102537,147747
1616527830000,45416,102935,148351
1616528130000,45636,103306,148942
1616528430000,45959,103325,149284
1616528730000,46023,103609,149632
1616529030000,46174,103941,150115
1616529330000,46418,104283,150701
1616529630000,46639,104426,151065
1616529930000,46647,104629,151276
1616530230000,46782,104873,151655
1616530530000,46913,104945,151858
1616530830000,47076,105320,152396
1616531130000,47177,105476,152653
1616531430000,47104,105694,152798
1616531730000,47101,105281,152382
1616532030000,47109,105433,152542
1616532330000,47250,105251,152501
1616532630000,47333,105511,152844
1616532931000,47329,105272,152601
1616533230000,47216,105111,152327
1616533530000,47137,104720,151857
1616533829000,46983,104674,151657
1616534130000,46869,104275,151144
1616534430000,46806,104006,150812
1616534730000,46763,103613,150376
1616535030000,46625,103117,149742
1616535330000,43910,102950,146860
1616535629000,43795,102890,146685
1616535930000,43633,102539,146172
1616536230000,43506,102319,145825
1616536530000,43333,101768,145101
1616536830000,43188,101275,144463
1616537129000,42844,100946,143790
1616537430000,42794,100623,143417
1616537730000,42696,100113,142809
1616538030000,42567,99716,142283
1616538330000,42485,99577,142062
1616538630000,42382,99600,141982
1616538930000,42334,99363,141697
1616539230000,42256,99071,141327
1616539530000,42182,98888,141070
1616539830000,41892,98598,140490
1616540130000,41813,98219,140032
1616540430000,41592,97786,139378
1616540730000,41331,97238,138569
1616541030000,41267,96994,138261
1616541330000,41071,96646,137717
1616541629000,40989,96313,137302
1616541930000,40858,95927,136785
1616542230000,40770,95775,136545
1616542530000,40739,95606,136345
1616542830000,40735,95455,136190
1616543130000,40745,95168,135913
1616543430000,40634,95276,135910
1616543730000,40599,95023,135622
1616544030000,40623,94787,135410
1616544330000,41060,94660,135720
1616544630000,41102,94613,135715
1616544930000,40975,94376,135351
1616545230000,40915,94536,135451
1616545530000,40799,94502,135301
1616545830000,40622,94617,135239
1616546130000,40570,94595,135165
1616546430000,40483,94700,135183
1616546730000,40251,94853,135104
1616547030000,39957,95230,135187
1616547330000,39848,95395,135243
1616547630000,39550,95358,134908
1616547930000,39407,94610,134017
1616548230000,39195,94914,134109
1616548530000,39017,94943,133960
1616548830000,38891,94750,133641
1616549130000,38595,94814,133409
1616549430000,38482,94763,133245
1616549729000,38326,94692,133018
1616550030000,38218,94783,133001
1616550330000,37996,94490,132486
1616550630000,37781,94317,132098
1616550930000,37640,94002,131642
1616551230000,37383,93668,131051
1616551529000,37096,93197,130293
1616551830000,36794,92733,129527
1616552130000,36517,92753,129270
1616552430000,36257,92327,128584
1616552730000,36006,92010,128016
1616553032000,35780,91722,127502
1616553095000,35729,91566,127295
1616553330000,35603,91357,126960
1616553630000,35253,90638,125891
1616553930000,35062,90212,125274
1616554229000,34859,89647,124506
1616554529000,34511,88860,123371
1616554830000,34198,88282,122480
1616555130000,33843,87591,121434
1616555430000,33606,86755,120361
1616555730000,33251,86147,119398
1616556030000,32952,85600,118552
1616556330000,32597,84940,117537
1616556630000,32340,83765,116105
1616556930000,32061,83106,115167
1616557230000,31695,82464,114159
1616557530000,31332,81663,112995
1616557830000,31078,80823,111901
1616558130000,30769,79868,110637
1616558430000,30433,79123,109556
1616558730000,30035,77998,108033
1616559029000,29748,76873,106621
1616559330000,29401,75735,105136
1616559630000,29084,75232,104316
1616559930000,28804,74511,103315
1616560229000,28525,73479,102004
1616560530000,28068,72639,100707
1616560830000,27806,71963,99769
1616561130000,27387,71032,98419
1616561430000,27099,69858,96957
1616561730000,26741,68981,95722
1616562030000,26426,68354,94780
1616562331000,26039,67339,93378
1616562630000,25752,66691,92443
1616562930000,25362,66036,91398
1616563230000,25138,65511,90649
1616563529000,24838,65027,89865
1616563830000,24573,64091,88664
1616564130000,24270,63395,87665
1616564430000,24088,62486,86574
1616564730000,23947,61785,85732
1616565030000,23747,61226,84973
1616565330000,23538,60585,84123
1616565630000,23236,59778,83014
1616565930000,23068,58895,81963
1616566230000,22958,58222,81180
1616566530000,22965,57137,80102
1616566830000,22771,56850,79621
1616567129000,22593,55938,78531
1616567430000,22380,55540,77920
1616567730000,22307,55033,77340
1616568030000,22179,54372,76551
1616568329000,22032,53851,75883
1616568630000,21600,53149,74749
1616568930000,21520,52742,74262
1616569230000,19964,51953,71917
1616569530000,19871,51565,71436
1616569830000,20012,51632,71644
1616570129000,19635,51176,70811
1616570430000,19663,50794,70457
1616570730000,19462,51509,70971
1616571030000,19950,52225,72175
1616571330000,19615,51881,71496
1616571630000,19740,51931,71671
1616571930000,20686,51651,72337
1616572229000,20488,51502,71990
1616572530000,20471,51212,71683
1616572830000,21553,51050,72603
1616573130000,21639,50813,72452
1616573430000,21754,50758,72512
1616573730000,21915,50783,72698
1616574030000,21939,50598,72537
1616574330000,21943,50566,72509
1616574630000,21988,50604,72592
1616574929000,22052,50725,72777
1616575229000,22081,51025,73106
1616575530000,22173,50836,73009
1616575830000,22281,50962,73243
1616576130000,22542,51140,73682
1616576429000,22441,51120,73561
1616576730000,22469,51631,74100
1616577030000,22646,51983,74629
1616577330000,22783,52108,74891
1616577631000,22963,52517,75480
1616577930000,23021,52591,75612
1616578230000,23129,52480,75609
1616578529000,23311,52891,76202
1616578830000,23480,53055,76535
1616579130000,23653,53348,77001
1616579430000,23863,53704,77567
1616579730000,23947,53654,77601
1616580030000,24092,53706,77798
1616580330000,24273,53806,78079
1616580630000,24487,53979,78466
1616580930000,24675,54009,78684
1616581229000,24951,54361,79312
1616581530000,25102,54590,79692
1616581830000,25416,54780,80196
1616582129000,25666,54817,80483
1616582430000,25757,55283,81040
1616582730000,25884,55326,81210
1616583030000,26067,55571,81638
1616583330000,26388,55673,82061
1616583630000,26413,55767,82180
1616583930000,26694,54672,81366
1616584230000,26939,53944,80883
1616584529000,27191,53096,80287
1616584830000,27477,51988,79465
1616585130000,27711,49009,76720
1616585430000,27936,33955,61891
1616585730000,0,0,0
1616586030000,0,0,0
1616586330000,0,0,0
1616586630000,0,0,0
1616586929000,0,0,0
1616587230000,29575,16901,46476
1616587530000,29716,27307,57023
1616587829000,29731,34650,64381
1616588130000,29988,40395,70383
1616588429000,30227,45502,75729
1616588730000,30379,48888,79267
1616589030000,30689,52040,82729
1616589329000,31066,54667,85733
1616589630000,31454,56997,88451
1616589930000,29984,58783,88767
1616590229000,30153,60513,90666
1616590530000,30313,61997,92310
1616590830000,30684,63576,94260
1616591130000,31125,64901,96026
1616591429000,31546,66338,97884
1616591731000,31961,67816,99777
1616592030000,32294,68981,101275
1616592330000,32556,69950,102506
1616592629000,32878,70697,103575
1616592930000,33194,71646,104840
1616593230000,33526,72848,106374
1616593530000,33740,74094,107834
1616593830000,33960,75066,109026
1616594130000,34294,75799,110093
1616594430000,34609,76528,111137
1616594730000,34894,77398,112292
1616595030000,35111,78345,113456
1616595330000,35409,79427,114836
1616595630000,35609,80303,115912
1616595929000,35893,81128,117021
1616596229000,36319,81765,118084
1616596530000,36674,82441,119115
1616596830000,36994,83369,120363
1616597130000,36954,83770,120724
1616597430000,37157,84470,121627
1616597730000,35863,84682,120545
1616598030000,36147,84967,121114
1616598330000,36464,85611,122075
1616598629000,36650,86017,122667
1616598930000,36782,86699,123481
1616599230000,36994,87286,124280
1616599530000,37150,88004,125154
1616599830000,37415,88389,125804
1616600129000,37729,88745,126474
1616600429000,38047,89416,127463
1616600730000,38311,90008,128319
1616601030000,38658,90396,129054
1616601330000,38896,90490,129386
1616601630000,39149,90642,129791
1616601930000,39408,90669,130077
1616602230000,39806,90970,130776
1616602530000,40076,91242,131318
1616602830000,40221,91752,131973
1616603130000,40416,91872,132288
1616603430000,40678,91742,132420
1616603729000,39409,91922,131331
1616604030000,39793,92198,131991
1616604331000,39197,92252,131449
1616604630000,39315,92478,131793
1616604930000,39925,92427,132352
1616605230000,39909,92694,132603
1616605529000,40807,92877,133684
1616605830000,41007,93071,134078
1616606129000,41012,93399,134411
1616606430000,42323,93332,135655
1616606730000,42443,93683,136126
1616607030000,42737,94477,137214
1616607330000,42947,94640,137587
1616607630000,43163,95375,138538
1616607930000,43438,95944,139382
1616608230000,43603,96343,139946
1616608530000,43710,97143,140853
1616608830000,43831,97489,141320
1616609130000,44132,97913,142045
1616609430000,44274,98284,142558
1616609730000,44469,98519,142988
1616610030000,42041,98968,141009
1616610329000,42195,99383,141578
1616610630000,42332,99678,142010
1616610930000,42564,100133,142697
1616611230000,42737,100554,143291
1616611530000,42976,101037,144013
1616611830000,43213,101396,144609
1616612130000,43404,101712,145116
1616612430000,43476,99753,143229
1616612730000,43468,100177,143645
1616613030000,43739,101309,145048
1616613330000,43840,102915,146755
1616613630000,44018,103881,147899
1616613930000,44235,104242,148477
1616614230000,44307,104657,148964
1616614530000,44391,105071,149462
1616614830000,44363,105271,149634
1616615130000,44560,105256,149816
1616615430000,44623,105816,150439
1616615729000,44784,106012,150796
1616616029000,44842,106333,151175
1616616330000,44881,106555,151436
1616616630000,44947,106786,151733
1616616930000,44943,107005,151948
1616617230000,44948,107206,152154
1616617530000,44864,107353,152217
1616617830000,44875,107427,152302
1616618130000,44996,107397,152393
1616618430000,44985,107418,152403
1616618730000,44860,107351,152211
1616619030000,44710,107075,151785
1616619330000,44726,106807,151533
1616619630000,44549,106601,151150
1616619930000,44322,106118,150440
1616620230000,44179,105781,149960
1616620530000,44052,105713,149765
1616620830000,44020,105493,149513
1616621130000,43958,105159,149117
1616621430000,43895,104804,148699
1616621730000,43873,104356,148229
1616622029000,43724,103950,147674
1616622330000,43513,103365,146878
1616622630000,43394,103281,146675
1616622930000,43319,102972,146291
1616623229000,43076,102406,145482
1616623530000,42807,102019,144826
1616623830000,42661,101849,144510
1616624130000,42571,101171,143742
1616624430000,42477,101021,143498
1616624730000,42337,100663,143000
1616625030000,42253,100691,142944
1616625330000,42085,100384,142469
1616625630000,41917,100223,142140
1616625930000,41825,99992,141817
1616626230000,41764,99857,141621
1616626530000,41646,99443,141089
1616626830000,41487,98935,140422
1616627130000,41439,98658,140097
1616627430000,41239,98118,139357
1616627730000,41062,98205,139267
1616628030000,41042,97908,138950
1616628330000,40966,97516,138482
1616628630000,40897,97128,138025
1616628930000,40844,97099,137943
1616629230000,40890,97160,138050
1616629529000,40783,96453,137236
1616629830000,40760,96787,137547
1616630130000,40798,96738,137536
1616630430000,40657,96432,137089
1616630730000,41044,96361,137405
1616631030000,41038,96175,137213
1616631330000,41087,96262,137349
1616631630000,41065,96183,137248
1616631930000,41157,96086,137243
1616632230000,41105,96321,137426
1616632530000,41152,96157,137309
1616632830000,40986,96575,137561
1616633130000,41058,96342,137400
1616633429000,41055,96499,137554
1616633730000,40932,96458,137390
1616634031000,40923,96690,137613
1616634330000,40787,96616,137403
1616634630000,40700,96598,137298
1616634930000,39229,96514,135743
1616635230000,39129,96612,135741
1616635530000,38958,96653,135611
1616635830000,38673,96716,135389
1616636129000,38512,96549,135061
1616636430000,38142,95966,134108
1616636729000,37987,96135,134122
1616637030000,37886,96013,133899
1616637330000,37673,95882,133555
1616637630000,37395,95653,133048
1616637930000,37127,94655,131782
1616638230000,36717,94495,131212
1616638530000,36502,94350,130852
1616638830000,36362,94163,130525
1616639130000,36078,93711,129789
1616639429000,35888,93746,129634
1616639730000,35648,93053,128701
1616640030000,35418,92563,127981
1616640330000,35251,92092,127343
1616640630000,34925,91718,126643
1616640930000,34619,90973,125592
1616641230000,34273,90116,124389
1616641530000,33930,89214,123144
1616641830000,33599,87835,121434
1616642129000,33191,87251,120442
1616642430000,32856,86823,119679
1616642730000,32598,86015,118613
1616643029000,32337,85004,117341
1616643330000,32079,84191,116270
1616643630000,31842,83962,115804
1616643930000,31556,83579,115135
1616644230000,31261,82847,114108
1616644530000,30850,82067,112917
1616644830000,30518,81038,111556
1616645130000,30192,79866,110058
1616645429000,29921,78930,108851
1616645730000,29588,78112,107700
1616646030000,29237,77344,106581
1616646330000,28912,76466,105378
1616646630000,28654,75564,104218
1616646930000,28370,74462,102832
1616647230000,28193,73977,102170
1616647530000,27896,73369,101265
1616647830000,27594,72487,100081
1616648129000,27272,71777,99049
1616648430000,26911,70671,97582
1616648730000,26602,69882,96484
1616649029000,26311,69187,95498
1616649330000,25983,68308,94291
1616649629000,25668,67799,93467
1616649930000,25294,66762,92056
1616650230000,25033,66188,91221
1616650530000,24845,65401,90246
1616650830000,24622,64488,89110
1616651130000,24384,63709,88093
1616651429000,24161,63211,87372
1616651729000,23971,62253,86224
1616652030000,23804,61458,85262
1616652330000,23424,60528,83952
1616652630000,23265,59929,83194
1616652930000,23252,58884,82136
1616653230000,23108,58471,81579
1616653530000,22917,57621,80538
1616653830000,22713,57248,79961
1616654130000,22534,56509,79043
1616654430000,22395,55851,78246
1616654730000,22221,55478,77699
1616655030000,21860,55109,76969
1616655330000,21795,54760,76555
1616655630000,22795,54318,77113
1616655930000,20277,53741,74018
1616656230000,20048,53563,73611
1616656532000,19827,53334,73161
1616656830000,19406,52899,72305
1616657130000,19352,53577,72929
1616657430000,19391,54327,73718
1616657730000,19703,53620,73323
1616658030000,19655,53709,73364
1616658330000,19470,53465,72935
1616658630000,19891,53202,73093
1616658930000,20482,53020,73502
1616659229000,20534,52810,73344
1616659530000,20500,51965,72465
1616659830000,21563,52582,74145
1616660130000,20828,52530,73358
1616660430000,20949,52249,73198
1616660734000,4806,3786,8592
1616661030000,22036,52273,74309
1616661330000,22110,52256,74366
1616661630000,22278,52282,74560
1616661930000,22408,52260,74668
1616662229000,22528,52471,74999
1616662530000,22633,52267,74900
1616662830000,22704,52673,75377
1616663130000,22827,52815,75642
1616663430000,22779,53146,75925
1616663730000,22995,53190,76185
1616664029000,23179,53534,76713
1616664329000,23390,53435,76825
1616664630000,23540,53845,77385
1616664930000,23569,53870,77439
1616665230000,23788,54160,77948
1616665530000,23977,54423,78400
1616665830000,24155,54746,78901
1616666130000,24378,54734,79112
1616666430000,24467,54241,78708
1616666730000,24495,53314,77809
1616667030000,24551,53236,77787
1616667330000,24516,53256,77772
1616667630000,24607,53215,77822
1616667930000,24668,53408,78076
1616668230000,24642,53100,77742
1616668530000,24633,52996,77629
1616668830000,24548,52515,77063
1616669130000,24353,51749,76102
1616669430000,21840,50414,72254
1616669729000,20879,47183,68062
1616670030000,17373,32638,50011
1616670331000,0,0,0
1616670630000,0,0,0
1616670930000,0,0,0
1616671230000,0,0,0
1616671530000,0,0,0
1616671830000,0,0,0
1616672130000,0,0,0
1616672430000,0,0,0
1616672730000,0,0,0
1616673030000,13,11952,11965
1616673330000,4246,22443,26689
1616673631000,7339,29728,37067
1616673930000,9822,35634,45456
1616674230000,11924,40686,52610
1616674530000,13703,44712,58415
1616674830000,15241,48676,63917
1616675130000,17219,51449,68668
1616675429000,18359,53786,72145
1616675730000,20515,55965,76480
1616676030000,21941,57733,79674
1616676330000,22789,59426,82215
1616676630000,23646,61413,85059
1616676930000,24564,62776,87340
1616677230000,25508,64173,89681
1616677529000,26416,65399,91815
1616677830000,27258,66734,93992
1616678130000,27947,67977,95924
1616678430000,28359,69293,97652
1616678730000,28883,70530,99413
1616679030000,29650,71213,100863
1616679330000,30111,72328,102439
1616679630000,30778,73217,103995
1616679930000,31328,74193,105521
1616680230000,32036,75111,107147
1616680530000,32551,76118,108669
1616680830000,33020,76614,109634
1616681129000,33547,77543,111090
1616681430000,34009,78611,112620
1616681730000,34254,79538,113792
1616682030000,34647,80306,114953
1616682330000,34242,81218,115460
1616682630000,34453,81627,116080
1616682930000,34844,82079,116923
1616683230000,35186,82587,117773
1616683530000,35415,83119,118534
1616683830000,35676,83633,119309
1616684130000,35933,84010,119943
1616684430000,36003,84660,120663
1616684730000,36097,85203,121300
1616685030000,36362,85870,122232
1616685330000,36652,86230,122882
1616685630000,36863,86649,123512
1616685930000,37013,86934,123947
1616686231000,37267,87751,125018
1616686530000,37383,87932,125315
1616686830000,37608,88203,125811
1616687130000,37816,88565,126381
1616687430000,38108,89118,127226
1616687730000,38091,89313,127404
1616688030000,38285,89328,127613
1616688330000,38437,89622,128059
1616688630000,38615,90146,128761
1616688930000,38687,90110,128797
1616689230000,38779,90184,128963
1616689530000,39030,90435,129465
1616689830000,39076,90699,129775
1616690130000,39000,90943,129943
1616690430000,39257,91246,130503
1616690729000,39373,91638,131011
1616691030000,39538,91635,131173
1616691330000,39628,91667,131295
1616691630000,39728,91754,131482
1616691930000,39768,92086,131854
1616692230000,39838,92273,132111
1616692530000,40093,92582,132675
1616692830000,40345,92716,133061
1616693130000,40684,92855,133539
1616693430000,41041,93403,134444
1616693730000,41407,93800,135207
1616694030000,41796,94183,135979
1616694330000,42067,94584,136651
1616694630000,42248,94782,137030
1616694930000,42512,95115,137627
1616695230000,42694,95311,138005
1616695530000,42950,95770,138720
1616695830000,43149,96247,139396
1616696129000,43481,96688,140169
1616696430000,42575,97187,139762
1616696730000,42645,97498,140143
1616697030000,42272,97913,140185
1616697330000,42756,98369,141125
1616697630000,42977,98763,141740
1616697930000,42999,99327,142326
1616698230000,44058,99677,143735
1616698530000,44298,99929,144227
1616698830000,44406,98591,142997
1616699130000,45641,99056,144697
1616699430000,43613,100107,143720
1616699730000,43780,101658,145438
1616700030000,43916,102259,146175
1616700330000,43930,102501,146431
1616700630000,43970,102668,146638
1616700930000,44023,102954,146977
1616701230000,44015,103471,147486
1616701530000,44076,103837,147913
1616701830000,44052,104245,148297
1616702129000,44089,104340,148429
1616702429000,44150,104589,148739
1616702730000,44222,104561,148783
1616703030000,44230,104922,149152
1616703330000,44351,105080,149431
1616703630000,44456,105488,149944
1616703930000,44611,105943,150554
1616704229000,44621,105829,150450
1616704530000,44640,105943,150583
1616704829000,44628,106438,151066
1616705130000,44516,106525,151041
1616705430000,44331,106445,150776
1616705730000,44297,106097,150394
1616706030000,44218,105170,149388
1616706330000,44003,104909,148912
1616706630000,43949,104588,148537
1616706930000,43823,104393,148216
1616707230000,43725,104354,148079
1616707529000,43639,104339,147978
1616707830000,43491,103804,147295
1616708130000,43415,103480,146895
1616708429000,43479,103104,146583
1616708730000,43374,102886,146260
1616709030000,43250,102712,145962
1616709330000,43126,102139,145265
1616709630000,42873,101714,144587
1616709930000,42647,101247,143894
1616710230000,42471,100676,143147
1616710530000,42427,100006,142433
1616710830000,42229,99733,141962
1616711130000,42062,99514,141576
1616711430000,41981,98736,140717
1616711729000,41825,98557,140382
1616712030000,41651,98702,140353
1616712329000,41600,98755,140355
1616712629000,41500,98386,139886
1616712930000,41496,98105,139601
1616713230000,41254,97682,138936
1616713530000,41102,97247,138349
1616713830000,41028,96873,137901
1616714130000,40961,96388,137349
1616714430000,40862,96213,137075
1616714730000,40750,95957,136707
1616715030000,40601,95571,136172
1616715330000,40553,95212,135765
1616715630000,40380,95054,135434
1616715929000,40385,94913,135298
1616716230000,40355,94756,135111
1616716529000,40333,94561,134894
1616716830000,40309,94141,134450
1616717130000,39877,93020,132897
1616717431000,40129,93312,133441
1616717730000,40257,93600,133857
1616718030000,40174,94192,134366
1616718330000,39696,93350,133046
1616718630000,39888,94115,134003
1616718929000,39812,94417,134229
1616719230000,39698,94889,134587
1616719530000,39648,94895,134543
1616719829000,39605,94983,134588
1616720129000,39469,95057,134526
1616720430000,39346,94944,134290
1616720730000,39301,94745,134046
1616721030000,39102,94568,133670
1616721330000,39019,94674,133693
1616721630000,38893,94992,133885
1616721930000,38707,94727,133434
1616722230000,38401,94736,133137
1616722530000,38255,94625,132880
1616722830000,38046,94653,132699
1616723130000,37938,94684,132622
1616723430000,37754,94381,132135
1616723730000,37559,94312,131871
1616724029000,37445,94146,131591
1616724330000,37196,93629,130825
1616724630000,36930,93760,130690
1616724930000,36573,93370,129943
1616725230000,36339,92987,129326
1616725530000,36028,92688,128716
1616725829000,35715,92188,127903
1616726130000,35408,91686,127094
1616726430000,35257,90951,126208
1616726730000,34999,90531,125530
1616727030000,34687,89985,124672
1616727330000,34342,89715,124057
1616727630000,34159,89051,123210
1616727930000,33812,88556,122368
1616728230000,33481,88090,121571
1616728529000,33214,87504,120718
1616728829000,32975,86968,119943
1616729130000,32665,86047,118712
1616729430000,32388,85461,117849
1616729730000,32081,84601,116682
1616730030000,31719,83118,114837
1616730330000,31504,82665,114169
1616730630000,31294,82023,113317
1616730929000,30869,81072,111941
1616731229000,30574,80246,110820
1616731530000,30195,79257,109452
1616731830000,29778,78406,108184
1616732130000,29380,77546,106926
1616732429000,29063,76912,105975
1616732730000,28772,75332,104104
1616733030000,28471,74906,103377
1616733330000,28105,74238,102343
1616733630000,27842,73572,101414
1616733930000,27634,72660,100294
1616734230000,27367,71973,99340
1616734530000,27023,71178,98201
1616734830000,26701,70621,97322
1616735130000,26227,69660,95887
1616735430000,25967,68892,94859
1616735730000,25683,68101,93784
1616736030000,25377,67291,92668
1616736330000,25172,66521,91693
1616736630000,24791,65840,90631
1616736930000,24616,65070,89686
1616737229000,24409,64317,88726
1616737530000,24237,63687,87924
1616737830000,24005,63029,87034
1616738130000,23829,62477,86306
1616738430000,23611,61567,85178
1616738730000,23441,60678,84119
1616739029000,23211,59923,83134
1616739330000,23186,59206,82392
1616739629000,23027,58631,81658
1616739930000,22930,57999,80929
1616740230000,22817,57261,80078
1616740530000,22664,56513,79177
1616740829000,22490,55876,78366
1616741129000,21902,55383,77285
1616741430000,21828,54809,76637
1616741730000,21814,54517,76331
1616742030000,21874,54051,75925
1616742330000,20512,53588,74100
1616742630000,20828,53388,74216
1616742930000,21601,53048,74649
1616743230000,19696,52509,72205
1616743529000,19858,52294,72152
1616743830000,19758,51992,71750
1616744129000,19510,53040,72550
1616744430000,20434,53336,73770
1616744730000,20345,53009,73354
1616745030000,20826,52631,73457
1616745330000,21441,52498,73939
1616745630000,21354,51793,73147
1616745930000,21424,51538,72962
1616746230000,21523,51510,73033
1616746529000,21651,51260,72911
1616746829000,21906,51267,73173
1616747130000,22135,51186,73321
1616747430000,22292,51265,73557
1616747730000,22441,51631,74072
1616748030000,22575,51570,74145
1616748330000,22685,51573,74258
1616748630000,22895,51670,74565
1616748929000,23089,51711,74800
1616749230000,23134,51731,74865
1616749530000,23229,51873,75102
1616749830000,23455,51943,75398
1616750130000,23643,52119,75762
1616750430000,22969,52219,75188
1616750730000,23189,52379,75568
1616751030000,23273,52635,75908
1616751329000,23416,52786,76202
1616751630000,22909,52890,75799
1616751930000,22962,52887,75849
1616752230000,23577,53260,76837
1616752530000,23791,53416,77207
1616752830000,23975,53444,77419
1616753130000,24187,53530,77717
1616753429000,24308,53969,78277
1616753730000,24528,54053,78581
1616754030000,24688,54193,78881
1616754330000,24633,54476,79109
1616754630000,24837,54482,79319
1616754930000,24974,54775,79749
1616755230000,25373,54883,80256
1616755530000,25526,55052,80578
1616755830000,25629,55719,81348
1616756130000,25757,55819,81576
1616756430000,25837,55713,81550
1616756730000,26041,55951,81992
1616757030000,26177,56587,82764
1616757330000,26418,57174,83592
1616757630000,26598,57729,84327
1616757930000,26833,58059,84892
1616758230000,26884,58500,85384
1616758530000,26890,59139,86029
1616758830000,27169,59568,86737
1616759130000,27440,60135,87575
1616759430000,27664,60754,88418
1616759730000,28013,61362,89375
1616760030000,28240,61681,89921
1616760330000,28530,61919,90449
1616760631000,28896,62400,91296
1616760930000,29021,63111,92132
1616761230000,29349,63925,93274
1616761530000,29682,64731,94413
1616761830000,30019,65149,95168
1616762129000,30298,65992,96290
1616762430000,30676,66942,97618
1616762730000,30883,67330,98213
1616763030000,31254,67982,99236
1616763330000,31518,68741,100259
1616763630000,31825,69485,101310
1616763930000,32118,70197,102315
1616764230000,32494,71058,103552
1616764530000,32857,72057,104914
1616764830000,31535,73135,104670
1616765129000,31776,73569,105345
1616765430000,32090,74254,106344
1616765730000,32393,75016,107409
1616766030000,32825,75790,108615
1616766330000,33178,76640,109818
1616766630000,33494,77419,110913
1616766930000,33777,78028,111805
1616767229000,34103,78390,112493
1616767529000,34433,79191,113624
1616767830000,34739,79625,114364
1616768130000,35068,80302,115370
1616768430000,35320,80909,116229
1616768730000,35662,81599,117261
1616769030000,35959,82182,118141
1616769329000,36266,82645,118911
1616769630000,36507,82864,119371
1616769930000,36642,83588,120230
1616770230000,37035,83871,120906
1616770530000,37216,83677,120893
1616770830000,37455,84609,122064
1616771130000,37599,84764,122363
1616771430000,37862,84999,122861
1616771730000,38033,85853,123886
1616772030000,38355,86257,124612
1616772330000,38422,86888,125310
1616772630000,36729,87068,123797
1616772930000,37052,87486,124538
1616773229000,37328,88332,125660
1616773530000,37598,88524,126122
1616773830000,37760,88879,126639
1616774130000,37953,88907,126860
1616774430000,38339,89132,127471
1616774730000,38353,88928,127281
1616775030000,38505,89202,127707
1616775330000,38661,89926,128587
1616775630000,38857,89334,128191
1616775930000,39192,89563,128755
1616776229000,39411,89607,129018
1616776530000,39621,89841,129462
1616776830000,39773,90101,129874
1616777130000,39997,90256,130253
1616777430000,40133,90628,130761
1616777730000,40233,90502,130735
1616778029000,40290,90574,130864
1616778330000,40414,90450,130864
1616778630000,40594,90768,131362
1616778929000,40784,90998,131782
1616779229000,41079,91203,132282
1616779530000,41181,91611,132792
1616779829000,41249,92032,133281
1616780130000,39331,92219,131550
1616780430000,39621,92687,132308
1616780730000,39712,93032,132744
1616781030000,40053,93334,133387
1616781330000,40304,93357,133661
1616781630000,40547,93520,134067
1616781930000,40899,94002,134901
1616782230000,41083,94149,135232
1616782530000,41383,94494,135877
1616782830000,41525,94761,136286
1616783130000,41837,94870,136707
1616783430000,41993,95132,137125
1616783730000,42152,95701,137853
1616784030000,42420,95816,138236
1616784329000,42546,96590,139136
1616784630000,42708,96875,139583
1616784930000,42971,97280,140251
1616785230000,42758,95674,138432
1616785530000,41421,95999,137420
1616785829000,41695,96874,138569
1616786129000,43069,98341,141410
1616786430000,41816,99280,141096
1616786730000,42401,99667,142068
1616787030000,42248,100036,142284
1616787330000,42672,100115,142787
1616787630000,42722,100427,143149
1616787930000,44656,100737,145393
1616788230000,44957,101167,146124
1616788530000,45158,101443,146601
1616788830000,45281,101406,146687
1616789129000,45436,101406,146842
1616789430000,45567,101713,147280
1616789730000,45757,101902,147659
1616790030000,45788,102132,147920
1616790330000,45932,102418,148350
1616790630000,45944,102684,148628
1616790930000,46039,102453,148492
1616791230000,46083,102279,148362
1616791530000,46144,102224,148368
1616791830000,46171,102387,148558
1616792130000,46158,102422,148580
1616792430000,46071,102323,148394
1616792730000,46084,102125,148209
1616793030000,46141,102082,148223
1616793330000,43202,101887,145089
1616793630000,43231,101888,145119
1616793930000,43240,101921,145161
1616794230000,43058,101441,144499
1616794530000,42970,101362,144332
1616794829000,42882,100998,143880
1616795130000,42773,100976,143749
1616795430000,42654,100531,143185
1616795730000,42576,100260,142836
1616796029000,42303,99978,142281
1616796330000,42413,99595,142008
1616796630000,42302,99308,141610
1616796930000,42231,98931,141162
1616797230000,42145,98685,140830
1616797530000,42005,98437,140442
1616797830000,41896,98135,140031
1616798129000,41690,97720,139410
1616798429000,41543,97398,138941
1616798729000,41423,97221,138644
1616799030000,41211,97087,138298
1616799330000,41104,96911,138015
1616799630000,40963,96739,137702
1616799930000,40768,95884,136652
1616800229000,40707,95743,136450
1616800530000,40671,95083,135754
1616800830000,40603,94933,135536
1616801130000,40409,94480,134889
1616801430000,40192,94206,134398
1616801730000,40022,93694,133716
1616802030000,40058,93691,133749
1616802330000,39966,93548,133514
1616802630000,40043,93228,133271
1616802929000,40007,93011,133018
1616803229000,40010,92756,132766
1616803530000,40283,92561,132844
1616803830000,40217,92507,132724
1616804130000,40159,92262,132421
1616804430000,40076,92173,132249
1616804730000,39975,91812,131787
1616805030000,39935,91775,131710
1616805329000,39755,91801,131556
1616805629000,39577,91739,131316
1616805930000,39377,91815,131192
1616806230000,39268,91736,131004
1616806530000,39101,91846,130947
1616806830000,39054,91678,130732
1616807130000,38997,91366,130363
1616807430000,38819,91356,130175
1616807730000,38670,91508,130178
1616808030000,38360,91502,129862
1616808330000,38290,91414,129704
1616808629000,38177,91569,129746
1616808930000,37912,91473,129385
1616809229000,37916,91601,129517
1616809530000,37746,91626,129372
1616809830000,37593,91730,129323
1616810129000,37352,91532,128884
1616810430000,37211,91457,128668
1616810730000,37052,91273,128325
1616811029000,37009,91020,128029
1616811330000,36697,90997,127694
1616811630000,36436,90859,127295
1616811930000,36280,90549,126829
1616812230000,36189,90516,126705
1616812530000,35958,90403,126361
1616812829000,35751,90149,125900
1616813129000,35541,89661,125202
1616813429000,35368,89387,124755
1616813730000,35210,88968,124178
1616814030000,34959,88670,123629
1616814330000,34778,88234,123012
1616814630000,34420,87782,122202
1616814929000,34247,87181,121428
1616815230000,33970,86810,120780
1616815530000,33745,86421,120166
1616815830000,33540,85952,119492
1616816130000,33201,85456,118657
1616816430000,32988,85024,118012
1616816730000,32709,84585,117294
1616817029000,32488,84143,116631
1616817330000,32140,83458,115598
1616817630000,31839,82874,114713
1616817929000,31494,82077,113571
1616818229000,31281,81470,112751
1616818530000,30995,80468,111463
1616818830000,30685,80019,110704
1616819130000,30365,79225,109590
1616819430000,30076,78546,108622
1616819730000,29814,77647,107461
1616820029000,29654,77007,106661
1616820330000,29366,76307,105673
1616820629000,28995,75533,104528
1616820930000,28582,74836,103418
1616821230000,28291,74062,102353
1616821530000,28068,73197,101265
1616821830000,27695,72414,100109
1616822130000,27471,71512,98983
1616822430000,27171,70937,98108
1616822730000,26866,70188,97054
1616823030000,26556,69571,96127
1616823330000,26402,68511,94913
1616823630000,26095,67751,93846
1616823930000,26043,67129,93172
1616824230000,25876,66273,92149
1616824530000,25608,65295,90903
1616824829000,25367,64628,89995
1616825130000,25102,63620,88722
1616825430000,24988,62922,87910
1616825729000,24815,61735,86550
1616826030000,24653,60978,85631
1616826330000,24548,60183,84731
1616826630000,24401,59409,83810
1616826930000,24242,58590,82832
1616827230000,24200,58043,82243
1616827530000,23957,57317,81274
1616827830000,23812,56493,80305
1616828129000,23641,55865,79506
1616828429000,22280,55348,77628
1616828730000,21862,55014,76876
1616829030000,21836,54645,76481
1616829330000,22858,54205,77063
1616829629000,21084,53671,74755
1616829929000,21271,53389,74660
1616830230000,21144,53076,74220
1616830530000,22107,53835,75942
1616830829000,22135,54095,76230
1616831130000,22135,53655,75790
1616831430000,22110,53475,75585
1616831729000,21972,53047,75019
1616832029000,21987,52857,74844
1616832330000,21924,52523,74447
1616832630000,21633,52297,73930
1616832929000,21620,52022,73642
1616833229000,21724,51874,73598
1616833530000,21708,51897,73605
1616833830000,21639,51811,73450
1616834130000,21577,51802,73379
1616834429000,21700,51946,73646
1616834729000,21689,51823,73512
1616835030000,21591,52151,73742
1616835330000,21702,52130,73832
1616835630000,21779,52683,74462
1616835929000,21824,52778,74602
1616836230000,21830,52846,74676
1616836530000,21925,52922,74847
1616836830000,22045,53143,75188
1616837130000,22127,53239,75366
1616837430000,22306,53448,75754
1616837730000,22545,53478,76023
1616838030000,22640,53808,76448
1616838330000,22912,54202,77114
1616838630000,23046,54311,77357
1616838930000,23259,54332,77591
1616839229000,23386,54446,77832
1616839530000,23452,54622,78074
1616839829000,23691,54809,78500
1616840129000,23903,54852,78755
1616840430000,24067,54449,78516
1616840730000,24289,55082,79371
1616841030000,24386,55147,79533
1616841329000,24550,55174,79724
1616841630000,24785,55436,80221
1616841930000,25007,55861,80868
1616842230000,25156,56027,81183
1616842530000,25318,56381,81699
1616842830000,25425,56678,82103
1616843201000,25623,57191,82814
1616843430000,25782,57494,83276
1616843730000,25997,57606,83603
1616844030000,26102,58394,84496
1616844332000,26456,58882,85338
1616844629000,26575,59502,86077
1616844929000,26678,59901,86579
1616845230000,26844,60250,87094
1616845530000,27071,60686,87757
1616845830000,27188,61512,88700
1616846129000,27422,61991,89413
1616846430000,27691,62189,89880
1616846730000,27948,62826,90774
1616847030000,28225,63388,91613
1616847330000,28333,63922,92255
1616847630000,28575,64608,93183
1616847929000,28825,66505,95330
1616848229000,29184,65656,94840
1616848529000,29532,66202,95734
1616848830000,29924,67265,97189
1616849129000,30170,68018,98188
1616849430000,30385,68753,99138
1616849730000,30650,69090,99740
1616850030000,30926,69676,100602
1616850330000,31220,70379,101599
1616850629000,31656,71039,102695
1616850930000,31940,71536,103476
1616851230000,32209,72385,104594
1616851530000,32491,72967,105458
1616851830000,32806,73621,106427
1616852130000,32961,74088,107049
1616852430000,33264,75131,108395
1616852730000,33475,75602,109077
1616853030000,33830,76489,110319
1616853330000,34086,77093,111179
1616853629000,34358,77436,111794
1616853930000,34626,78445,113071
1616854230000,34739,79056,113795
1616854530000,34878,79522,114400
1616854829000,35042,80314,115356
1616855129000,35377,81120,116497
1616855430000,35611,81865,117476
1616855729000,35858,82632,118490
1616856030000,36141,83285,119426
1616856330000,36408,83740,120148
1616856629000,36656,84442,121098
1616856930000,36856,85063,121919
1616857230000,37017,85573,122590
1616857530000,37225,86209,123434
1616857830000,37435,86851,124286
1616858130000,36946,87536,124482
1616858430000,37196,88054,125250
1616858730000,37381,88419,125800
1616859030000,37594,88986,126580
1616859330000,37814,89414,127228
1616859630000,38057,89627,127684
1616859930000,38223,90043,128266
1616860230000,38318,90595,128913
1616860530000,38557,90702,129259
1616860830000,38772,90901,129673
1616861130000,38884,90931,129815
1616861430000,38929,91623,130552
1616861730000,39165,92101,131266
1616862030000,39330,92421,131751
1616862329000,39397,91769,131166
1616862630000,39535,92439,131974
1616862930000,39639,92805,132444
1616863229000,39732,93310,133042
1616863530000,39852,93531,133383
1616863830000,40006,93763,133769
1616864130000,40030,93764,133794
1616864429000,40115,93567,133682
1616864729000,40148,93689,133837
1616865029000,40181,93692,133873
1616865329000,40269,93751,134020
1616865630000,40318,94046,134364
1616865930000,40442,94036,134478
1616866229000,39155,94810,133965
1616866529000,39445,94285,133730
1616866829000,39714,94639,134353
1616867130000,39564,94916,134480
1616867430000,40486,95609,136095
1616867730000,40685,95843,136528
1616868030000,40723,96051,136774
1616868330000,41845,96660,138505
1616868630000,41980,96334,138314
1616868929000,42079,96522,138601
1616869230000,42173,96675,138848
1616869530000,42140,96730,138870
1616869829000,42236,95732,137968
1616870130000,42366,96036,138402
1616870430000,42393,96352,138745
1616870730000,42561,96229,138790
1616871030000,42628,96321,138949
1616871329000,42642,96848,139490
1616871630000,42751,95334,138085
1616871930000,42759,95572,138331
1616872229000,42827,96367,139194
1616872529000,42909,97827,140736
1616872830000,42911,98207,141118
1616873129000,43038,98708,141746
1616873429000,43182,99202,142384
1616873730000,43293,99492,142785
1616874030000,43333,100004,143337
1616874329000,43538,100157,143695
1616874630000,43674,100575,144249
1616874930000,43807,100766,144573
1616875230000,43846,101288,145134
1616875530000,43940,101747,145687
1616875829000,44028,101724,145752
1616876129000,44179,101935,146114
1616876429000,44154,102190,146344
1616876729000,44411,102294,146705
1616877029000,44403,102288,146691
1616877330000,44493,102368,146861
1616877629000,44423,102509,146932
1616877929000,44454,102498,146952
1616878229000,44285,102572,146857
1616878529000,44310,102336,146646
1616878830000,44315,102330,146645
1616879130000,44185,102092,146277
1616879430000,44216,101888,146104
1616879729000,44215,102202,146417
1616880029000,44112,102032,146144
1616880330000,44067,101821,145888
1616880630000,44051,100981,145032
1616880930000,44054,100750,144804
1616881230000,44047,100797,144844
1616881530000,43911,100666,144577
1616881829000,43931,100654,144585
1616882130000,43807,100574,144381
1616882430000,43795,100493,144288
1616882730000,43694,100288,143982
1616883029000,43486,99852,143338
1616883329000,43376,99753,143129
1616883630000,43203,99610,142813
1616883930000,43149,99396,142545
1616884230000,42974,99046,142020
1616884530000,42966,98550,141516
1616884829000,42729,98442,141171
1616885130000,42699,97923,140622
1616885430000,42652,97828,140480
1616885730000,42462,97717,140179
1616886029000,42289,97027,139316
1616886329000,42083,96393,138476
1616886631000,41842,96323,138165
1616886929000,41673,96192,137865
1616887230000,41527,95967,137494
1616887530000,41411,95560,136971
1616887829000,41220,95191,136411
1616888129000,41135,94940,136075
1616888430000,41023,94851,135874
1616888730000,40923,94833,135756
1616889030000,40849,94700,135549
1616889330000,40828,94251,135079
1616889629000,40758,93895,134653
1616889930000,40898,93787,134685
1616890230000,40927,93643,134570
1616890530000,40846,93123,133969
1616890830000,40642,92737,133379
1616891130000,40500,92808,133308
1616891430000,40377,92703,133080
1616891730000,40251,92549,132800
1616892029000,40237,92369,132606
1616892330000,40098,92034,132132
1616892630000,39879,91511,131390
1616892930000,39714,91517,131231
1616893230000,39531,91486,131017
1616893530000,39404,90911,130315
1616893830000,39168,90932,130100
1616894130000,39051,90534,129585
1616894430000,38808,90397,129205
1616894730000,38638,90283,128921
1616895029000,38397,90272,128669
1616895329000,38177,90417,128594
1616895629000,38001,90630,128631
1616895930000,37800,90723,128523
1616896229000,37491,91006,128497
1616896530000,37359,90783,128142
1616896829000,37239,90769,128008
1616897129000,37036,90261,127297
1616897430000,36855,90013,126868
1616897729000,36595,90305,126900
1616898029000,36415,90288,126703
1616898330000,36313,90224,126537
1616898630000,36188,90128,126316
1616898930000,35986,90045,126031
1616899230000,35861,89841,125702
1616899530000,35702,89658,125360
1616899830000,35471,89537,125008
1616900129000,35324,89087,124411
1616900430000,35153,88824,123977
1616900730000,35041,88164,123205
1616901029000,34828,87656,122484
1616901330000,34651,87810,122461
1616901629000,34271,87483,121754
1616901930000,34313,87084,121397
1616902230000,34117,86693,120810
1616902530000,33912,86500,120412
1616902829000,33634,86015,119649
1616903129000,33457,85210,118667
1616903429000,33252,84592,117844
1616903729000,32959,84238,117197
1616904029000,32749,83807,116556
1616904330000,32375,82814,115189
1616904630000,32107,81926,114033
1616904930000,31815,81183,112998
1616905230000,31560,80517,112077
1616905529000,31275,79889,111164
1616905830000,31007,79296,110303
1616906130000,30632,78454,109086
1616906429000,30372,77681,108053
1616906730000,30202,77359,107561
1616907029000,29922,76557,106479
1616907329000,29617,76232,105849
1616907629000,29449,75269,104718
1616907930000,29120,74650,103770
1616908230000,28857,74217,103074
1616908530000,28590,73705,102295
1616908830000,28265,72632,100897
1616909130000,27968,71715,99683
1616909430000,27741,70915,98656
1616909730000,27393,70182,97575
1616910030000,27159,69454,96613
1616910330000,26946,68629,95575
1616910630000,26730,67832,94562
1616910929000,26546,67282,93828
1616911229000,26306,64353,90659
1616911530000,24696,63710,88406
1616911830000,24405,63367,87772
1616912130000,24914,63391,88305
1616912430000,23454,62288,85742
1616912730000,23192,61775,84967
1616913029000,23075,61304,84379
1616913330000,23348,61864,85212
1616913629000,23288,62270,85558
1616913930000,22688,61332,84020
1616914230000,23982,59363,83345
1616914530000,23903,58510,82413
1616914830000,23762,58386,82148
1616915130000,23718,57774,81492
1616915430000,23729,57460,81189
1616915729000,23630,57112,80742
1616916030000,23463,56580,80043
1616916330000,23397,56307,79704
1616916630000,23260,55955,79215
1616916930000,23277,55893,79170
1616917230000,22944,55454,78398
1616917529000,22935,55152,78087
1616917830000,23018,54709,77727
1616918130000,23127,54675,77802
1616918430000,23118,54493,77611
1616918730000,23194,54182,77376
1616919029000,23126,53825,76951
1616919330000,22957,54083,77040
1616919629000,23116,53757,76873
1616919930000,23198,53338,76536
1616920230000,23385,53303,76688
1616920530000,23452,53515,76967
1616920830000,23556,53257,76813
1616921130000,23508,53462,76970
1616921429000,23613,53434,77047
1616921730000,23712,53358,77070
1616922030000,23929,53538,77467
1616922330000,24141,53479,77620
1616922630000,24011,53778,77789
1616922930000,24072,53790,77862
1616923230000,24269,53804,78073
1616923530000,24443,54118,78561
1616923830000,24476,54414,78890
1616924130000,24613,54415,79028
1616924429000,24726,54612,79338
1616924730000,24982,54733,79715
1616925030000,25203,54694,79897
1616925330000,25389,54982,80371
1616925630000,25519,54999,80518
1616925930000,25741,55521,81262
1616926229000,25890,55667,81557
1616926530000,25978,55727,81705
1616926829000,26254,55883,82137
1616927130000,26369,56102,82471
1616927429000,26571,56546,83117
1616927730000,26661,56922,83583
1616928030000,26771,57032,83803
1616928330000,26867,57266,84133
1616928629000,27101,57527,84628
1616928930000,27381,57544,84925
1616929230000,27443,58152,85595
1616929529000,27533,58343,85876
1616929830000,27389,58942,86331
1616930130000,27555,59253,86808
1616930430000,27736,59929,87665
1616930729000,27967,60323,88290
1616931030000,28200,60883,89083
1616931330000,28375,61597,89972
1616931630000,28478,61804,90282
1616931930000,28681,62264,90945
1616932230000,28925,62862,91787
1616932530000,29063,63513,92576
1616932830000,29392,63976,93368
1616933130000,29587,64647,94234
1616933430000,29678,65236,94914
1616933729000,29714,66214,95928
1616934029000,30111,66745,96856
1616934330000,30544,67376,97920
1616934630000,30784,68039,98823
1616934930000,31008,68790,99798
1616935230000,31431,68976,100407
1616935530000,31686,69860,101546
1616935829000,32014,70774,102788
1616936129000,32277,71569,103846
1616936429000,32579,72227,104806
1616936730000,32895,72710,105605
1616937030000,33197,73455,106652
1616937329000,33495,73982,107477
1616937630000,33833,74797,108630
1616937930000,34163,75812,109975
1616938229000,34349,76567,110916
1616938530000,34631,77229,111860
1616938830000,34884,78132,113016
1616939130000,35092,78983,114075
1616939430000,35373,79666,115039
1616939730000,35713,80439,116152
1616940030000,35988,81037,117025
1616940330000,36323,81703,118026
1616940630000,36562,82469,119031
1616940930000,36836,83416,120252
1616941230000,37272,84481,121753
1616941529000,37516,85203,122719
1616941830000,37666,86160,123826
1616942130000,38039,86954,124993
1616942430000,38306,87430,125736
1616942730000,38527,88366,126893
1616943030000,38817,89042,127859
1616943329000,39156,89693,128849
1616943630000,39404,90146,129550
1616943929000,39707,90841,130548
1616944230000,39909,91748,131657
1616944530000,40102,92869,132971
1616944829000,40237,93424,133661
1616945130000,40389,93759,134148
1616945430000,40660,94733,135393
1616945730000,40878,95031,135909
1616946029000,41091,95618,136709
1616946330000,41314,96167,137481
1616946630000,41643,96715,138358
1616946929000,41720,97031,138751
1616947230000,41728,97388,139116
1616947530000,41694,97091,138785
1616947830000,41871,97191,139062
1616948194000,42584,97305,139889
1616948430000,42088,97567,139655
1616948729000,42303,98050,140353
1616949029000,42560,98346,140906
1616949329000,42797,98634,141431
1616949630000,42966,99514,142480
1616949930000,42194,99514,141708
1616950230000,42260,100374,142634
1616950529000,42411,100945,143356
1616950830000,42705,101174,143879
1616951130000,43123,101403,144526
1616951430000,43132,102345,145477
1616951730000,43833,103052,146885
1616952030000,44016,103301,147317
1616952330000,44458,103603,148061
1616952629000,45497,104222,149719
1616952930000,45743,104621,150364
1616953230000,46025,105441,151466
1616953530000,46076,105544,151620
1616953829000,46247,106164,152411
1616954129000,46225,106544,152769
1616954429000,46329,106430,152759
1616954729000,46532,106701,153233
1616955030000,46576,107893,154469
1616955330000,46764,108877,155641
1616955630000,46768,109288,156056
1616955929000,46909,109318,156227
1616956230000,47084,109619,156703
1616956529000,47262,109602,156864
1616956830000,47463,110061,157524
1616957130000,47450,110540,157990
1616957430000,47669,110693,158362
1616957730000,47761,110990,158751
1616958030000,47733,111560,159293
1616958330000,47827,111965,159792
1616958630000,47857,112430,160287
1616958929000,47917,111974,159891
1616959230000,47966,112313,160279
1616959529000,47963,112497,160460
1616959830000,47928,113038,160966
1616960130000,48050,113014,161064
1616960429000,48096,113107,161203
1616960730000,48061,113118,161179
1616961030000,48056,113364,161420
1616961329000,48061,113517,161578
1616961630000,47905,113406,161311
1616961930000,47855,112144,159999
1616962230000,47854,112179,160033
1616962530000,47804,111938,159742
1616962830000,47641,111845,159486
1616963129000,47492,111636,159128
1616963430000,47335,111546,158881
1616963729000,47143,110779,157922
1616964030000,46955,110526,157481
1616964330000,46776,110215,156991
1616964630000,46636,110224,156860
1616964930000,46455,109588,156043
1616965230000,46271,108968,155239
1616965530000,45830,108557,154387
1616965830000,45651,108125,153776
1616966130000,45496,107879,153375
1616966430000,45349,107509,152858
1616966730000,45122,107244,152366
1616967030000,44964,106887,151851
1616967329000,44720,106294,151014
1616967629000,44577,105950,150527
1616967930000,44356,105402,149758
1616968230000,44109,105089,149198
1616968530000,43751,104545,148296
1616968830000,43460,103781,147241
1616969129000,43316,103104,146420
1616969429000,42983,102525,145508
1616969730000,42724,102031,144755
1616970030000,42479,101620,144099
1616970330000,42261,101063,143324
1616970629000,42024,100749,142773
1616970930000,41845,100444,142289
1616971230000,41798,100045,141843
1616971529000,41556,99611,141167
1616971830000,41439,99227,140666
1616972129000,41293,98810,140103
1616972429000,41127,98182,139309
1616972730000,40809,97673,138482
1616973030000,40587,97227,137814
1616973329000,40378,96973,137351
1616973630000,40221,96752,136973
1616973929000,40083,96328,136411
1616974229000,39997,95991,135988
1616974529000,39903,95478,135381
1616974829000,39879,95336,135215
1616975130000,39830,95240,135070
1616975429000,39703,95101,134804
1616975729000,39677,95057,134734
1616976029000,39669,94746,134415
1616976330000,40074,94420,134494
1616976630000,40136,94275,134411
1616976930000,40092,94516,134608
1616977230000,40014,94660,134674
1616977530000,39801,94446,134247
1616977829000,39713,94585,134298
1616978130000,39576,94591,134167
1616978429000,39367,94660,134027
1616978730000,39341,94861,134202
1616979030000,39299,94694,133993
1616979330000,39198,94649,133847
1616979630000,39035,94708,133743
1616979929000,38857,94733,133590
1616980229000,38786,94832,133618
1616980530000,38626,94726,133352
1616980830000,38571,94945,133516
1616981130000,38369,94932,133301
1616981430000,38129,94727,132856
1616981730000,38066,94463,132529
1616982030000,37978,94330,132308
1616982330000,37772,94203,131975
1616982630000,37543,94088,131631
1616982929000,37467,93786,131253
1616983230000,37276,93479,130755
1616983530000,37061,92968,130029
1616983830000,36881,92567,129448
1616984130000,36611,92170,128781
1616984430000,36350,92186,128536
1616984729000,36224,91831,128055
1616985030000,35955,91589,127544
1616985330000,35707,90782,126489
1616985630000,35397,90311,125708
1616985933000,35087,90040,125127
1616986230000,34770,89550,124320
1616986530000,34518,89052,123570
1616986829000,34244,88289,122533
1616987130000,33826,87829,121655
1616987430000,33516,87119,120635
1616987730000,33265,86556,119821
1616988030000,33129,85901,119030
1616988330000,32760,85418,118178
1616988629000,32297,84563,116860
1616988930000,31979,83897,115876
1616989230000,31732,83041,114773
1616989530000,31422,82553,113975
1616989830000,31100,81939,113039
1616990130000,30825,80980,111805
1616990430000,30500,79983,110483
1616990730000,30035,78723,108758
1616991030000,29777,77802,107579
1616991330000,29477,77095,106572
1616991629000,29183,76332,105515
1616991930000,28904,75439,104343
1616992230000,28660,74600,103260
1616992530000,28399,73794,102193
1616992829000,28147,72950,101097
1616993130000,27920,72241,100161
1616993430000,27622,71331,98953
1616993730000,27403,70434,97837
1616994030000,27174,69572,96746
1616994330000,26805,68517,95322
1616994630000,26441,67714,94155
1616994930000,26234,66869,93103
1616995230000,25852,65680,91532
1616995530000,25590,64803,90393
1616995829000,25388,64406,89794
1616996130000,25140,63378,88518
1616996429000,24903,62849,87752
1616996730000,24785,62431,87216
1616997030000,24600,61579,86179
1616997329000,24340,61193,85533
1616997629000,24117,60585,84702
1616997929000,23800,59814,83614
1616998230000,23654,59378,83032
1616998530000,23684,58866,82550
1616998830000,23510,58337,81847
1616999130000,23386,57975,81361
1616999430000,21935,57517,79452
1616999730000,21758,58205,79963
1617000029000,21756,58425,80181
1617000330000,21589,58396,79985
1617000629000,22585,58025,80610
1617000930000,21296,57836,79132
1617001230000,20963,57745,78708
1617001530000,20873,57320,78193
1617001830000,20848,57233,78081
1617002131000,20747,56947,77694
1617002430000,20732,56641,77373
1617002730000,20837,56432,77269
1617003030000,20810,56320,77130
1617003330000,20714,56051,76765
1617003630000,20813,55979,76792
1617003930000,20886,55993,76879
1617004229000,20937,55906,76843
1617004530000,21002,55708,76710
1617004830000,21028,55445,76473
1617005130000,21270,55231,76501
1617005430000,21403,55066,76469
1617005729000,21558,54756,76314
1617006030000,21716,54660,76376
1617006330000,22016,54512,76528
1617006629000,22198,54549,76747
1617006930000,21471,54621,76092
1617007231000,21506,54667,76173
1617007530000,21667,55064,76731
1617007830000,21712,55131,76843
1617008130000,21718,54956,76674
1617008430000,21852,55170,77022
1617008730000,22052,55046,77098
1617009030000,22161,54905,77066
1617009330000,22286,54875,77161
1617009630000,22429,54643,77072
1617009930000,22625,54681,77306
1617010230000,22605,55240,77845
1617010530000,22639,55150,77789
1617010830000,22489,55441,77930
1617011130000,22035,55368,77403
1617011430000,21799,55481,77280
1617011730000,20688,55480,76168
1617012030000,18548,55519,74067
1617012330000,90,55597,55687
1617012630000,8825,55714,64539
1617012930000,11843,55713,67556
1617013230000,13635,55774,69409
1617013530000,15062,55978,71040
1617013830000,16126,56172,72298
1617014129000,17132,56432,73564
1617014430000,18020,56734,74754
1617014730000,18668,56851,75519
1617015029000,19338,57325,76663
1617015330000,19941,57488,77429
1617015630000,20439,57785,78224
1617015929000,20996,57781,78777
1617016230000,21499,59032,80531
1617016530000,21841,58692,80533
1617016830000,22317,59273,81590
1617017130000,22698,59546,82244
1617017430000,23128,59576,82704
1617017730000,23423,60528,83951
1617018030000,23844,60864,84708
1617018330000,24164,61208,85372
1617018630000,24541,62377,86918
1617018930000,24984,62269,87253
1617019229000,25391,62320,87711
1617019530000,25840,63057,88897
1617019829000,26232,63565,89797
1617020130000,26625,64446,91071
1617020430000,27106,65167,92273
1617020730000,27455,65457,92912
1617021029000,27785,66545,94330
1617021330000,28220,67363,95583
1617021630000,28745,67585,96330
1617021930000,29145,68230,97375
1617022230000,29503,69105,98608
1617022530000,29705,70045,99750
1617022830000,29968,70661,100629
1617023130000,30262,71072,101334
1617023430000,30565,72043,102608
1617023730000,30906,72939,103845
1617024030000,31312,73718,105030
1617024330000,31848,74722,106570
1617024630000,32080,75419,107499
1617024929000,30939,76097,107036
1617025230000,31167,76612,107779
1617025530000,31417,77461,108878
1617025830000,31678,78288,109966
1617026130000,31952,78711,110663
1617026430000,32190,79405,111595
1617026730000,32457,79894,112351
1617027030000,32890,80703,113593
1617027330000,33396,81253,114649
1617027630000,33801,81988,115789
1617027930000,34265,82578,116843
1617028230000,34737,82920,117657
1617028530000,35113,83371,118484
1617028829000,35596,83573,119169
1617029130000,35941,83615,119556
1617029430000,36333,84151,120484
1617029730000,36581,84746,121327
1617030030000,36878,85028,121906
1617030330000,37157,85482,122639
1617030630000,37475,86311,123786
1617030930000,37818,86662,124480
1617031229000,38104,87089,125193
1617031530000,38429,87525,125954
1617031830000,38691,87611,126302
1617032129000,38814,88001,126815
1617032430000,38903,88514,127417
1617032730000,39263,88964,128227
1617033030000,39407,89574,128981
1617033330000,39689,89638,129327
1617033630000,39849,89758,129607
1617033930000,39917,89219,129136
1617034230000,40167,89475,129642
1617034530000,40337,89731,130068
1617034830000,38626,90358,128984
1617035130000,39022,90761,129783
1617035430000,39304,91190,130494
1617035730000,39627,91512,131139
1617036030000,39947,91891,131838
1617036330000,40263,92146,132409
1617036630000,40371,92600,132971
1617036930000,40705,92905,133610
1617037230000,41082,92965,134047
1617037530000,41465,93378,134843
1617037830000,41812,93636,135448
1617038130000,42174,93933,136107
1617038430000,40917,94571,135488
1617038730000,41022,95065,136087
1617039029000,41240,95034,136274
1617039330000,41392,95593,136985
1617039630000,41589,96409,137998
1617039930000,41690,96703,138393
1617040229000,41899,97271,139170
1617040530000,42054,97579,139633
1617040829000,42167,96000,138167
1617041130000,42298,96120,138418
1617041429000,42471,97570,140041
1617041729000,42573,99391,141964
1617042030000,42654,99441,142095
1617042330000,42806,100235,143041
1617042630000,42935,100421,143356
1617042930000,43054,99941,142995
1617043230000,43379,100801,144180
1617043530000,43472,101221,144693
1617043830000,43680,101832,145512
1617044130000,43799,101787,145586
1617044430000,43929,102393,146322
1617044730000,43992,102706,146698
1617045030000,44241,103200,147441
1617045330000,44371,103594,147965
1617045629000,44496,104040,148536
1617045930000,44630,104071,148701
1617046229000,44525,100458,144983
1617046530000,44323,100884,145207
1617046829000,44313,100901,145214
1617047130000,44338,101074,145412
1617047430000,44318,101059,145377
1617047730000,44321,100497,144818
1617048030000,44264,100147,144411
1617048330000,44228,99671,143899
1617048630000,44012,99676,143688
1617048930000,43924,100225,144149
1617049230000,43859,99783,143642
1617049530000,43704,99180,142884
1617049829000,43601,99515,143116
1617050130000,43508,99486,142994
1617050430000,43372,99452,142824
1617050730000,43241,99209,142450
1617051029000,42938,98537,141475
1617051330000,42829,98651,141480
1617051629000,42651,97837,140488
1617051930000,42330,97710,140040
1617052229000,42189,97217,139406
1617052530000,42028,97003,139031
1617052829000,41984,97074,139058
1617053129000,41884,96541,138425
1617053429000,41660,96493,138153
1617053729000,41407,96463,137870
1617054030000,41315,96447,137762
1617054330000,41197,96116,137313
1617054630000,40987,95945,136932
1617054930000,40798,95684,136482
1617055230000,40492,95228,135720
1617055530000,40222,94746,134968
1617055830000,40103,94702,134805
1617056130000,39945,94178,134123
1617056430000,39754,93487,133241
1617056729000,39610,93075,132685
1617057029000,39376,93197,132573
1617057330000,39497,93109,132606
1617057630000,39436,92702,132138
1617057930000,39305,92773,132078
1617058230000,39177,92732,131909
1617058530000,39109,92748,131857
1617058829000,39070,92868,131938
1617059130000,38970,92650,131620
1617059430000,38818,92606,131424
1617059730000,38610,92577,131187
1617060029000,38498,92565,131063
1617060330000,38347,92277,130624
1617060630000,38258,91943,130201
1617060930000,37835,92015,129850
1617061229000,38002,92111,130113
1617061530000,38125,91918,130043
1617061830000,37862,91999,129861
1617062129000,38158,91959,130117
1617062430000,38109,92153,130262
1617062730000,38678,91854,130532
1617063030000,38830,91998,130828
1617063330000,38762,92190,130952
1617063630000,39090,91887,130977
1617063930000,39108,91862,130970
1617064229000,39000,92216,131216
1617064530000,38977,92332,131309
1617064830000,39084,92647,131731
1617065129000,39042,92987,132029
1617065429000,38714,93369,132083
1617065729000,38851,93171,132022
1617066030000,38749,93465,132214
1617066330000,38428,93491,131919
1617066630000,38297,93726,132023
1617066930000,38168,93584,131752
1617067230000,38029,93477,131506
1617067529000,37986,93631,131617
1617067829000,37824,93553,131377
1617068130000,37669,93538,131207
1617068430000,37390,93722,131112
1617068730000,37314,93731,131045
1617069030000,37206,93574,130780
1617069330000,37228,93347,130575
1617069630000,37003,93188,130191
1617069930000,36746,92878,129624
1617070230000,36416,92583,128999
1617070530000,36050,92431,128481
1617070830000,35863,92135,127998
1617071130000,35709,91843,127552
1617071430000,35442,91455,126897
1617071730000,35094,90993,126087
1617072029000,34951,90628,125579
1617072330000,34792,90338,125130
1617072630000,34564,90032,124596
1617072930000,34246,89364,123610
1617073230000,33903,88625,122528
1617073530000,33567,87831,121398
1617073830000,33281,87158,120439
1617074130000,32960,86575,119535
1617074429000,32644,85915,118559
1617074730000,32408,85120,117528
1617075030000,32086,84338,116424
1617075330000,31724,83616,115340
1617075629000,31463,83095,114558
1617075930000,31189,82421,113610
1617076230000,30801,81829,112630
1617076530000,30449,81066,111515
1617076829000,30179,80487,110666
1617077130000,29691,79375,109066
1617077430000,29273,78504,107777
1617077730000,28930,77834,106764
1617078030000,28552,76943,105495
1617078330000,28213,76209,104422
1617078630000,27792,75568,103360
1617078929000,27489,74708,102197
1617079230000,27188,74017,101205
1617079530000,26941,73299,100240
1617079830000,26669,72474,99143
1617080130000,26458,71618,98076
1617080430000,26171,70601,96772
1617080730000,25823,69759,95582
1617081029000,25581,68889,94470
1617081330000,25363,67897,93260
1617081630000,25132,67231,92363
1617081930000,24979,66359,91338
1617082230000,24786,65477,90263
1617082530000,24551,64575,89126
1617082829000,24384,63882,88266
1617083130000,24248,63187,87435
1617083430000,24054,62425,86479
1617083730000,23897,61673,85570
1617084030000,23692,60859,84551
1617084330000,23437,60320,83757
1617084630000,23292,60126,83418
1617084930000,23158,59582,82740
1617085232000,22985,59017,82002
1617085530000,22942,58620,81562
1617085830000,22827,57875,80702
1617086130000,22834,58829,81663
1617086430000,22866,59224,82090
1617086730000,22842,58620,81462
1617087030000,22834,58084,80918
1617087330000,22916,57755,80671
1617087629000,22954,57498,80452
1617087929000,22825,57115,79940
1617088229000,22646,56779,79425
1617088530000,22671,56353,79024
1617088829000,22664,56217,78881
1617089130000,22743,56245,78988
1617089430000,22779,56035,78814
1617089730000,22856,55755,78611
1617090030000,22847,55550,78397
1617090330000,22908,55454,78362
1617090630000,22986,55357,78343
1617090930000,22919,55155,78074
1617091230000,22851,54691,77542
1617091530000,22924,54508,77432
1617091830000,23033,54323,77356
1617092129000,23159,54160,77319
1617092430000,23254,54232,77486
1617092730000,23365,53887,77252
1617093030000,23509,53902,77411
1617093330000,23652,53928,77580
1617093630000,23795,53996,77791
1617093930000,23957,53896,77853
1617094230000,24034,53789,77823
1617094530000,24130,54466,78596
1617094830000,24254,54587,78841
1617095130000,24281,54433,78714
1617095429000,24084,54504,78588
1617095730000,24076,54413,78489
1617096030000,24230,54588,78818
1617096330000,24273,54776,79049
1617096630000,24417,54646,79063
1617096929000,24513,54601,79114
1617097230000,23069,54748,77817
1617097529000,23035,54499,77534
1617097830000,23145,54601,77746
1617098130000,23130,54615,77745
1617098430000,23107,54471,77578
1617098730000,23072,54236,77308
1617099030000,23132,54607,77739
1617099330000,23233,54645,77878
1617099629000,23297,54675,77972
1617099929000,23614,54785,78399
1617100230000,23829,54947,78776
1617100530000,24070,54945,79015
1617100830000,24182,55192,79374
1617101130000,24390,55546,79936
1617101430000,24429,55625,80054
1617101730000,24679,55785,80464
1617102030000,24763,56417,81180
1617102330000,24837,56681,81518
1617102630000,24943,57107,82050
1617102930000,25104,57580,82684
1617103230000,25332,57546,82878
1617103530000,25421,57554,82975
1617103830000,25658,57375,83033
1617104130000,25916,58736,84652
1617104430000,26143,59263,85406
1617104730000,26253,59707,85960
1617105030000,26168,60415,86583
1617105330000,26397,60576,86973
1617105630000,26596,60912,87508
1617105930000,26929,61364,88293
1617106230000,27222,62034,89256
1617106530000,27649,62649,90298
1617106830000,28005,63681,91686
1617107130000,28427,64314,92741
1617107430000,28959,64837,93796
1617107730000,29294,65470,94764
1617108030000,29556,66262,95818
1617108330000,29978,67052,97030
1617108629000,30404,67635,98039
1617108930000,30744,68153,98897
1617109230000,30998,68739,99737
1617109530000,31346,69375,100721
1617109830000,31755,70024,101779
1617110130000,32059,70096,102155
1617110430000,32311,71712,104023
1617110730000,32677,72324,105001
1617111030000,32975,73029,106004
1617111330000,33143,73850,106993
1617111630000,33542,74715,108257
1617111930000,33926,75363,109289
1617112230000,34164,75766,109930
1617112530000,34442,76033,110475
1617112830000,34736,76776,111512
1617113130000,35030,77312,112342
1617113430000,35254,78310,113564
1617113732000,35570,78706,114276
1617114030000,35844,78831,114675
1617114330000,36030,79088,115118
1617114630000,36219,79949,116168
1617114930000,36524,80678,117202
1617115230000,36790,81191,117981
1617115530000,37146,81708,118854
1617115830000,37460,82123,119583
1617116130000,37561,82554,120115
1617116430000,37856,83102,120958
1617116730000,37985,83109,121094
1617117030000,38127,84023,122150
1617117332000,38336,84677,123013
1617117630000,38643,85252,123895
1617117930000,38885,85647,124532
1617118230000,39024,85952,124976
1617118530000,39232,86426,125658
1617118830000,36821,86829,123650
1617119129000,37064,86781,123845
1617119430000,37180,86949,124129
1617119730000,37319,87152,124471
1617120030000,37538,86815,124353
1617120329000,37807,86583,124390
1617120630000,38181,86813,124994
1617120930000,38504,86867,125371
1617121230000,38847,87111,125958
1617121530000,39043,87065,126108
1617121830000,39306,87532,126838
1617122130000,39577,87571,127148
1617122430000,39844,88039,127883
1617122729000,40129,88185,128314
1617123030000,40455,88499,128954
1617123330000,40648,88849,129497
1617123630000,38860,88819,127679
1617123930000,38862,88886,127748
1617124230000,38975,89304,128279
1617124530000,39106,89912,129018
1617124830000,39435,91132,130567
1617125130000,39648,91491,131139
1617125429000,39841,92030,131871
1617125730000,39932,91875,131807
1617126030000,40088,92314,132402
1617126330000,40308,92836,133144
1617126630000,40427,92704,133131
1617126930000,40479,92824,133303
1617127230000,40691,91493,132184
1617127530000,40811,91644,132455
1617127830000,41032,93406,134438
1617128130000,41209,95022,136231
1617128430000,41348,96233,137581
1617128730000,41598,96672,138270
1617129030000,41758,97064,138822
1617129330000,41807,97359,139166
1617129630000,41974,97573,139547
1617129930000,42131,97617,139748
1617130230000,42463,98202,140665
1617130530000,42609,98617,141226
1617130830000,42680,98819,141499
1617131130000,42852,98827,141679
1617131429000,42926,99582,142508
1617131730000,43010,99956,142966
1617132030000,42995,100549,143544
1617132330000,43073,100837,143910
1617132630000,43026,101221,144247
1617132930000,43174,101563,144737
1617133229000,43116,101478,144594
1617133530000,43257,101779,145036
1617133830000,42925,101829,144754
1617134130000,42944,101930,144874
1617134430000,42916,101805,144721
1617134730000,42802,101546,144348
1617135030000,42785,101389,144174
1617135330000,42635,101634,144269
1617135630000,42583,101158,143741
1617135930000,42577,100957,143534
1617136230000,42440,100651,143091
1617136530000,42350,100537,142887
1617136831000,42188,100422,142610
1617137130000,42072,100183,142255
1617137429000,41921,99752,141673
1617137730000,41741,99599,141340
1617138030000,41525,99170,140695
1617138329000,41315,98483,139798
1617138630000,41113,97399,138512
1617138930000,40959,97609,138568
1617139230000,40842,97411,138253
1617139530000,40667,96633,137300
1617139829000,40598,96692,137290
1617140130000,40324,96386,136710
1617140430000,40162,96210,136372
1617140730000,40043,95304,135347
1617141030000,39836,95587,135423
1617141330000,39626,95042,134668
1617141630000,39582,94782,134364
1617141930000,39325,94249,133574
1617142230000,39083,93864,132947
1617142530000,38954,93461,132415
1617142830000,38905,93226,132131
1617143130000,38764,92928,131692
1617143430000,38532,92615,131147
1617143729000,38381,92179,130560
1617144030000,38405,92063,130468
1617144330000,38397,91757,130154
1617144630000,38295,92039,130334
1617144930000,38076,91020,129096
1617145229000,37849,91253,129102
1617145529000,37601,90723,128324
1617145830000,37458,90049,127507
1617146130000,37449,90337,127786
1617146430000,37409,90419,127828
1617146730000,37222,90366,127588
1617147030000,37186,90686,127872
1617147329000,37239,90614,127853
1617147630000,37222,90325,127547
1617147930000,37237,90400,127637
1617148230000,37226,90441,127667
1617148530000,37336,90105,127441
1617148830000,37326,89858,127184
1617149130000,37958,89845,127803
1617149430000,38112,89980,128092
1617149729000,38172,90196,128368
1617150030000,38143,90269,128412
1617150330000,38181,90403,128584
1617150630000,38180,90841,129021
1617150930000,38044,91088,129132
1617151230000,38066,91539,129605
1617151529000,38000,91069,129069
1617152131000,37870,91333,129203
1617152429000,37690,91510,129200
1617152729000,37572,91747,129319
1617153030000,37525,92014,129539
1617153330000,37557,92157,129714
1617153630000,37507,92262,129769
1617153929000,37452,92062,129514
1617154230000,37239,91887,129126
1617154530000,36918,91457,128375
1617154830000,36843,91539,128382
1617155129000,36762,91330,128092
1617155430000,36647,91124,127771
1617155730000,36469,90945,127414
1617156030000,36328,90744,127072
1617156330000,36075,90455,126530
1617156630000,35904,90169,126073
1617156930000,35730,89841,125571
1617157230000,35597,89485,125082
1617157530000,35441,89229,124670
1617157830000,35148,89099,124247
1617158130000,35050,88636,123686
1617158430000,34761,88316,123077
1617158730000,34480,87628,122108
1617159030000,34136,87342,121478
1617159330000,33903,86930,120833
1617159630000,33699,86420,120119
1617159930000,33431,85646,119077
1617160229000,33154,85259,118413
1617160530000,32701,84544,117245
1617160830000,32219,84177,116396
1617161130000,31882,83326,115208
1617161430000,31645,82932,114577
1617161729000,31458,82320,113778
1617162030000,31223,81572,112795
1617162332000,30956,81005,111961
1617162630000,30646,80211,110857
1617162930000,30270,79157,109427
1617163230000,29830,78358,108188
1617163530000,29474,77184,106658
1617163829000,29235,76749,105984
1617164130000,28867,75825,104692
1617164430000,28521,75447,103968
1617164730000,28265,74665,102930
1617165030000,27985,74227,102212
1617165330000,27646,73436,101082
1617165630000,27421,72587,100008
1617165930000,27102,71997,99099
1617166230000,26789,71402,98191
1617166530000,26622,70470,97092
1617166829000,26234,69714,95948
1617167130000,25831,68535,94366
1617167430000,25560,67681,93241
1617167729000,25316,66472,91788
1617168030000,25205,65915,91120
1617168330000,24943,65023,89966
1617168630000,24689,64239,88928
1617168930000,24653,63443,88096
1617169230000,24374,62663,87037
1617169530000,24219,61911,86130
1617169830000,24075,61025,85100
1617170130000,23992,60433,84425
1617170430000,23669,59670,83339
1617170730000,23382,59034,82416
1617171030000,23183,58836,82019
1617171329000,23165,58349,81514
1617171630000,23024,57975,80999
1617171930000,22929,57540,80469
1617172229000,22730,57000,79730
1617172530000,22765,57791,80556
1617172830000,22661,58181,80842
1617173129000,22502,57790,80292
1617173430000,22508,57648,80156
1617173730000,22436,57066,79502
1617174030000,22416,56643,79059
1617174330000,22458,56073,78531
1617174630000,22313,55723,78036
1617174929000,22333,55421,77754
1617175230000,22102,55237,77339
1617175530000,22116,54850,76966
1617175830000,22131,54611,76742
1617176130000,22198,54415,76613
1617176429000,22185,54270,76455
1617176730000,22291,54111,76402
1617177030000,22244,53984,76228
1617177330000,22314,53590,75904
1617177630000,22311,53266,75577
1617177929000,22432,53251,75683
1617178231000,22550,53234,75784
1617178530000,22618,52967,75585
1617178830000,22762,53048,75810
1617179130000,22787,52904,75691
1617179430000,22906,52638,75544
1617179730000,23030,52679,75709
1617180030000,22817,52779,75596
1617180330000,22872,52790,75662
1617180630000,22970,52652,75622
1617180930000,23073,52598,75671
1617181230000,23126,52531,75657
1617181530000,23280,52093,75373
1617181830000,23426,52263,75689
1617182129000,22544,52430,74974
1617182430000,22677,52390,75067
1617182730000,22826,52397,75223
1617183030000,22932,52416,75348
1617183330000,23147,52387,75534
1617183629000,23364,52400,75764
1617183932000,23451,52526,75977
1617184230000,23630,52489,76119
1617184530000,23817,52374,76191
1617184830000,23992,52383,76375
1617185130000,24100,52032,76132
1617185430000,24209,52149,76358
1617185730000,24369,52437,76806
1617186030000,24455,52720,77175
1617186329000,24596,52806,77402
1617186630000,24788,52968,77756
1617186930000,24853,53240,78093
1617187230000,25014,53547,78561
1617187530000,25138,53735,78873
1617187830000,25282,53842,79124
1617188130000,25352,53984,79336
1617188430000,25510,54024,79534
1617188730000,25673,54125,79798
1617189030000,25915,54489,80404
1617189330000,26073,54837,80910
1617189630000,26194,55182,81376
1617189930000,26298,55383,81681
1617190230000,26490,55922,82412
1617190530000,26729,56367,83096
1617190830000,26919,56996,83915
1617191129000,27158,57285,84443
1617191430000,25840,57572,83412
1617191730000,26026,57840,83866
1617192030000,26259,58354,84613
1617192330000,26596,59063,85659
1617192630000,27004,59755,86759
1617192930000,27221,60130,87351
1617193230000,27607,60791,88398
1617193530000,27988,61421,89409
1617193830000,28382,62323,90705
1617194130000,28713,62936,91649
1617194430000,29155,63694,92849
1617194729000,29479,64566,94045
1617195030000,29726,65500,95226
1617195330000,30085,65934,96019
1617195630000,30331,66416,96747
1617195930000,30679,67074,97753
1617196230000,31028,68018,99046
1617196530000,31375,68640,100015
1617196830000,30339,69521,99860
1617197130000,30644,70045,100689
1617197429000,30887,70742,101629
1617197730000,31236,71484,102720
1617198029000,31489,72241,103730
1617198329000,31861,72945,104806
1617198630000,32210,73659,105869
1617198930000,32600,73955,106555
1617199230000,32862,74400,107262
1617199530000,33043,74714,107757
1617199830000,33345,75425,108770
1617200130000,33647,76220,109867
1617200430000,34097,76976,111073
1617200730000,34451,77543,111994
1617201030000,34703,78068,112771
1617201330000,35059,78908,113967
1617201630000,35283,79531,114814
1617201930000,35585,79967,115552
1617202230000,35970,80512,116482
1617202530000,36263,81028,117291
1617202830000,36465,81413,117878
1617203130000,35243,81946,117189
1617203430000,35522,82249,117771
1617203730000,35601,82507,118108
1617204029000,35751,83143,118894
1617204330000,35987,83459,119446
1617204630000,36163,83646,119809
1617204930000,36472,83976,120448
1617205230000,36846,84371,121217
1617205530000,37141,84842,121983
1617205830000,37504,85099,122603
1617206130000,37643,85241,122884
1617206430000,37763,85021,122784
1617206730000,37970,84781,122751
1617207030000,38171,84896,123067
1617207330000,38391,85240,123631
1617207630000,38531,85482,124013
1617207930000,38763,85662,124425
1617208230000,38911,86312,125223
1617208530000,39255,86587,125842
1617208829000,39529,86996,126525
1617209129000,39806,87199,127005
1617209430000,38047,87366,125413
1617209730000,38183,87771,125954
1617210029000,38353,87664,126017
1617210330000,38585,88008,126593
1617210630000,38751,88134,126885
1617210930000,38885,88643,127528
1617211230000,39401,89167,128568
1617211530000,39756,89391,129147
1617211830000,40046,89494,129540
1617212130000,40427,89835,130262
1617212430000,40755,90012,130767
1617212730000,40973,90363,131336
1617213030000,41217,90957,132174
1617213330000,41535,91434,132969
1617213630000,41752,88197,129949
1617213929000,41981,89646,131627
1617214230000,42416,91288,133704
1617214530000,42647,92886,135533
1617214830000,42887,93222,136109
1617215130000,41353,93687,135040
1617215430000,41342,94156,135498
1617215730000,41543,94438,135981
1617216030000,41761,95044,136805
1617216330000,41706,95568,137274
1617216630000,41931,95664,137595
1617216930000,41982,95945,137927
1617217230000,42003,96198,138201
1617217530000,42092,96495,138587
1617217829000,42077,96863,138940
1617218130000,42109,97016,139125
1617218430000,42228,97434,139662
1617218730000,42195,97666,139861
1617219030000,42736,98136,140872
1617219330000,42102,98320,140422
1617219629000,42210,98444,140654
1617219930000,42251,98464,140715
1617220230000,42344,98664,141008
1617220530000,42194,98699,140893
1617220830000,42214,98807,141021
1617221130000,42154,98399,140553
1617221430000,42183,98232,140415
1617221730000,42134,98422,140556
1617222029000,42187,98603,140790
1617222330000,42124,98515,140639
1617222629000,41986,97998,139984
1617222930000,41936,97895,139831
1617223230000,41806,97724,139530
1617223530000,41891,97695,139586
1617223830000,41741,97382,139123
1617224130000,41332,97116,138448
1617224430000,41266,96744,138010
1617224730000,41047,95721,136768
1617225030000,40962,95465,136427
1617225329000,40761,95578,136339
1617225630000,40695,95169,135864
1617225930000,40528,94646,135174
1617226230000,40375,94433,134808
1617226530000,40202,94067,134269
1617226830000,40176,93978,134154
1617227130000,39925,93487,133412
1617227431000,39834,93353,133187
1617227730000,39629,93283,132912
1617228030000,39435,92834,132269
1617228330000,39382,92341,131723
1617228630000,39222,91883,131105
1617228930000,38989,91408,130397
1617229230000,38892,91218,130110
1617229530000,38716,91127,129843
1617229830000,38493,90947,129440
1617230130000,38385,91061,129446
1617230430000,38302,91021,129323
1617230730000,38220,90977,129197
1617231030000,38176,90949,129125
1617231330000,38245,90554,128799
1617231630000,38070,90247,128317
1617231930000,37789,90131,127920
1617232230000,37577,89821,127398
1617232530000,37532,89638,127170
1617232830000,37493,89699,127192
1617233130000,37667,89717,127384
1617233430000,37497,89583,127080
1617233730000,37455,89158,126613
1617234030000,37479,89255,126734
1617234329000,37503,89328,126831
1617234630000,38587,89219,127806
1617234930000,38603,89129,127732
1617235230000,38780,89196,127976
1617235530000,39417,89092,128509
1617235830000,39667,88952,128619
1617236130000,39633,89337,128970
1617236430000,39682,89450,129132
1617236730000,39618,89499,129117
1617237030000,39540,89580,129120
1617237329000,39597,89782,129379
1617237630000,39653,89706,129359
1617237930000,39647,89910,129557
1617238230000,39660,90272,129932
1617238530000,39591,90157,129748
1617238830000,39446,90008,129454
1617239130000,39328,90193,129521
1617239430000,39088,90498,129586
1617239730000,38957,89125,128082
1617240030000,38921,89236,128157
1617240329000,38835,89357,128192
1617240630000,38617,89521,128138
1617240929000,38477,89661,128138
1617241229000,38339,89656,127995
1617241530000,38165,89949,128114
1617241829000,37961,89799,127760
1617242130000,37679,89810,127489
1617242430000,37353,89648,127001
1617242730000,37196,89483,126679
1617243029000,36932,89278,126210
1617243330000,36697,89168,125865
1617243630000,36525,89010,125535
1617243930000,36226,88694,124920
1617244230000,36095,88495,124590
1617244530000,35974,88517,124491
1617244829000,35617,87781,123398
1617245130000,35382,87615,122997
1617245430000,35083,86996,122079
1617245730000,34793,86775,121568
1617246030000,34472,86146,120618
1617246329000,34105,85279,119384
1617246630000,33859,84716,118575
1617246930000,33548,84102,117650
1617247230000,33327,83558,116885
1617247529000,33062,83056,116118
1617247830000,32753,82550,115303
1617248129000,32549,81961,114510
1617248430000,32278,81094,113372
1617248730000,32101,80528,112629
1617249030000,31750,80069,111819
1617249330000,31338,79465,110803
1617249630000,31095,78535,109630
1617249930000,30743,77589,108332
1617250230000,30560,76906,107466
1617250530000,30137,75970,106107
1617250830000,29775,75343,105118
1617251130000,29427,74788,104215
1617251430000,29100,74084,103184
1617251729000,28847,72993,101840
1617252030000,28616,72324,100940
1617252332000,28273,71573,99846
1617252630000,28014,70824,98838
1617252930000,27690,69938,97628
1617253230000,27443,69296,96739
1617253530000,27191,68247,95438
1617253830000,26964,67343,94307
1617254130000,26551,66058,92609
1617254429000,26407,65557,91964
1617254730000,26233,64607,90840
1617255029000,26120,63879,89999
1617255330000,25982,63077,89059
1617255630000,25807,62676,88483
1617255930000,25665,61909,87574
1617256230000,25559,61135,86694
1617256530000,25414,60580,85994
1617256830000,25253,59899,85152
1617257130000,24925,59223,84148
1617257430000,24757,58884,83641
1617257730000,23170,58485,81655
1617258030000,23340,58034,81374
1617258330000,24088,57641,81729
1617258629000,23270,57225,80495
1617258930000,23221,57832,81053
1617259230000,23140,58000,81140
1617259530000,24039,57431,81470
1617259830000,24003,57245,81248
1617260130000,24022,56738,80760
1617260430000,24082,56279,80361
1617260730000,24094,55894,79988
1617261030000,24104,55708,79812
1617261330000,24019,55266,79285
1617261630000,24000,54723,78723
1617261930000,24014,55361,79375
1617262230000,24073,54880,78953
1617262530000,24023,54849,78872
1617262830000,24077,54729,78806
1617263130000,23896,54550,78446
1617263430000,23351,54643,77994
1617263730000,23303,54357,77660
1617264030000,23354,54073,77427
1617264329000,23366,53847,77213
1617264630000,23443,53914,77357
1617264930000,23419,53449,76868
1617265229000,23426,53460,76886
1617265530000,23506,53433,76939
1617265830000,23598,53520,77118
1617266130000,23616,53592,77208
1617266430000,23791,53646,77437
1617266730000,23769,53629,77398
1617267030000,23699,53593,77292
1617267330000,23742,53571,77313
1617267630000,23748,53501,77249
1617267930000,23804,53481,77285
1617268230000,23898,53050,76948
1617268530000,23991,53059,77050
1617268830000,24127,53171,77298
1617269130000,24289,53360,77649
1617269430000,24462,53341,77803
1617269729000,24575,53440,78015
1617270030000,24675,53571,78246
1617270330000,24790,53679,78469
1617270630000,24828,53966,78794
1617270930000,24927,53906,78833
1617271230000,24949,53868,78817
1617271530000,24997,53851,78848
1617271830000,25123,53869,78992
1617272129000,25153,53944,79097
1617272430000,25247,54026,79273
1617272730000,25344,54205,79549
1617273030000,25421,54328,79749
1617273330000,25461,54546,80007
1617273629000,25609,54883,80492
1617273930000,25729,55230,80959
1617274230000,25879,55603,81482
1617274529000,26025,55790,81815
1617274830000,26131,56061,82192
1617275130000,26273,55999,82272
1617275430000,26442,56531,82973
1617275730000,26637,56929,83566
1617276030000,26784,57488,84272
1617276329000,27014,57489,84503
1617276630000,27255,58077,85332
1617276930000,27531,58499,86030
1617277230000,27737,59313,87050
1617277530000,27893,59845,87738
1617277830000,28124,60548,88672
1617278130000,28264,60945,89209
1617278429000,28496,61422,89918
1617278730000,28692,61964,90656
1617279029000,28945,62475,91420
1617279330000,29065,63117,92182
1617279630000,29367,64041,93408
1617279930000,29749,64794,94543
1617280230000,29934,65530,95464
1617280530000,30260,66029,96289
1617280830000,30670,66762,97432
1617281129000,30765,67438,98203
1617281430000,31072,68173,99245
1617281729000,31406,68722,100128
1617282030000,31621,69272,100893
1617282330000,31983,70068,102051
1617282630000,32272,70853,103125
1617282930000,32403,71582,103985
1617283230000,32668,72477,105145
1617283530000,33016,73203,106219
1617283830000,33229,73761,106990
1617284130000,33494,74623,108117
1617284430000,33871,73675,107546
1617284730000,34090,74354,108444
1617285030000,34211,75169,109380
1617285330000,34402,75595,109997
1617285630000,34533,76303,110836
1617285930000,34626,77072,111698
1617286230000,34918,77633,112551
1617286530000,35247,78344,113591
1617286830000,35402,78928,114330
1617287130000,35617,79630,115247
1617287429000,35908,80326,116234
1617287730000,36169,81129,117298
1617288030000,36391,81583,117974
1617288330000,36522,82000,118522
1617288630000,36694,82636,119330
1617288930000,36873,83330,120203
1617289230000,37062,83749,120811
1617289530000,37122,84116,121238
1617289830000,37223,84646,121869
1617290130000,37401,85090,122491
1617290430000,37601,85444,123045
1617290730000,37661,85881,123542
1617291030000,37815,86311,124126
1617291330000,37990,86503,124493
1617291630000,38199,86889,125088
1617291930000,38286,86961,125247
1617292230000,38484,87326,125810
1617292530000,38619,87788,126407
1617292830000,38666,87907,126573
1617293130000,38795,87718,126513
1617293430000,38978,87801,126779
1617293730000,39019,87666,126685
1617294030000,39194,88201,127395
1617294330000,39226,88519,127745
1617294630000,39361,88752,128113
1617294929000,39581,89041,128622
1617295230000,39816,89304,129120
1617295530000,39907,89394,129301
1617295830000,39988,89627,129615
1617296129000,40083,90008,130091
1617296430000,40123,90057,130180
1617296730000,40338,90169,130507
1617297030000,40526,90505,131031
1617297330000,40512,90861,131373
1617297630000,40736,90906,131642
1617297930000,40880,90985,131865
1617298229000,39563,91492,131055
1617298530000,39800,91974,131774
1617298830000,39998,92276,132274
1617299130000,40649,92513,133162
1617299430000,40714,92854,133568
1617299730000,40402,93318,133720
1617300030000,40903,93574,134477
1617300330000,41033,93752,134785
1617300630000,41310,94460,135770
1617300930000,41405,94921,136326
1617301230000,43310,95350,138660
1617301529000,42481,95777,138258
1617301830000,43892,95982,139874
1617302130000,43797,96398,140195
1617302430000,44088,96602,140690
1617302730000,44231,96957,141188
1617303030000,44222,97434,141656
1617303330000,44330,97744,142074
1617303629000,44400,97969,142369
1617303930000,44509,98039,142548
1617304231000,44614,98305,142919
1617304530000,44794,98530,143324
1617304829000,44896,99075,143971
1617305130000,44891,99372,144263
1617305430000,44916,99671,144587
1617305730000,44989,99629,144618
1617306030000,45038,99872,144910
1617306330000,44905,100196,145101
1617306630000,44973,100499,145472
1617306930000,44977,100701,145678
1617307230000,44862,100979,145841
1617307530000,44810,100873,145683
1617307830000,44761,101101,145862
1617308130000,44693,101362,146055
1617308430000,44634,101196,145830
1617308730000,44464,101146,145610
1617309030000,44406,101160,145566
1617309330000,44362,101264,145626
1617309630000,44330,100942,145272
1617309930000,44336,100939,145275
1617310230000,44229,100828,145057
1617310530000,44228,100407,144635
1617310829000,44139,99816,143955
1617311130000,44006,99277,143283
1617311429000,43813,98910,142723
1617311730000,43726,98953,142679
1617312030000,43770,98702,142472
1617312330000,43762,98436,142198
1617312630000,43569,98050,141619
1617312930000,43414,97772,141186
1617313230000,42529,96971,139500
1617313530000,42671,96198,138869
1617313830000,42657,96511,139168
1617314130000,42533,96283,138816
1617314430000,42360,95941,138301
1617314730000,42194,95398,137592
1617315030000,42176,94909,137085
1617315330000,42054,94496,136550
1617315630000,41979,94113,136092
1617315930000,41847,93939,135786
1617316230000,41711,93122,134833
1617316530000,41609,93415,135024
1617316830000,41436,93355,134791
1617317130000,41217,92866,134083
1617317430000,41176,92587,133763
1617317731000,40964,92299,133263
1617318030000,40836,91932,132768
1617318330000,40259,91598,131857
1617318630000,40419,91973,132392
1617318929000,40071,91405,131476
1617319230000,40075,91424,131499
1617319530000,40074,91478,131552
1617319830000,39994,90915,130909
1617320129000,40007,90566,130573
1617320430000,40031,90668,130699
1617320730000,40050,90539,130589
1617321029000,40002,90648,130650
1617321330000,39963,90549,130512
1617321630000,39966,90319,130285
1617321930000,40328,89981,130309
1617322230000,40484,89987,130471
1617322530000,40454,90014,130468
1617322830000,40514,90087,130601
1617323130000,40546,90088,130634
1617323430000,40472,90194,130666
1617323730000,40388,90338,130726
1617324030000,40331,90309,130640
1617324330000,40286,90447,130733
1617324630000,40210,90582,130792
1617324930000,40119,90682,130801
1617325229000,39986,90470,130456
1617325529000,39906,90913,130819
1617325830000,39872,90204,130076
1617326130000,39741,90967,130708
1617326430000,39671,90773,130444
1617326729000,39628,91004,130632
1617327029000,39515,90337,129852
1617327330000,39422,90265,129687
1617327630000,39388,90298,129686
1617327930000,39287,91162,130449
1617328230000,39189,91137,130326
1617328530000,38944,90709,129653
1617328830000,38759,90894,129653
1617329129000,38597,90700,129297
1617329430000,38411,90540,128951
1617329730000,38335,90197,128532
1617330029000,38042,90369,128411
1617330330000,37726,90171,127897
1617330630000,37446,89978,127424
1617330930000,37289,89828,127117
1617331230000,37080,89487,126567
1617331530000,36946,89274,126220
1617331830000,36670,88905,125575
1617332129000,36433,88636,125069
1617332430000,36076,88188,124264
1617332729000,35860,87601,123461
1617333029000,35606,87073,122679
1617333330000,35434,86728,122162
1617333630000,35274,86368,121642
1617333930000,35009,85842,120851
1617334229000,34754,85142,119896
1617334530000,34562,84514,119076
1617334830000,34328,84003,118331
1617335130000,34193,83357,117550
1617335430000,33964,82510,116474
1617335730000,33602,81919,115521
1617336029000,33341,81454,114795
1617336330000,33013,80591,113604
1617336629000,32651,79923,112574
1617336929000,32406,79212,111618
1617337229000,32050,78389,110439
1617337530000,31685,77717,109402
1617337830000,31436,76985,108421
1617338129000,31210,75754,106964
1617338429000,30945,75042,105987
1617338730000,30693,74269,104962
1617339030000,30394,73634,104028
1617339330000,30062,72891,102953
1617339629000,29815,71797,101612
1617339930000,29546,70982,100528
1617340230000,29247,70133,99380
1617340529000,29010,69275,98285
1617340830000,28804,68537,97341
1617341129000,28537,67847,96384
1617341430000,28253,67081,95334
1617341730000,28096,66575,94671
1617342030000,27935,65984,93919
1617342330000,27814,65335,93149
1617342630000,27660,64580,92240
1617342930000,27428,64127,91555
1617343230000,25830,63560,89390
1617343530000,25615,62808,88423
1617343829000,25231,62436,87667
1617344129000,25157,61661,86818
1617344429000,25098,61181,86279
1617344730000,24964,60855,85819
1617345029000,24157,60328,84485
1617345330000,23800,61107,84907
1617345630000,23542,61328,84870
1617345930000,23596,60661,84257
1617346230000,24405,60120,84525
1617346530000,24636,59527,84163
1617346829000,24670,58993,83663
1617347130000,25642,58879,84521
1617347430000,25609,58577,84186
1617347730000,25498,58207,83705
1617348030000,25416,57988,83404
1617348330000,25423,57604,83027
1617348630000,25408,57409,82817
1617348930000,25435,56876,82311
1617349230000,25327,56745,82072
1617349530000,25285,56680,81965
1617349830000,25310,56392,81702
1617350129000,25219,56142,81361
1617350430000,25224,56077,81301
1617350730000,25247,55791,81038
1617351029000,25561,55461,81022
1617351329000,25747,55483,81230
1617351630000,25819,55222,81041
1617351930000,25922,55182,81104
1617352229000,25956,54929,80885
1617352530000,25946,54702,80648
1617352830000,26017,54854,80871
1617353130000,26094,54690,80784
1617353430000,26126,54411,80537
1617353730000,26134,54364,80498
1617354030000,26182,54526,80708
1617354332000,26268,54361,80629
1617354630000,26384,54427,80811
1617354930000,26429,54608,81037
1617355230000,26556,54675,81231
1617355530000,26807,54776,81583
1617355830000,26898,54966,81864
1617356130000,27041,55095,82136
1617356430000,27152,55414,82566
1617356729000,27284,55497,82781
1617357029000,27412,55534,82946
1617357329000,27115,55494,82609
1617357630000,27046,55563,82609
1617357930000,27146,55593,82739
1617358230000,27282,55758,83040
1617358530000,27381,55939,83320
1617358830000,27476,55841,83317
1617359130000,27643,55567,83210
1617359430000,27647,55876,83523
1617359730000,27716,55958,83674
1617360029000,27863,56169,84032
1617360329000,28061,56373,84434
1617360630000,28206,56650,84856
1617360930000,28464,57070,85534
1617361230000,28688,57199,85887
1617361530000,28941,57375,86316
1617361830000,29152,57729,86881
1617362130000,29281,58121,87402
1617362429000,29489,58501,87990
1617362730000,29586,59858,89444
1617363030000,29672,60319,89991
1617363330000,29875,60793,90668
1617363630000,30060,61458,91518
1617363930000,30369,62047,92416
1617364230000,30483,62527,93010
1617364530000,30780,63151,93931
1617364830000,30984,63526,94510
1617365130000,31105,64144,95249
1617365430000,31412,64988,96400
1617365730000,31604,65581,97185
1617366030000,31761,66352,98113
1617366330000,31904,67124,99028
1617366630000,32080,67838,99918
1617366930000,32465,68249,100714
1617367230000,32716,68980,101696
1617367529000,33058,69744,102802
1617367829000,33247,70513,103760
1617368130000,33411,71135,104546
1617368435000,33728,71741,105469
1617368729000,34153,72490,106643
1617369030000,34376,72790,107166
1617369330000,34627,73269,107896
1617369629000,34906,74133,109039
1617369930000,35170,74707,109877
1617370230000,35428,75352,110780
1617370530000,35714,75904,111618
1617370829000,35963,76471,112434
1617371130000,36255,77175,113430
1617371430000,36524,77846,114370
1617371730000,36750,78522,115272
1617372030000,36954,79171,116125
1617372330000,37226,79705,116931
1617372630000,37375,80339,117714
1617372929000,37529,81007,118536
1617373230000,37762,81556,119318
1617373530000,38063,82286,120349
1617373830000,37898,83071,120969
1617374130000,38037,83633,121670
1617374430000,38248,84346,122594
1617374730000,38413,84990,123403
1617375030000,38607,85630,124237
1617375330000,38733,86126,124859
1617375629000,38948,86343,125291
1617375930000,39143,87026,126169
1617376230000,39292,87363,126655
1617376530000,39490,87953,127443
1617376829000,39554,88463,128017
1617377129000,39843,88937,128780
1617377429000,39939,89146,129085
1617377730000,40007,89529,129536
1617378030000,40322,90182,130504
1617378330000,40493,90304,130797
1617378630000,40584,90385,130969
1617378930000,40727,90481,131208
1617379230000,40876,90369,131245
1617379531000,41040,90528,131568
1617379829000,41063,90490,131553
1617380130000,41001,90545,131546
1617380430000,41139,90789,131928
1617380729000,41199,90926,132125
1617381030000,41368,91086,132454
1617381330000,41466,91286,132752
1617381630000,41596,91454,133050
1617381930000,41766,91460,133226
1617382230000,41906,91763,133669
1617382530000,42057,91975,134032
1617382830000,41960,91694,133654
1617383130000,42155,91972,134127
1617383430000,42331,92200,134531
1617383730000,41101,92639,133740
1617384030000,40728,93103,133831
1617384330000,40640,93038,133678
1617384630000,40496,93303,133799
1617384930000,40754,93711,134465
1617385230000,40843,94287,135130
1617385529000,41113,94621,135734
1617385830000,41523,94934,136457
1617386129000,41964,95183,137147
1617386430000,41921,93977,135898
1617386729000,42174,94325,136499
1617387030000,42382,95821,138203
1617387330000,42448,96442,138890
1617387630000,42536,97029,139565
1617387930000,42669,97065,139734
1617388230000,42742,97404,140146
1617388530000,42841,97882,140723
1617388830000,42996,98282,141278
1617389129000,43098,98816,141914
1617389430000,43067,99094,142161
1617389730000,43157,99335,142492
1617390030000,43123,99703,142826
1617390330000,43128,99624,142752
1617390630000,43265,99962,143227
1617390930000,43360,99884,143244
1617391230000,43467,100145,143612
1617391529000,43537,100374,143911
1617391829000,43522,100495,144017
1617392130000,43471,100233,143704
1617392430000,43416,101202,144618
1617392730000,43489,101168,144657
1617393030000,43513,101531,145044
1617393329000,43513,101502,145015
1617393631000,43430,101860,145290
1617393930000,43543,101472,145015
1617394229000,43297,101158,144455
1617394530000,43567,101298,144865
1617394829000,43544,101499,145043
1617395130000,43571,101628,145199
1617395430000,43459,101600,145059
1617395730000,43417,101482,144899
1617396030000,43382,101947,145329
1617396330000,42785,101601,144386
1617396630000,43134,101761,144895
1617396930000,43075,101478,144553
1617397230000,42825,101191,144016
1617397530000,42632,100877,143509
1617397830000,42503,100823,143326
1617398130000,42350,100590,142940
1617398430000,42206,99979,142185
1617398730000,42050,99834,141884
1617399030000,41873,99424,141297
1617399329000,41741,99287,141028
1617399630000,41580,99033,140613
1617399930000,41481,98242,139723
1617400229000,41451,97983,139434
1617400530000,41249,98071,139320
1617400830000,41161,97515,138676
1617401130000,40916,96926,137842
1617401430000,40756,96669,137425
1617401730000,40623,96483,137106
1617402030000,40486,96039,136525
1617402330000,40440,95567,136007
1617402630000,40283,95384,135667
1617402930000,40051,94880,134931
1617403229000,39804,94609,134413
1617403530000,39683,94367,134050
1617403830000,39486,94168,133654
1617404129000,39376,93713,133089
1617404430000,39119,93421,132540
1617404730000,38892,92966,131858
1617405030000,38672,92710,131382
1617405330000,38489,92265,130754
1617405630000,38297,91797,130094
1617405930000,38154,91621,129775
1617406230000,37935,91348,129283
1617406530000,37811,91031,128842
1617406829000,37783,90717,128500
1617407129000,37809,90503,128312
1617407429000,37687,90055,127742
1617407729000,37628,89528,127156
1617408030000,37553,89402,126955
1617408330000,37992,89099,127091
1617408630000,38101,88637,126738
1617408929000,38132,88619,126751
1617409229000,38080,88386,126466
1617409530000,37977,88455,126432
1617409830000,37873,88331,126204
1617410130000,37854,88306,126160
1617410430000,37827,88507,126334
1617410729000,37664,88660,126324
1617411030000,37544,88796,126340
1617411330000,37465,88495,125960
1617411630000,37330,88672,126002
1617411930000,37323,88555,125878
1617412229000,37307,88811,126118
1617412530000,37154,88802,125956
1617412830000,37040,89030,126070
1617413130000,36942,89255,126197
1617413430000,36785,89206,125991
1617413730000,36610,87988,124598
1617414030000,36567,88359,124926
1617414330000,36440,88533,124973
1617414630000,36248,88836,125084
1617414930000,36080,89103,125183
1617415230000,35906,89345,125251
1617415529000,35781,89143,124924
1617415830000,35750,89218,124968
1617416129000,35639,89243,124882
1617416430000,35569,89308,124877
1617416730000,35345,89190,124535
1617417030000,35256,89243,124499
1617417330000,35136,89305,124441
1617417630000,34976,89248,124224
1617417930000,34699,89045,123744
1617418230000,34527,88919,123446
1617418530000,34357,88781,123138
1617418830000,34241,88562,122803
1617419130000,34111,88330,122441
1617419430000,33789,87978,121767
1617419730000,33565,87225,120790
1617420030000,33354,86966,120320
1617420330000,33082,86472,119554
1617420630000,32814,86076,118890
1617420930000,32566,85432,117998
1617421230000,32321,85166,117487
1617421530000,32020,84581,116601
1617421830000,31824,83859,115683
1617422130000,31584,83290,114874
1617422430000,31223,82651,113874
1617422730000,30902,81877,112779
1617423030000,30644,81276,111920
1617423330000,30406,80725,111131
1617423630000,30063,80249,110312
1617423930000,29882,79567,109449
1617424230000,29470,78807,108277
1617424529000,29260,78251,107511
1617424829000,28991,77543,106534
1617425129000,28729,76863,105592
1617425430000,28484,76037,104521
1617425730000,28322,75494,103816
1617426030000,27995,74594,102589
1617426330000,27650,73531,101181
1617426630000,27374,72855,100229
1617426930000,27118,71373,98491
1617427230000,26822,71072,97894
1617427530000,26593,69761,96354
1617427829000,26523,69088,95611
1617428130000,26262,68073,94335
1617428430000,25986,67347,93333
1617428729000,25451,66676,92127
1617429030000,25323,65880,91203
1617429330000,24943,65320,90263
1617429630000,24896,64512,89408
1617429930000,24374,63614,87988
1617430230000,25087,63276,88363
1617430530000,24853,62817,87670
1617430830000,25355,62352,87707
1617431130000,25729,61995,87724
1617431430000,25353,61508,86861
1617431730000,25275,61955,87230
1617432031000,25348,61543,86891
1617432329000,25178,61823,87001
1617432630000,25079,61378,86457
1617432930000,25075,60767,85842
1617433230000,24975,60324,85299
1617433530000,24893,59791,84684
1617433829000,24883,59420,84303
1617434129000,24839,58880,83719
1617434430000,24834,58639,83473
1617434730000,24877,58345,83222
1617435029000,24856,58077,82933
1617435329000,24719,57709,82428
1617435629000,24813,57638,82451
1617435930000,24739,57306,82045
1617436230000,24608,56983,81591
1617436530000,24636,56771,81407
1617436830000,24651,56467,81118
1617437130000,24632,56075,80707
1617437430000,24642,56000,80642
1617437729000,24695,55833,80528
1617438030000,24781,55935,80716
1617438329000,24807,55791,80598
1617438630000,24840,55766,80606
1617438931000,24947,55739,80686
1617439229000,24983,55954,80937
1617439530000,24957,55816,80773
1617439830000,24967,55827,80794
1617440130000,25055,55747,80802
1617440430000,25015,55640,80655
1617440730000,25026,55600,80626
1617441030000,25233,55718,80951
1617441329000,25349,55674,81023
1617441630000,25545,56122,81667
1617441930000,25605,55669,81274
1617442230000,25782,55782,81564
1617442529000,25883,55887,81770
1617442830000,26044,55999,82043
1617443130000,26179,56093,82272
1617443429000,26241,56345,82586
1617443729000,26321,56232,82553
1617444030000,26534,56366,82900
1617444330000,26673,56373,83046
1617444630000,26669,56632,83301
1617444929000,26847,56702,83549
1617445229000,26977,57009,83986
1617445530000,27141,57067,84208
1617445829000,27197,57465,84662
1617446131000,27378,57693,85071
1617446430000,27493,57926,85419
1617446730000,27619,57317,84936
1617447029000,27643,57491,85134
1617447330000,27568,57596,85164
1617447630000,27771,57623,85394
1617447930000,28029,58083,86112
1617448229000,28203,59357,87560
1617448529000,28465,59468,87933
1617448830000,28736,60021,88757
1617449130000,28864,60464,89328
1617449430000,29070,59866,88936
1617449730000,29253,60359,89612
1617450030000,29218,61125,90343
1617450330000,29384,61648,91032
1617450630000,29592,62118,91710
1617450930000,29745,63344,93089
1617451229000,29857,63131,92988
1617451529000,30103,63625,93728
1617451830000,30351,64026,94377
1617452129000,30548,64686,95234
1617452429000,30781,65250,96031
1617452730000,31031,65941,96972
1617453030000,31232,66514,97746
1617453330000,31593,67036,98629
1617453630000,31963,67676,99639
1617453930000,32183,68323,100506
1617454230000,32484,68775,101259
1617454530000,32732,69266,101998
1617454830000,32936,69862,102798
1617455130000,33150,70605,103755
1617455429000,33339,71234,104573
1617455730000,33572,71933,105505
1617456030000,33820,72643,106463
1617456330000,34114,73235,107349
1617456629000,34307,74103,108410
1617456930000,34548,74579,109127
1617457229000,34754,75179,109933
1617457530000,35055,75778,110833
1617457830000,35297,76467,111764
1617458129000,35536,77186,112722
1617458430000,35788,77831,113619
1617458730000,36034,78276,114310
1617459030000,36344,78825,115169
1617459330000,36499,79511,116010
1617459630000,36805,79663,116468
1617459930000,37204,80389,117593
1617460230000,37348,81076,118424
1617460530000,37558,81894,119452
1617460830000,37861,82549,120410
1617461130000,38075,83226,121301
1617461430000,38418,83880,122298
1617461730000,38792,84523,123315
1617462029000,39029,84841,123870
1617462329000,39183,85220,124403
1617462630000,39241,85964,125205
1617462930000,39162,86744,125906
1617463230000,39440,87494,126934
1617463529000,39561,87972,127533
1617463830000,39690,88454,128144
1617464130000,39841,88750,128591
1617464430000,40049,89017,129066
1617464730000,40171,89038,129209
1617465030000,40275,89070,129345
1617465330000,40313,89431,129744
1617465630000,40322,89784,130106
1617465929000,40415,89534,129949
1617466230000,40602,89675,130277
1617466530000,40681,89912,130593
1617466830000,40741,90405,131146
1617467130000,40784,90393,131177
1617467430000,40895,90332,131227
1617467730000,40972,90658,131630
1617468030000,41090,90768,131858
1617468330000,41188,91029,132217
1617468630000,41345,91349,132694
1617468930000,41436,91537,132973
1617469230000,41514,91495,133009
1617469529000,41595,91593,133188
1617469830000,41665,93017,134682
1617470130000,40380,93247,133627
1617470430000,40199,93379,133578
1617470730000,40586,93483,134069
1617471030000,40682,93901,134583
1617471330000,40748,94234,134982
1617471630000,40951,94649,135600
1617471930000,40679,94999,135678
1617472230000,42751,95686,138437
1617472529000,42814,95828,138642
1617472830000,42942,94241,137183
1617473130000,43006,94302,137308
1617473429000,43099,95268,138367
1617473730000,43137,96623,139760
1617474030000,43177,97370,140547
1617474330000,43210,97612,140822
1617474630000,43340,98336,141676
1617474930000,43404,98784,142188
1617475230000,43479,99197,142676
1617475530000,43594,99263,142857
1617475830000,43603,99468,143071
1617476130000,43717,99749,143466
1617476430000,43816,99870,143686
1617476730000,43766,99752,143518
1617477030000,43840,100037,143877
1617477330000,43808,97865,141673
1617477629000,43890,98892,142782
1617477929000,43934,99378,143312
1617478230000,44014,100031,144045
1617478530000,44047,100519,144566
1617478830000,44076,99531,143607
1617479130000,44211,99805,144016
1617479429000,44154,100009,144163
1617479730000,44171,97455,141626
1617480030000,44209,98036,142245
1617480330000,44319,97916,142235
1617480630000,44426,98152,142578
1617480930000,44567,98260,142827
1617481230000,44622,98260,142882
1617481530000,44569,98323,142892
1617481830000,44484,98187,142671
1617482129000,44454,98187,142641
1617482430000,44387,98034,142421
1617482730000,44428,97842,142270
1617483030000,44405,97976,142381
1617483330000,44156,96265,140421
1617483630000,44023,95465,139488
1617483930000,42775,96102,138877
1617484230000,42603,96310,138913
1617484529000,42537,96523,139060
1617484830000,42365,96256,138621
1617485130000,42351,95927,138278
1617485430000,42261,95911,138172
1617485730000,41757,95644,137401
1617486030000,41583,95790,137373
1617486330000,41174,95502,136676
1617486630000,41110,94923,136033
1617486930000,40983,94551,135534
1617487231000,40875,94234,135109
1617487529000,40676,94638,135314
1617487830000,40458,93650,134108
1617488130000,40365,93272,133637
1617488430000,40158,92983,133141
1617488730000,40064,92611,132675
1617489030000,39854,92371,132225
1617489330000,39524,92160,131684
1617489629000,39389,91881,131270
1617489930000,39140,91411,130551
1617490229000,39036,90864,129900
1617490530000,38816,90550,129366
1617490830000,38666,90245,128911
1617491130000,38388,89721,128109
1617491430000,38318,89317,127635
1617491729000,38160,88800,126960
1617492030000,38092,88614,126706
1617492330000,37970,88486,126456
1617492630000,37835,88313,126148
1617492930000,37822,87728,125550
1617493230000,37759,87312,125071
1617493529000,37515,87239,124754
1617493829000,37463,87023,124486
1617494130000,37708,86697,124405
1617494430000,36882,86116,122998
1617494730000,37392,85839,123231
1617495030000,37393,85591,122984
1617495330000,37304,85308,122612
1617495630000,37302,85115,122417
1617495930000,37380,85091,122471
1617496230000,37493,85098,122591
1617496530000,37328,84912,122240
1617496830000,37355,84903,122258
1617497130000,37295,84995,122290
1617497429000,37096,84844,121940
1617497730000,37035,84827,121862
1617498030000,37013,84611,121624
1617498330000,36844,84679,121523
1617498630000,36754,84953,121707
1617498930000,36779,85093,121872
1617499230000,36776,85274,122050
1617499530000,36589,85347,121936
1617499830000,36456,85353,121809
1617500129000,36394,85431,121825
1617500430000,36311,85445,121756
1617500730000,36109,85749,121858
1617501029000,35932,86005,121937
1617501330000,35892,86020,121912
1617501630000,35712,85995,121707
1617501930000,35521,85688,121209
1617502230000,35489,85613,121102
1617502529000,35404,85601,121005
1617502830000,35213,85587,120800
1617503129000,34970,85598,120568
1617503430000,34891,85467,120358
1617503730000,34644,85094,119738
1617504030000,34665,84963,119628
1617504329000,34472,84934,119406
1617504630000,34324,84505,118829
1617504930000,34201,84185,118386
1617505230000,34002,84028,118030
1617505530000,33762,83823,117585
1617505830000,33573,83493,117066
1617506130000,33342,82880,116222
1617506430000,33299,82587,115886
1617506730000,33029,82365,115394
1617507030000,32857,82244,115101
1617507330000,32673,82057,114730
1617507630000,32422,81814,114236
1617507930000,32227,81545,113772
1617508229000,32048,81251,113299
1617508530000,31761,80614,112375
1617508830000,31450,80283,111733
1617509130000,31170,79524,110694
1617509430000,30853,78829,109682
1617509730000,30564,78294,108858
1617510030000,30279,77836,108115
1617510330000,30086,77418,107504
1617510629000,29771,77018,106789
1617510930000,29654,76194,105848
1617511230000,29501,75665,105166
1617511529000,29367,74894,104261
1617511830000,29118,74199,103317
1617512130000,28879,73496,102375
1617512430000,28684,72678,101362
1617512729000,28416,71500,99916
1617513029000,28052,70748,98800
1617513330000,27791,69678,97469
1617513629000,27589,68970,96559
1617513930000,27270,67883,95153
1617514229000,27019,67053,94072
1617514529000,26780,66178,92958
1617514829000,26617,65515,92132
1617515130000,26546,64897,91443
1617515430000,26261,64274,90535
1617515730000,25932,63662,89594
1617516029000,25816,62958,88774
1617516330000,25106,62344,87450
1617516630000,25307,62035,87342
1617516929000,24949,61471,86420
1617517229000,24703,60978,85681
1617517529000,24786,60669,85455
1617517829000,24700,60221,84921
1617518130000,24639,60889,85528
1617518430000,24284,61102,85386
1617518729000,24861,60664,85525
1617519030000,24739,60226,84965
1617519330000,25241,59742,84983
1617519630000,25618,59357,84975
1617519930000,25673,59182,84855
1617520230000,25638,58679,84317
1617520530000,25657,58195,83852
1617520830000,25533,58018,83551
1617521129000,25432,57438,82870
1617521429000,25339,57636,82975
1617521730000,25047,57027,82074
1617522030000,24987,56860,81847
1617522330000,25022,56413,81435
1617522630000,25009,56279,81288
1617522930000,25106,56085,81191
1617523229000,25090,55908,80998
1617523532000,25070,55587,80657
1617523830000,24982,55464,80446
1617524129000,24737,55343,80080
1617524430000,24947,55398,80345
1617524730000,25043,55217,80260
1617525030000,25365,55257,80622
1617525330000,25400,55369,80769
1617525630000,25388,55330,80718
1617525930000,25435,55384,80819
1617526230000,25485,55466,80951
1617526530000,25691,55233,80924
1617526829000,25774,55203,80977
1617527130000,25753,55063,80816
1617527430000,25874,55244,81118
1617527730000,25906,55201,81107
1617528030000,26019,55573,81592
1617528330000,26020,55443,81463
1617528630000,26110,55697,81807
1617528930000,26291,55802,82093
1617529230000,26377,55953,82330
1617529530000,26458,55806,82264
1617529830000,26590,55979,82569
1617530130000,26837,56205,83042
1617530430000,26878,56173,83051
1617530730000,26915,56408,83323
1617531030000,27073,56700,83773
1617531330000,27221,56569,83790
1617531630000,27286,56844,84130
1617531930000,27486,56927,84413
1617532230000,27604,57221,84825
1617532530000,27704,57491,85195
1617532830000,27857,57882,85739
1617533130000,28028,58124,86152
1617533429000,28286,58420,86706
1617533729000,28388,58703,87091
1617534029000,28511,59064,87575
1617534330000,28578,59387,87965
1617534630000,28698,59837,88535
1617534930000,28891,60147,89038
1617535230000,29039,60744,89783
1617535530000,29259,61077,90336
1617535830000,29504,61502,91006
1617536130000,29646,62088,91734
1617536430000,29853,62647,92500
1617536730000,30155,63064,93219
1617537030000,30359,63547,93906
1617537330000,30596,62232,92828
1617537630000,30843,64186,95029
1617537929000,31098,64748,95846
1617538229000,31438,65069,96507
1617538529000,31554,65706,97260
1617538830000,31782,66587,98369
1617539130000,31907,67238,99145
1617539429000,32179,67950,100129
1617539730000,32461,68387,100848
1617540030000,32780,69003,101783
1617540330000,32966,69410,102376
1617540630000,33171,70246,103417
1617540930000,33402,70871,104273
1617541230000,33649,71574,105223
1617541530000,33902,72183,106085
1617541830000,34148,72877,107025
1617542130000,34458,73306,107764
1617542429000,34765,74141,108906
1617542730000,35022,74817,109839
1617543030000,35280,75439,110719
1617543330000,35404,76018,111422
1617543630000,35490,76539,112029
1617543930000,35824,77292,113116
1617544230000,36030,78171,114201
1617544530000,36435,78902,115337
1617544830000,36551,78564,115115
1617545130000,36660,79235,115895
1617545430000,36843,80126,116969
1617545730000,37104,80687,117791
1617546029000,37410,81457,118867
1617546329000,37580,81984,119564
1617546629000,37782,82686,120468
1617546929000,38039,83276,121315
1617547230000,38288,83952,122240
1617547530000,38447,84551,122998
1617547830000,38616,85316,123932
1617548130000,38769,85935,124704
1617548430000,39061,86297,125358
1617548730000,39219,86839,126058
1617549030000,39428,87747,127175
1617549330000,39669,88392,128061
1617549629000,39818,88851,128669
1617549930000,39884,89124,129008
1617550230000,40047,87540,127587
1617550530000,40232,87830,128062
1617550829000,40496,88045,128541
1617551129000,40836,88769,129605
1617551430000,40882,89215,130097
1617551730000,41040,89468,130508
1617552030000,41014,89522,130536
1617552330000,41211,89364,130575
1617552630000,39958,89494,129452
1617552930000,41085,89538,130623
1617553229000,39481,89667,129148
1617553530000,39848,90077,129925
1617553830000,40126,90140,130266
1617554130000,40479,90368,130847
1617554430000,40862,90606,131468
1617554729000,41056,91067,132123
1617555030000,42034,91301,133335
1617555330000,42218,91735,133953
1617555629000,42349,91746,134095
1617555930000,42290,91679,133969
1617556230000,42377,91848,134225
1617556530000,42509,92193,134702
1617556830000,42653,92514,135167
1617557129000,42687,92680,135367
1617557430000,42769,92831,135600
1617557730000,42979,92873,135852
1617558029000,43179,93153,136332
1617558330000,43298,93641,136939
1617558630000,43367,93747,137114
1617558930000,43515,94011,137526
1617559229000,43572,94412,137984
1617559530000,43707,95063,138770
1617559830000,43789,95625,139414
1617560130000,44017,95815,139832
1617560430000,44149,95844,139993
1617560730000,44195,96175,140370
1617561029000,44243,96521,140764
1617561330000,44338,97081,141419
1617561630000,44440,97491,141931
1617561929000,44507,98030,142537
1617562230000,44508,98057,142565
1617562530000,44548,98103,142651
1617562829000,44452,95539,139991
1617563130000,44532,95776,140308
1617563430000,44551,95999,140550
1617563730000,44651,96227,140878
1617564030000,44863,96238,141101
1617564330000,45002,96461,141463
1617564629000,45038,96531,141569
1617564930000,44903,96300,141203
1617565230000,44970,96637,141607
1617565529000,45026,97010,142036
1617565830000,45000,97356,142356
1617566130000,45037,97478,142515
1617566430000,45072,97813,142885
1617566730000,45097,97808,142905
1617567029000,45141,98315,143456
1617567330000,45090,98352,143442
1617567630000,44943,98252,143195
1617567930000,44944,98100,143044
1617568230000,44953,98316,143269
1617568530000,44890,98239,143129
1617568830000,44889,98333,143222
1617569130000,44917,98444,143361
1617569430000,44907,98209,143116
1617569730000,44860,98021,142881
1617570030000,44802,97572,142374
1617570330000,44646,97483,142129
1617570630000,44469,97282,141751
1617570929000,44246,96812,141058
1617571230000,44098,96352,140450
1617571529000,43968,96364,140332
1617571830000,43854,96222,140076
1617572130000,43743,95833,139576
1617572429000,43541,95574,139115
1617572730000,43417,95424,138841
1617573029000,43278,95192,138470
1617573330000,43104,95082,138186
1617573630000,42952,94357,137309
1617573930000,42804,93650,136454
1617574230000,42683,93371,136054
1617574530000,42500,93256,135756
1617574829000,42414,92953,135367
1617575129000,42235,92740,134975
1617575430000,42206,92688,134894
1617575730000,42140,92513,134653
1617576029000,42080,92138,134218
1617576330000,42001,91841,133842
1617576630000,41963,91598,133561
1617576930000,41776,90887,132663
1617577230000,41724,90465,132189
1617577530000,41584,90008,131592
1617577830000,41307,89631,130938
1617578130000,41068,89471,130539
1617578430000,41065,89348,130413
1617578730000,40954,88938,129892
1617579030000,40790,88636,129426
1617579330000,40681,88339,129020
1617579630000,40731,88342,129073
1617579930000,40703,88348,129051
1617580229000,40819,88161,128980
1617580529000,40693,87935,128628
1617580829000,40668,87945,128613
1617581130000,41097,87588,128685
1617581429000,41338,87400,128738
1617581730000,41325,87521,128846
1617582030000,41333,87663,128996
1617582330000,41152,87786,128938
1617582629000,41096,87645,128741
1617582930000,41071,87792,128863
1617583230000,40962,87826,128788
1617583530000,40907,88128,129035
1617583830000,40624,88378,129002
1617584130000,40631,88570,129201
1617584430000,40543,88381,128924
1617584730000,40437,88463,128900
1617585030000,40304,88355,128659
1617585330000,40246,88660,128906
1617585630000,40180,88738,128918
1617585930000,39983,89034,129017
1617586230000,39859,89418,129277
1617586530000,39754,89220,128974
1617586830000,39624,89253,128877
1617587130000,39509,89145,128654
1617587430000,39459,89148,128607
1617587730000,39371,89051,128422
1617588030000,39194,88639,127833
1617588330000,39070,88144,127214
1617588630000,38796,87975,126771
1617588930000,38508,87685,126193
1617589230000,38346,87391,125737
1617589530000,38107,87254,125361
1617589830000,37885,87140,125025
1617590130000,37603,86833,124436
1617590430000,37302,86969,124271
1617590730000,37042,87054,124096
1617591029000,36762,86951,123713
1617591330000,36520,86685,123205
1617591629000,36092,86040,122132
1617591929000,35735,85479,121214
1617592230000,35444,84992,120436
1617592530000,35208,84397,119605
1617592830000,34939,83951,118890
1617593130000,34672,83467,118139
1617593430000,34378,82998,117376
1617593730000,34074,82043,116117
1617594030000,33777,81612,115389
1617594330000,33405,80808,114213
1617594630000,33083,80171,113254
1617594930000,32732,79595,112327
1617595229000,32382,78810,111192
1617595530000,32072,78136,110208
1617595829000,31658,77466,109124
1617596130000,31276,76784,108060
1617596430000,30952,75973,106925
1617596730000,30656,75268,105924
1617597030000,30230,74427,104657
1617597330000,29959,73626,103585
1617597630000,29635,72689,102324
1617597930000,29400,71989,101389
1617598229000,29051,71121,100172
1617598530000,28775,70339,99114
1617598830000,28478,69619,98097
1617599130000,28230,68685,96915
1617599430000,27930,67804,95734
1617599729000,27621,66986,94607
1617600030000,27367,66191,93558
1617600330000,27108,65666,92774
1617600630000,26829,64858,91687
1617600930000,26684,64244,90928
1617601230000,26493,63440,89933
1617601530000,26351,62687,89038
1617601829000,26320,61988,88308
1617602130000,25997,61437,87434
1617602430000,25634,60765,86399
1617602730000,24092,60316,84408
1617603030000,23836,59863,83699
1617603330000,23712,59270,82982
1617603630000,23544,58776,82320
1617603930000,23534,58416,81950
1617604230000,23487,58085,81572
1617604529000,23220,58689,81909
1617604830000,23655,58879,82534
1617605129000,23660,58313,81973
1617605430000,24727,57874,82601
1617605730000,24681,57671,82352
1617606030000,24589,57480,82069
1617606330000,24576,57375,81951
1617606630000,24471,57202,81673
1617606930000,24400,56787,81187
1617607230000,24208,56598,80806
1617607530000,24232,56464,80696
1617607829000,24270,56489,80759
1617608130000,24372,56237,80609
1617608430000,24512,56151,80663
1617608730000,24596,56117,80713
1617609030000,24691,56011,80702
1617609330000,24754,55989,80743
1617609630000,24869,55720,80589
1617609930000,24890,55680,80570
1617610230000,25197,55711,80908
1617610530000,25480,55846,81326
1617610829000,25652,55755,81407
1617611130000,25802,55701,81503
1617611430000,25933,55851,81784
1617611729000,26117,55944,82061
1617612029000,26307,56033,82340
1617612330000,26402,56294,82696
1617612629000,26529,56364,82893
1617612930000,26594,56680,83274
1617613230000,26718,56471,83189
1617613530000,26788,56337,83125
1617613830000,26926,56275,83201
1617614130000,26997,56401,83398
1617614429000,27060,56956,84016
1617614729000,27367,57261,84628
1617615030000,27536,57519,85055
1617615330000,27672,57686,85358
1617615629000,27799,57747,85546
1617615930000,28054,57973,86027
1617616230000,28204,58254,86458
1617616530000,28384,58161,86545
1617616830000,28439,58491,86930
1617617129000,28650,58475,87125
1617617429000,28908,58834,87742
1617617730000,29048,59177,88225
1617618030000,29188,59333,88521
1617618330000,29515,59261,88776
1617618630000,29745,59473,89218
1617618930000,29909,59910,89819
1617619230000,30037,60429,90466
1617619530000,30149,60727,90876
1617619830000,30269,61001,91270
1617620129000,30456,61454,91910
1617620430000,30646,61839,92485
1617620730000,30898,62230,93128
1617621030000,31092,62843,93935
1617621330000,31236,63391,94627
1617621630000,31453,63858,95311
1617621930000,31662,64244,95906
1617622230000,31786,64885,96671
1617622530000,31952,65126,97078
1617622830000,32115,65541,97656
1617623129000,32369,66097,98466
1617623429000,32721,66688,99409
1617623730000,32996,67101,100097
1617624030000,33353,67530,100883
1617624329000,33531,68194,101725
1617624630000,33671,68871,102542
1617624930000,33873,69425,103298
1617625229000,34260,70320,104580
1617625530000,34608,70744,105352
1617625830000,34750,71425,106175
1617626130000,35141,72223,107364
1617626430000,35458,73111,108569
1617626730000,35704,73811,109515
1617627030000,35933,74611,110544
1617627330000,36177,75132,111309
1617627630000,36380,75841,112221
1617627930000,36663,76439,113102
1617628230000,36886,77243,114129
1617628530000,36468,77056,113524
1617628829000,36871,78301,115172
1617629130000,37206,78847,116053
1617629430000,37599,79659,117258
1617629730000,37983,80563,118546
1617630029000,38294,81066,119360
1617630329000,38541,81560,120101
1617630630000,38857,82446,121303
1617630930000,39149,83117,122266
1617631229000,39184,83520,122704
1617631530000,39415,84142,123557
1617631830000,39613,84988,124601
1617632130000,39930,85771,125701
1617632430000,40096,85276,125372
1617632729000,40338,85993,126331
1617633030000,40542,86442,126984
1617633330000,40801,87109,127910
1617633629000,40892,87736,128628
1617633929000,41176,88338,129514
1617634230000,41302,88766,130068
1617634529000,41414,89256,130670
1617634830000,41678,89626,131304
1617635130000,41805,89992,131797
1617635430000,41864,90628,132492
1617635730000,42074,91175,133249
1617636030000,42293,91908,134201
1617636330000,42375,92385,134760
1617636630000,42468,92623,135091
1617636930000,42628,92807,135435
1617637229000,42825,92974,135799
1617637530000,42902,92998,135900
1617637830000,43022,93214,136236
1617638129000,42860,93300,136160
1617638430000,42991,93026,136017
1617638729000,43025,92988,136013
1617639030000,42974,92911,135885
1617639330000,43101,93013,136114
1617639630000,43074,93235,136309
1617639930000,43186,93605,136791
1617640230000,43777,93703,137480
1617640529000,42306,93951,136257
1617640830000,41910,94261,136171
1617641130000,41688,94374,136062
1617641430000,41567,94621,136188
1617641730000,41939,94982,136921
1617642034000,42056,95060,137116
1617642330000,42432,95353,137785
1617642630000,42556,95800,138356
1617642930000,42822,96042,138864
1617643230000,44008,96358,140366
1617643530000,44182,96629,140811
1617643830000,44150,96716,140866
1617644130000,44235,96768,141003
1617644429000,44445,97206,141651
1617644730000,44649,97717,142366
1617645030000,44692,98157,142849
1617645330000,44819,98354,143173
1617645630000,44800,98238,143038
1617645930000,45018,98769,143787
1617646229000,45002,98831,143833
1617646529000,45195,99435,144630
1617646830000,45404,99597,145001
1617647129000,45518,99627,145145
1617647430000,45670,100095,145765
1617647729000,45688,100467,146155
1617648030000,45870,100723,146593
1617648329000,46084,101071,147155
1617648629000,46116,101482,147598
1617648930000,46162,101550,147712
1617649230000,46207,101595,147802
1617649530000,46256,101441,147697
1617649830000,46297,101789,148086
1617650195000,46447,102305,148752
1617650430000,46381,102490,148871
1617650729000,46385,102646,149031
1617651030000,46462,102578,149040
1617651330000,46449,102892,149341
1617651630000,46469,103079,149548
1617651930000,46450,103134,149584
1617652230000,46352,103183,149535
1617652529000,46360,103451,149811
1617652829000,46252,103080,149332
1617653130000,46079,102774,148853
1617653430000,45855,102588,148443
1617653730000,45710,102130,147840
1617654030000,45689,101868,147557
1617654329000,45489,101941,147430
1617654630000,45323,101679,147002
1617654930000,45116,101339,146455
1617655230000,44918,101474,146392
1617655530000,44765,100985,145750
1617655830000,44595,100655,145250
1617656129000,44477,100693,145170
1617656430000,44207,100137,144344
1617656730000,43864,99599,143463
1617657030000,43756,98554,142310
1617657330000,43538,98109,141647
1617657630000,43413,98079,141492
1617657930000,43185,97300,140485
1617658230000,42926,96838,139764
1617658530000,42718,96505,139223
1617658830000,42490,96207,138697
1617659130000,42311,95693,138004
1617659430000,42219,95370,137589
1617659730000,42009,94717,136726
1617660029000,41847,94147,135994
1617660330000,41496,93469,134965
1617660629000,41188,92644,133832
1617660929000,41074,92560,133634
1617661230000,40959,92277,133236
1617661529000,40947,91932,132879
1617661829000,40754,91611,132365
1617662129000,40597,91166,131763
1617662430000,40503,91011,131514
1617662729000,40408,90268,130676
1617663030000,40357,89893,130250
1617663330000,40169,89523,129692
1617663630000,40106,89138,129244
1617663930000,39750,89220,128970
1617664229000,39771,88947,128718
1617664530000,39668,88933,128601
1617664829000,39611,89014,128625
1617665129000,39595,88994,128589
1617665430000,39539,88771,128310
1617665730000,39481,88672,128153
1617666029000,39544,88873,128417
1617666330000,39422,88818,128240
1617666630000,39438,89224,128662
1617666930000,39443,88946,128389
1617667230000,39384,88706,128090
1617667530000,39916,88669,128585
1617667830000,39968,88717,128685
1617668129000,39823,88949,128772
1617668430000,39971,89106,129077
1617668730000,39908,89372,129280
1617669030000,39906,89530,129436
1617669330000,39941,89679,129620
1617669630000,39860,90009,129869
1617669930000,39806,89963,129769
1617670229000,39827,89960,129787
1617670530000,39768,90407,130175
1617670830000,39648,90536,130184
1617671129000,39417,90191,129608
1617671429000,39291,90209,129500
1617671730000,39367,90530,129897
1617672030000,38727,90702,129429
1617672330000,38657,90606,129263
1617672629000,38412,90515,128927
1617672930000,38338,90497,128835
1617673229000,38208,90453,128661
1617673530000,38165,90609,128774
1617673830000,37943,90342,128285
1617674130000,37776,89993,127769
1617674430000,37616,89960,127576
1617674730000,37466,89506,126972
1617675030000,37202,89100,126302
1617675329000,37002,89072,126074
1617675630000,36742,89226,125968
1617675930000,36524,88702,125226
1617676230000,36273,88254,124527
1617676530000,35942,87736,123678
1617676830000,35777,87361,123138
1617677130000,35629,87063,122692
1617677430000,35389,86628,122017
1617677729000,35065,86046,121111
1617678030000,34650,85359,120009
1617678329000,34383,84734,119117
1617678630000,34089,84417,118506
1617678929000,33813,83394,117207
1617679229000,33555,82958,116513
1617679530000,33285,82212,115497
1617679830000,32786,81203,113989
1617680130000,32526,80497,113023
1617680429000,32216,79943,112159
1617680730000,32050,79273,111323
1617681030000,31682,78587,110269
1617681330000,31441,77821,109262
1617681630000,31146,76907,108053
1617681930000,30703,75873,106576
1617682230000,30370,75076,105446
1617682530000,30129,74416,104545
1617682830000,29771,73591,103362
1617683130000,29410,72811,102221
1617683430000,29097,72129,101226
1617683730000,28821,71498,100319
1617684030000,28501,70813,99314
1617684330000,28192,70048,98240
1617684630000,27913,69276,97189
1617684929000,27655,68447,96102
1617685229000,27506,67562,95068
1617685530000,27078,66731,93809
1617685829000,26784,65743,92527
1617686130000,26587,65169,91756
1617686429000,26393,64525,90918
1617686730000,26176,63780,89956
1617687030000,25886,63433,89319
1617687330000,25713,62945,88658
1617687630000,25395,62434,87829
1617687930000,25248,61913,87161
1617688229000,25130,61200,86330
1617688530000,25012,60507,85519
1617688829000,24873,59753,84626
1617689130000,24610,59192,83802
1617689429000,24525,59275,83800
1617689730000,24429,59219,83648
1617690030000,23137,58744,81881
1617690332000,22790,57391,80181
1617690630000,22742,56987,79729
1617690930000,23108,57278,80386
1617691230000,22374,57843,80217
1617691530000,22324,57885,80209
1617691830000,22284,57489,79773
1617692130000,22283,57187,79470
1617692429000,22248,56918,79166
1617692729000,22240,56523,78763
1617693030000,22202,56506,78708
1617693330000,22109,56190,78299
1617693629000,21980,56004,77984
1617693930000,22036,55763,77799
1617694230000,22086,55604,77690
1617694530000,22126,55305,77431
1617694830000,22139,55179,77318
1617695130000,22149,55125,77274
1617695430000,22101,55123,77224
1617695730000,22078,54953,77031
1617696030000,22099,54567,76666
1617696330000,22189,54576,76765
1617696630000,22381,54468,76849
1617696930000,22596,54419,77015
1617697230000,22725,54554,77279
1617697530000,22817,54344,77161
1617697830000,22771,54274,77045
1617698130000,22767,54177,76944
1617698430000,22842,54399,77241
1617698729000,22961,54548,77509
1617699030000,23074,54453,77527
1617699330000,23109,54497,77606
1617699629000,23208,54577,77785
1617699929000,23286,54687,77973
1617700230000,23501,54489,77990
1617700530000,23484,54373,77857
1617700830000,23661,54312,77973
1617701130000,23745,54385,78130
1617701430000,23728,54453,78181
1617701730000,23892,54525,78417
1617702030000,23867,54642,78509
1617702330000,23921,54669,78590
1617702629000,24086,55096,79182
1617702930000,24259,55175,79434
1617703230000,24336,55113,79449
1617703530000,23751,55100,78851
1617703830000,23657,55301,78958
1617704130000,23505,55412,78917
1617704429000,23234,55841,79075
1617704730000,22207,55986,78193
1617705030000,9474,56332,65806
1617705330000,6928,56578,63506
1617705630000,11651,56749,68400
1617705930000,14234,56950,71184
1617706230000,16014,56909,72923
1617706530000,17380,56866,74246
1617706830000,18385,57074,75459
1617707130000,19393,57245,76638
1617707430000,20201,57444,77645
1617707730000,20953,57926,78879
1617708029000,21634,58629,80263
1617708330000,22336,58940,81276
1617708630000,22797,58947,81744
1617708930000,23311,59519,82830
1617709230000,23806,60160,83966
1617709530000,24114,60801,84915
1617709830000,24596,61396,85992
1617710130000,25047,61966,87013
1617710429000,25395,62186,87581
1617710730000,25893,62984,88877
1617711030000,26092,63633,89725
1617711330000,26685,64261,90946
1617711630000,27286,65004,92290
1617711929000,27674,65678,93352
1617712230000,28058,66296,94354
1617712530000,28440,66969,95409
1617712830000,28785,67659,96444
1617713130000,29103,68336,97439
1617713430000,29451,68688,98139
1617713730000,29861,69405,99266
1617714029000,30254,69970,100224
1617714330000,30549,71072,101621
1617714631000,30836,71916,102752
1617714930000,31198,72510,103708
1617715230000,31550,73225,104775
1617715530000,31870,73880,105750
1617715830000,32108,74687,106795
1617716130000,32551,75211,107762
1617716430000,32797,75719,108516
1617716730000,32996,76427,109423
1617717030000,33333,77209,110542
1617717330000,33587,77782,111369
1617717630000,33865,78236,112101
1617717930000,34252,78850,113102
1617718230000,34501,79643,114144
1617718530000,34751,80271,115022
1617718830000,35041,81058,116099
1617719130000,35282,82769,118051
1617719430000,35550,83463,119013
1617719730000,35945,83420,119365
1617720030000,36000,84281,120281
1617720330000,36149,85151,121300
1617720629000,36133,85953,122086
1617720930000,36338,86387,122725
1617721230000,36398,86780,123178
1617721530000,36619,87216,123835
1617721830000,36875,87590,124465
1617722130000,37051,88226,125277
1617722430000,37301,89004,126305
1617722731000,37684,89322,127006
1617723029000,38103,89685,127788
1617723330000,38446,89912,128358
1617723630000,38647,90020,128667
1617723930000,39025,90085,129110
1617724229000,39236,89957,129193
1617724530000,39581,90199,129780
1617724830000,39815,90360,130175
1617725129000,40101,90311,130412
1617725430000,40581,90154,130735
1617725729000,40942,90343,131285
1617726030000,41184,90813,131997
1617726330000,41455,90972,132427
1617726630000,41867,91050,132917
1617726930000,41842,91560,133402
1617727230000,42470,91960,134430
1617727530000,42849,92121,134970
1617727830000,42959,92645,135604
1617728130000,43966,92875,136841
1617728429000,43801,92848,136649
1617728730000,43249,92672,135921
1617729029000,43635,93126,136761
1617729330000,43736,93338,137074
1617729630000,43835,93931,137766
1617729929000,44042,94054,138096
1617730230000,44338,94562,138900
1617730529000,44688,94741,139429
1617730830000,45034,95294,140328
1617731130000,45405,95643,141048
1617731430000,45742,96117,141859
1617731731000,46055,96595,142650
1617732030000,46300,94733,141033
1617732330000,46605,95175,141780
1617732630000,46708,96035,142743
1617732930000,46972,98242,145214
1617733230000,47144,98403,145547
1617733530000,47368,98877,146245
1617733831000,47425,98948,146373
1617734130000,45771,99122,144893
1617734430000,45888,98905,144793
1617734729000,45982,99649,145631
1617735030000,46142,99903,146045
1617735329000,46068,99966,146034
1617735630000,46127,99319,145446
1617735930000,46095,99687,145782
1617736230000,46192,100008,146200
1617736529000,46161,100316,146477
1617736830000,46159,100553,146712
1617737130000,46159,100494,146653
1617737430000,46173,100946,147119
1617737730000,46085,101035,147120
1617738030000,45917,101369,147286
1617738329000,45921,101410,147331
1617738629000,45938,101781,147719
1617738930000,45752,102091,147843
1617739230000,45649,101936,147585
1617739530000,45525,101838,147363
1617739829000,45398,101597,146995
1617740130000,45383,101319,146702
1617740431000,45277,100773,146050
1617740730000,44920,100552,145472
1617741030000,44725,100239,144964
1617741330000,44500,100031,144531
1617741630000,44218,99310,143528
1617741930000,44080,99175,143255
1617742230000,43934,98848,142782
1617742530000,43849,98353,142202
1617742830000,43612,97934,141546
1617743130000,43482,97212,140694
1617743430000,43208,96643,139851
1617743730000,43060,95997,139057
1617744030000,42914,95751,138665
1617744330000,42699,95667,138366
1617744629000,42448,95212,137660
1617744929000,42265,94701,136966
1617745230000,42193,94345,136538
1617745530000,42129,94047,136176
1617745830000,42024,93641,135665
1617746130000,41788,93152,134940
1617746430000,41426,92353,133779
1617746730000,41202,93056,134258
1617747030000,40881,92887,133768
1617747330000,40713,92407,133120
1617747630000,40612,92036,132648
1617747930000,40420,91590,132010
1617748230000,40127,91462,131589
1617748530000,39840,91191,131031
1617748830000,39773,90983,130756
1617749130000,39735,90584,130319
1617749431000,39591,90462,130053
1617749730000,39509,90134,129643
1617750030000,39333,89679,129012
1617750330000,39347,89488,128835
1617750630000,39267,89549,128816
1617750929000,39173,89367,128540
1617751230000,39074,89073,128147
1617751530000,38958,88942,127900
1617751829000,38950,88702,127652
1617752130000,38937,88671,127608
1617752429000,38923,88681,127604
1617752730000,38949,88573,127522
1617753030000,38814,88291,127105
1617753330000,38994,88294,127288
1617753630000,39065,88251,127316
1617753930000,39717,88460,128177
1617754229000,39823,88445,128268
1617754530000,39893,88777,128670
1617754830000,39976,88584,128560
1617755130000,39951,88753,128704
1617755430000,39896,88931,128827
1617755730000,39814,88974,128788
1617756030000,39703,89117,128820
1617756330000,39589,89306,128895
1617756630000,39443,89421,128864
1617756930000,39285,89775,129060
1617757230000,39179,89691,128870
1617757530000,39068,89873,128941
1617757830000,39011,90099,129110
1617758130000,38978,90184,129162
1617758430000,38958,90077,129035
1617758729000,38916,90107,129023
1617759030000,38873,90112,128985
1617759330000,38790,90056,128846
1617759630000,38633,90115,128748
1617759930000,38342,89882,128224
1617760230000,38108,90022,128130
1617760530000,37863,90052,127915
1617760830000,37705,89950,127655
1617761130000,37501,89696,127197
1617761430000,37208,89232,126440
1617761730000,37055,89154,126209
1617762030000,36874,88788,125662
1617762329000,36579,88571,125150
1617762629000,36349,88282,124631
1617762930000,36130,87925,124055
1617763229000,35905,87859,123764
1617763530000,35565,87533,123098
1617763830000,35236,87157,122393
1617764130000,34787,86380,121167
1617764430000,34497,85450,119947
1617764729000,34275,84437,118712
1617765029000,33930,84017,117947
1617765330000,33685,83784,117469
1617765630000,33429,83251,116680
1617765930000,33253,82738,115991
1617766230000,32870,82312,115182
1617766530000,32692,81629,114321
1617766830000,32325,81216,113541
1617767130000,32025,80668,112693
1617767429000,31781,80015,111796
1617767730000,31332,79208,110540
1617768030000,30934,78200,109134
1617768330000,30541,77315,107856
1617768630000,30183,76764,106947
1617768929000,29861,75985,105846
1617769230000,29541,75266,104807
1617769530000,29250,74511,103761
1617769830000,28994,73872,102866
1617770130000,28729,73245,101974
1617770430000,28509,72829,101338
1617770729000,28309,72110,100419
1617771030000,28105,71242,99347
1617771330000,27928,70247,98175
1617771630000,27598,68878,96476
1617771930000,27289,68025,95314
1617772230000,27040,67063,94103
1617772530000,26780,66355,93135
1617772830000,26556,65275,91831
1617773130000,26445,64289,90734
1617773429000,26195,63668,89863
1617773730000,25984,62897,88881
1617774030000,26015,62310,88325
1617774330000,25732,61668,87400
1617774630000,26045,61031,87076
1617774929000,25482,60512,85994
1617775229000,25384,59824,85208
1617775530000,23839,59287,83126
1617775830000,23449,59576,83025
1617776129000,24229,59749,83978
1617776429000,23037,59043,82080
1617776730000,23155,57127,80282
1617777030000,22964,56611,79575
1617777329000,23706,56764,80470
1617777630000,23819,57579,81398
1617777930000,23744,57805,81549
1617778230000,24753,57339,82092
1617778529000,24597,57048,81645
1617778830000,24553,56653,81206
1617779130000,24499,56153,80652
1617779430000,24420,55994,80414
1617779729000,24324,55558,79882
1617780030000,24297,55317,79614
1617780330000,24164,54955,79119
1617780630000,24227,54740,78967
1617780929000,24235,54563,78798
1617781230000,24123,54697,78820
1617781529000,24263,54402,78665
1617781829000,24223,54296,78519
1617782130000,24267,53776,78043
1617782430000,24450,53534,77984
1617782730000,24842,53584,78426
1617783031000,25020,53514,78534
1617783330000,25078,53390,78468
1617783630000,25211,53188,78399
1617783930000,25150,53140,78290
1617784230000,25293,53111,78404
1617784530000,25283,53108,78391
1617784830000,25300,53247,78547
1617785130000,25425,53435,78860
1617785430000,25636,53561,79197
1617785729000,25696,53499,79195
1617786030000,25726,53087,78813
1617786330000,25841,53206,79047
1617786630000,25993,53437,79430
1617786930000,26219,53471,79690
1617787230000,26355,53737,80092
1617787530000,26372,53758,80130
1617787830000,26555,53796,80351
1617788130000,26786,53649,80435
1617788430000,27016,53714,80730
1617788730000,27160,53755,80915
1617789030000,27336,54044,81380
1617789330000,27465,54049,81514
1617789630000,27524,54056,81580
1617789929000,27670,52601,80271
1617790230000,27902,51946,79848
1617790530000,28001,51444,79445
1617790830000,28103,50072,78175
1617791130000,28319,47188,75507
1617791430000,28326,20431,48757
1617791729000,28544,19693,48237
1617792030000,28634,26997,55631
1617792330000,28745,31646,60391
1617792630000,28901,36064,64965
1617792930000,28976,39800,68776
1617793230000,29024,42325,71349
1617793530000,29129,44231,73360
1617793830000,29443,45696,75139
1617794130000,29534,47277,76811
1617794430000,29864,48677,78541
1617794730000,30142,51183,81325
1617795030000,30408,52269,82677
1617795329000,30629,53296,83925
1617795630000,30925,54627,85552
1617795930000,31191,55670,86861
1617796230000,31545,56644,88189
1617796530000,31805,57343,89148
1617796830000,32002,57976,89978
1617797130000,32229,58796,91025
1617797430000,32603,59681,92284
1617797730000,32727,60284,93011
1617798030000,32881,61326,94207
1617798330000,33271,62316,95587
1617798630000,33622,63306,96928
1617798930000,33999,64134,98133
1617799230000,34435,64722,99157
1617799530000,34806,65358,100164
1617799830000,35143,66352,101495
1617800130000,35399,66995,102394
1617800430000,35697,67608,103305
1617800729000,36063,68360,104423
1617801029000,36292,69288,105580
1617801330000,36676,70133,106809
1617801630000,34512,71001,105513
1617801929000,34912,71826,106738
1617802230000,35236,72556,107792
1617802530000,35520,73304,108824
1617802830000,35905,74124,110029
1617803130000,36214,74840,111054
1617803430000,36657,75481,112138
1617803729000,36996,76344,113340
1617804029000,37316,76754,114070
1617804330000,37502,77637,115139
1617804630000,37812,78392,116204
1617804929000,38129,79328,117457
1617805230000,38562,80216,118778
1617805530000,38908,80889,119797
1617805830000,38772,81495,120267
1617806130000,38850,82287,121137
1617806430000,39065,82464,121529
1617806730000,39250,83372,122622
1617807030000,39576,83644,123220
1617807330000,39924,83808,123732
1617807630000,40059,84042,124101
1617807929000,40344,84452,124796
1617808230000,40487,84593,125080
1617808530000,40769,85256,126025
1617808829000,40861,84692,125553
1617809130000,40939,85235,126174
1617809430000,41205,85649,126854
1617809730000,41609,86080,127689
1617810030000,41908,86528,128436
1617810330000,42086,86705,128791
1617810629000,42325,86844,129169
1617810930000,42507,87013,129520
1617811230000,42589,86910,129499
1617811530000,42739,86742,129481
1617811830000,40797,87067,127864
1617812130000,40882,87357,128239
1617812430000,41026,87796,128822
1617812730000,41259,87832,129091
1617813029000,41483,87967,129450
1617813330000,41784,88331,130115
1617813629000,42115,88788,130903
1617813930000,42431,89141,131572
1617814230000,42703,89530,132233
1617814529000,42943,89786,132729
1617814830000,43130,89890,133020
1617815130000,43400,90123,133523
1617815430000,43531,90725,134256
1617815729000,43822,91151,134973
1617816030000,43949,91473,135422
1617816331000,44201,91994,136195
1617816630000,44543,92325,136868
1617816930000,42924,92671,135595
1617817229000,43201,93082,136283
1617817529000,43754,93645,137399
1617817830000,43650,94152,137802
1617818130000,43687,94513,138200
1617818430000,42592,93006,135598
1617818730000,43879,93370,137249
1617819029000,43007,94190,137197
1617819329000,43260,95579,138839
1617819630000,43814,96166,139980
1617819929000,43759,96384,140143
1617820230000,44149,96703,140852
1617820530000,44284,97078,141362
1617820830000,45089,97594,142683
1617821130000,45968,97835,143803
1617821430000,46156,98269,144425
1617821730000,44647,98542,143189
1617822030000,44558,98447,143005
1617822330000,44547,98284,142831
1617822630000,44569,98773,143342
1617822930000,44578,98813,143391
1617823229000,44487,99238,143725
1617823530000,44477,99577,144054
1617823830000,44426,99353,143779
1617824130000,44381,99435,143816
1617824430000,44293,99682,143975
1617824730000,44386,99637,144023
1617825030000,44453,99857,144310
1617825329000,44468,99703,144171
1617825630000,44376,99565,143941
1617825930000,44216,99708,143924
1617826232000,44082,99775,143857
1617826530000,44082,99678,143760
1617826830000,43883,99545,143428
1617827130000,43825,99830,143655
1617827439000,43483,99461,142944
1617827730000,43497,99177,142674
1617828030000,43276,99458,142734
1617828330000,43113,99081,142194
1617828629000,42897,98711,141608
1617828930000,42766,98316,141082
1617829230000,42492,97878,140370
1617829530000,42451,97372,139823
1617829830000,42318,96924,139242
1617830129000,42057,96657,138714
1617830430000,41929,96436,138365
1617830730000,41790,95660,137450
1617831030000,41594,95138,136732
1617831329000,41476,94444,135920
1617831629000,41219,94205,135424
1617831929000,41082,93830,134912
1617832230000,41095,94898,135993
1617832530000,41064,93219,134283
1617832830000,40859,92655,133514
1617833130000,40579,91989,132568
1617833430000,40464,91662,132126
1617833730000,40313,91451,131764
1617834030000,40004,91160,131164
1617834330000,39809,90853,130662
1617834629000,39676,90252,129928
1617834930000,39534,90089,129623
1617835230000,39536,89850,129386
1617835530000,39379,89615,128994
1617835829000,39233,89523,128756
1617836130000,39038,88828,127866
1617836430000,38882,88494,127376
1617836729000,38741,88736,127477
1617837030000,38678,88260,126938
1617837330000,38456,87969,126425
1617837630000,38369,88005,126374
1617837930000,38382,87336,125718
1617838230000,38199,87106,125305
1617838530000,38156,87191,125347
1617838830000,38140,87127,125267
1617839130000,38135,87096,125231
1617839430000,38270,87000,125270
1617839730000,38213,87031,125244
1617840030000,38358,86871,125229
1617840329000,38817,86872,125689
1617840630000,39014,86869,125883
1617840930000,38944,87196,126140
1617841230000,38962,86724,125686
1617841530000,38876,87653,126529
1617841830000,38817,87936,126753
1617842129000,38783,88167,126950
1617842430000,38762,88674,127436
1617842730000,38667,88014,126681
1617843030000,38670,88624,127294
1617843330000,38520,88234,126754
1617843630000,38368,88395,126763
1617843930000,38340,87822,126162
1617844230000,38177,88094,126271
1617844530000,38115,88454,126569
1617844830000,37982,88700,126682
1617845130000,37906,88879,126785
1617845430000,37839,89155,126994
1617845730000,37692,89178,126870
1617846029000,37635,89331,126966
1617846329000,37516,89178,126694
1617846630000,37311,89119,126430
1617846929000,37094,88901,125995
1617847229000,36942,88663,125605
1617847530000,36688,88315,125003
1617847830000,36399,88147,124546
1617848130000,36176,86862,123038
1617848430000,36011,86673,122684
1617848729000,35788,86482,122270
1617849030000,35523,86411,121934
1617849330000,35388,86390,121778
1617849630000,35116,86236,121352
1617849930000,34923,85892,120815
1617850230000,34571,85554,120125
1617850530000,34327,85221,119548
1617850830000,34020,84546,118566
1617851130000,33588,83642,117230
1617851430000,33295,83456,116751
1617851730000,32959,82733,115692
1617852029000,32733,82132,114865
1617852330000,32521,81322,113843
1617852630000,32222,80628,112850
1617852929000,32053,80236,112289
1617853230000,31715,79582,111297
1617853530000,31526,78904,110430
1617853830000,31177,78294,109471
1617854129000,30847,77585,108432
1617854429000,30483,76945,107428
1617854730000,30106,76032,106138
1617855030000,29768,75432,105200
1617855330000,29422,74682,104104
1617855629000,29228,74075,103303
1617855930000,28812,73361,102173
1617856230000,28606,72778,101384
1617856530000,28357,72146,100503
1617856829000,28089,71594,99683
1617857130000,27706,70665,98371
1617857429000,27466,70204,97670
1617857730000,27116,69324,96440
1617858030000,26825,68437,95262
1617858330000,26545,67326,93871
1617858630000,26365,66415,92780
1617858930000,26185,65297,91482
1617859230000,25939,64622,90561
1617859530000,25772,63667,89439
1617859829000,25531,62926,88457
1617860130000,25399,62059,87458
1617860430000,25205,61422,86627
1617860730000,24948,60524,85472
1617861030000,24817,59886,84703
1617861330000,24589,59268,83857
1617861630000,24563,58640,83203
1617861929000,24188,58067,82255
1617862230000,22761,58302,81063
1617862530000,23596,58346,81942
1617862829000,22724,57520,80244
1617863130000,22339,56167,78506
1617863430000,22487,55901,78388
1617863730000,23222,55948,79170
1617864030000,23209,56716,79925
1617864330000,22774,56691,79465
1617864630000,24244,56469,80713
1617864930000,24174,56071,80245
1617865229000,24221,55846,80067
1617865530000,24231,55540,79771
1617865830000,24216,55959,80175
1617866130000,24233,55848,80081
1617866430000,24203,55732,79935
1617866730000,24235,55438,79673
1617867030000,24208,55281,79489
1617867330000,24178,55193,79371
1617867630000,24253,54950,79203
1617867930000,24293,54939,79232
1617868230000,24216,54828,79044
1617868530000,24149,54510,78659
1617868830000,24263,54420,78683
1617869130000,24546,54191,78737
1617869429000,24618,54301,78919
1617869730000,24728,54215,78943
1617870030000,24681,54207,78888
1617870330000,24788,54161,78949
1617870629000,24871,54247,79118
1617870930000,24895,53311,78206
1617871229000,24919,53648,78567
1617871530000,25047,53721,78768
1617871830000,25103,53858,78961
1617872130000,25091,53454,78545
1617872430000,25156,53383,78539
1617872730000,25126,53505,78631
1617873030000,25201,53534,78735
1617873330000,25260,53662,78922
1617873630000,25329,53851,79180
1617873930000,25387,53848,79235
1617874230000,25455,53748,79203
1617874530000,25628,53836,79464
1617874830000,25744,53961,79705
1617875130000,25673,53995,79668
1617875430000,25677,54038,79715
1617875730000,25754,54019,79773
1617876030000,25756,54191,79947
1617876330000,25873,54164,80037
1617876630000,25921,54199,80120
1617876930000,26154,54411,80565
1617877230000,26278,54611,80889
1617877530000,26189,54782,80971
1617877830000,26338,54921,81259
1617878130000,26590,55180,81770
1617878430000,26812,55449,82261
1617878733000,26912,55891,82803
1617879030000,27029,56298,83327
1617879330000,27203,56551,83754
1617879630000,27344,56783,84127
1617879930000,27484,57034,84518
1617880230000,27561,57575,85136
1617880530000,27749,57910,85659
1617880830000,27979,58463,86442
1617881130000,28154,58905,87059
1617881430000,28191,59526,87717
1617881730000,28209,59968,88177
1617882030000,28460,60537,88997
1617882330000,28567,60928,89495
1617882630000,29013,61294,90307
1617882929000,29100,61568,90668
1617883230000,29320,62096,91416
1617883530000,29625,62680,92305
1617883830000,29886,63332,93218
1617884130000,29978,64012,93990
1617884430000,30308,64640,94948
1617884730000,30742,65286,96028
1617885030000,30960,66030,96990
1617885330000,31396,66997,98393
1617885630000,31612,67781,99393
1617885930000,31787,68199,99986
1617886230000,32020,68977,100997
1617886530000,32170,69674,101844
1617886830000,32412,70223,102635
1617887130000,32852,70920,103772
1617887430000,33126,71356,104482
1617887730000,33377,71952,105329
1617888030000,33655,72497,106152
1617888330000,34039,73183,107222
1617888629000,34399,73896,108295
1617888930000,34726,74477,109203
1617889230000,34909,75115,110024
1617889530000,35209,75742,110951
1617889830000,35448,76473,111921
1617890130000,35716,77053,112769
1617890430000,35920,77705,113625
1617890730000,36239,78377,114616
1617891030000,36414,79017,115431
1617891330000,36595,79818,116413
1617891629000,36850,80656,117506
1617891930000,37032,81428,118460
1617892230000,37211,82094,119305
1617892530000,37391,82928,120319
1617892830000,37670,83552,121222
1617893130000,37890,84172,122062
1617893430000,38138,84925,123063
1617893730000,38295,85496,123791
1617894029000,38471,85716,124187
1617894330000,38671,86066,124737
1617894629000,38952,86863,125815
1617894930000,39240,87267,126507
1617895230000,39741,87759,127500
1617895530000,40398,88083,128481
1617895830000,40825,88180,129005
1617896130000,41267,88432,129699
1617896430000,41840,88756,130596
1617896730000,42195,89243,131438
1617897030000,42478,89716,132194
1617897330000,42839,89794,132633
1617897630000,43132,89619,132751
1617897930000,43515,89611,133126
1617898230000,43754,89862,133616
1617898530000,44118,90015,134133
1617898830000,44441,90234,134675
1617899130000,44667,90336,135003
1617899430000,44849,90612,135461
1617899730000,45158,90752,135910
1617900030000,45447,90931,136378
1617900330000,45784,91181,136965
1617900630000,45903,91270,137173
1617900930000,46043,92273,138316
1617901230000,46160,92590,138750
1617901530000,46298,92695,138993
1617901830000,46731,93108,139839
1617902130000,46873,93267,140140
1617902430000,45821,93656,139477
1617902730000,45938,93873,139811
1617903030000,46000,93387,139387
1617903330000,45712,93898,139610
1617903629000,45880,94259,140139
1617903930000,46050,94621,140671
1617904230000,43460,94837,138297
1617904530000,43655,95146,138801
1617904830000,43869,93883,137752
1617905130000,44164,94189,138353
1617905430000,44386,94792,139178
1617905730000,44583,96235,140818
1617906031000,44848,97120,141968
1617906330000,45045,97344,142389
1617906630000,45302,97714,143016
1617906930000,45407,98159,143566
1617907230000,44926,92868,137794
1617907530000,45326,94429,139755
1617907830000,45654,95450,141104
1617908130000,45995,96187,142182
1617908430000,44227,96644,140871
1617908730000,44325,97080,141405
1617909030000,44334,97422,141756
1617909330000,44370,97993,142363
1617909630000,44354,98363,142717
1617909930000,44325,98683,143008
1617910230000,44352,99179,143531
1617910530000,44551,99402,143953
1617910830000,44577,99910,144487
1617911129000,44579,99714,144293
1617911430000,44624,99855,144479
1617911730000,44566,100174,144740
1617912030000,44399,100053,144452
1617912330000,44302,100072,144374
1617912630000,44259,100218,144477
1617912930000,44198,100169,144367
1617913230000,44058,100174,144232
1617913529000,43761,99668,143429
1617913830000,43669,99858,143527
1617914130000,43666,99403,143069
1617914430000,43697,99444,143141
1617914730000,43491,99213,142704
1617915030000,43302,99007,142309
1617915330000,43009,98356,141365
1617915630000,42743,97614,140357
1617915930000,42575,97309,139884
1617916230000,42486,97163,139649
1617916530000,42198,96574,138772
1617916830000,42055,96431,138486
1617917130000,42035,95728,137763
1617917430000,41918,95392,137310
1617917730000,41849,95006,136855
1617918030000,41603,94873,136476
1617918330000,41483,94667,136150
1617918629000,41368,94344,135712
1617918930000,41232,93994,135226
1617919230000,40913,93322,134235
1617919530000,40996,91971,132967
1617919830000,41092,91358,132450
1617920130000,41204,91302,132506
1617920430000,40955,91033,131988
1617920730000,40843,90644,131487
1617921030000,40729,90641,131370
1617921330000,40582,90242,130824
1617921630000,40377,90097,130474
1617921930000,40248,89908,130156
1617922230000,40045,89794,129839
1617922530000,39848,89427,129275
1617922830000,39639,89069,128708
1617923130000,39459,88618,128077
1617923430000,39406,88152,127558
1617923730000,39301,87978,127279
1617924030000,39271,87751,127022
1617924330000,39159,87499,126658
1617924630000,39018,87079,126097
1617924929000,38957,87019,125976
1617925229000,38929,86926,125855
1617925530000,38861,86908,125769
1617925829000,38902,86805,125707
1617926130000,38897,86626,125523
1617926430000,39044,86532,125576
1617926730000,39401,86299,125700
1617927030000,39450,86368,125818
1617927330000,39640,86430,126070
1617927630000,39551,86758,126309
1617927930000,39601,86858,126459
1617928229000,39618,87096,126714
1617928530000,39579,87282,126861
1617928830000,39587,87771,127358
1617929130000,39583,87974,127557
1617929430000,39621,88245,127866
1617929729000,39470,88543,128013
1617930030000,39367,88805,128172
1617930329000,39311,88693,128004
1617930630000,39289,88698,127987
1617930930000,39166,88740,127906
1617931229000,38944,88734,127678
1617931530000,38822,88910,127732
1617931830000,38668,88861,127529
1617932130000,38569,88953,127522
1617932429000,38409,88791,127200
1617932730000,38292,88786,127078
1617933030000,38110,88597,126707
1617933330000,37852,88292,126144
1617933630000,37522,88447,125969
1617933930000,37327,88100,125427
1617934230000,37167,87915,125082
1617934530000,36958,87485,124443
1617934830000,36730,87425,124155
1617935130000,36601,87143,123744
1617935430000,36404,87032,123436
1617935730000,36137,86632,122769
1617936030000,35856,86439,122295
1617936330000,35665,85892,121557
1617936630000,35427,85595,121022
1617936930000,35096,85247,120343
1617937230000,34965,84857,119822
1617937530000,34466,84142,118608
1617937830000,34244,83540,117784
1617938130000,33928,82841,116769
1617938430000,33662,82562,116224
1617938730000,33342,81976,115318
1617939030000,33047,81410,114457
1617939330000,32689,80933,113622
1617939630000,32199,80285,112484
1617939930000,31766,79530,111296
1617940229000,31581,78932,110513
1617940530000,31274,78139,109413
1617940830000,30982,77413,108395
1617941130000,30607,76677,107284
1617941430000,30409,76239,106648
1617941730000,30123,75399,105522
1617942030000,29698,74861,104559
1617942330000,29296,73895,103191
1617942630000,29043,73177,102220
1617942930000,28713,72415,101128
1617943230000,28418,71752,100170
1617943530000,28259,71011,99270
1617943830000,27935,70358,98293
1617944130000,27714,69740,97454
1617944429000,27441,68913,96354
1617944730000,27189,67829,95018
1617945030000,27093,66924,94017
1617945329000,26897,65834,92731
1617945630000,26535,65215,91750
1617945930000,26344,64420,90764
1617946230000,26162,63616,89778
1617946530000,25961,63005,88966
1617946830000,25960,62230,88190
1617947130000,26153,61496,87649
1617947429000,25519,60914,86433
1617947730000,25502,60396,85898
1617948030000,24411,59597,84008
1617948330000,24610,59245,83855
1617948630000,24123,59297,83420
1617948930000,24296,59155,83451
1617949230000,23554,58526,82080
1617949530000,24130,57229,81359
1617949830000,24361,56641,81002
1617950129000,25437,56592,82029
1617950430000,25384,57368,82752
1617950729000,25291,57633,82924
1617951030000,25243,57306,82549
1617951330000,25244,56885,82129
1617951630000,25092,56458,81550
1617951930000,25002,56348,81350
1617952230000,25001,56087,81088
1617952530000,25033,55353,80386
1617952830000,24932,55245,80177
1617953130000,24894,55036,79930
1617953429000,24881,54894,79775
1617953730000,24975,54703,79678
1617954030000,25111,54491,79602
1617954330000,25024,54253,79277
1617954630000,25027,54130,79157
1617954930000,25107,53921,79028
1617955230000,25041,53788,78829
1617955530000,25183,54252,79435
1617955830000,25341,53622,78963
1617956130000,25463,53466,78929
1617956430000,25598,53429,79027
1617956730000,25780,53081,78861
1617957030000,26023,53112,79135
1617957330000,26118,52967,79085
1617957630000,26293,53121,79414
1617957929000,26371,53195,79566
1617958230000,26188,53174,79362
1617958530000,26088,53079,79167
1617958830000,26232,53113,79345
1617959130000,25361,52795,78156
1617959430000,25431,52927,78358
1617959730000,25474,53100,78574
1617960030000,25612,53532,79144
1617960330000,25645,53287,78932
1617960630000,25722,53418,79140
1617960930000,25920,53194,79114
1617961230000,26005,53562,79567
1617961530000,26077,53903,79980
1617961829000,26188,53968,80156
1617962130000,26264,54392,80656
1617962430000,26395,53905,80300
1617962730000,26391,53544,79935
1617963030000,26596,54326,80922
1617963330000,26698,53732,80430
1617963630000,26738,54076,80814
1617963930000,26822,54517,81339
1617964230000,26873,54726,81599
1617964530000,27005,55017,82022
1617964830000,27281,55505,82786
1617965130000,27360,55737,83097
1617965430000,27520,56296,83816
1617965730000,27630,56432,84062
1617966029000,27810,56703,84513
1617966330000,27900,57150,85050
1617966629000,28013,57284,85297
1617966930000,28097,57788,85885
1617967230000,28312,58816,87128
1617967530000,28633,58486,87119
1617967830000,28880,58818,87698
1617968130000,29159,59171,88330
1617968430000,29349,59633,88982
1617968730000,29600,60055,89655
1617969030000,29914,60741,90655
1617969330000,30214,61229,91443
1617969630000,30394,61675,92069
1617969930000,30740,62168,92908
1617970230000,30811,63069,93880
1617970530000,31231,63597,94828
1617970830000,31467,64370,95837
1617971130000,31880,65134,97014
1617971430000,32152,65955,98107
1617971730000,32507,66523,99030
1617972030000,32897,67284,100181
1617972330000,33191,67619,100810
1617972630000,33492,68421,101913
1617972930000,33788,68494,102282
1617973230000,34173,70021,104194
1617973530000,34553,69955,104508
1617973830000,35102,70685,105787
1617974130000,35413,71345,106758
1617974430000,35944,72475,108419
1617974730000,36215,72979,109194
1617975030000,36605,73637,110242
1617975330000,36992,74360,111352
1617975630000,37487,75269,112756
1617975936000,37878,75835,113713
1617975988000,37897,75895,113792
1617976230000,38198,76540,114738
1617976530000,38488,77812,116300
1617976830000,38741,77603,116344
1617977130000,39138,78044,117182
1617977430000,38188,78706,116894
1617977730000,38582,79362,117944
1617978030000,38821,80079,118900
1617978329000,38999,80456,119455
1617978630000,39419,81107,120526
1617978930000,39619,81496,121115
1617979230000,40044,82214,122258
1617979530000,40296,82576,122872
1617979830000,40326,83100,123426
1617980130000,40648,83289,123937
1617980430000,40947,83405,124352
1617980731000,41251,81834,123085
1617981030000,41941,83093,125034
1617981330000,41965,82723,124688
1617981630000,42146,83127,125273
1617981930000,40964,83460,124424
1617982230000,41061,83992,125053
1617982530000,41181,84358,125539
1617982830000,41263,84627,125890
1617983130000,41341,84799,126140
1617983430000,41439,84945,126384
1617983731000,41663,84767,126430
1617984030000,41716,84776,126492
1617984330000,41862,84594,126456
1617984630000,42175,84792,126967
1617984930000,42449,84865,127314
1617985230000,42697,85008,127705
1617985530000,42814,85499,128313
1617985830000,42960,85585,128545
1617986130000,43252,85800,129052
1617986430000,43536,86036,129572
1617986729000,43652,86379,130031
1617987030000,43905,86611,130516
1617987330000,44212,86783,130995
1617987629000,44457,86614,131071
1617987930000,44491,86919,131410
1617988230000,45157,87739,132896
1617988530000,43027,87463,130490
1617988830000,43224,87783,131007
1617989130000,42057,88812,130869
1617989430000,41884,88585,130469
1617989730000,42256,88882,131138
1617990030000,41689,89167,130856
1617990330000,42135,89510,131645
1617990630000,42375,89796,132171
1617990930000,42505,90165,132670
1617991230000,42985,90994,133979
1617991530000,43138,90606,133744
1617991829000,44422,91293,135715
1617992130000,45128,91803,136931
1617992430000,45413,91893,137306
1617992730000,45638,92331,137969
1617993029000,45910,92991,138901
1617993330000,46123,93094,139217
1617993630000,46487,93425,139912
1617993930000,46778,93638,140416
1617994229000,46935,94131,141066
1617994530000,46994,93377,140371
1617994830000,47151,93604,140755
1617995130000,47270,93997,141267
1617995430000,45728,94248,139976
1617995729000,45761,94704,140465
1617996030000,45839,94766,140605
1617996330000,45925,95018,140943
1617996630000,45931,95145,141076
1617996930000,45918,95640,141558
1617997230000,46084,95534,141618
1617997530000,46055,96051,142106
1617997829000,46036,95590,141626
1617998130000,46084,95482,141566
1617998429000,46068,95477,141545
1617998730000,46014,95859,141873
1617999030000,45902,95689,141591
1617999330000,45893,96179,142072
1617999630000,45836,95015,140851
1617999929000,45699,95055,140754
1618000229000,45714,95108,140822
1618000530000,45695,95383,141078
1618000830000,45563,95297,140860
1618001130000,45509,95271,140780
1618001430000,45352,95355,140707
1618001730000,45161,95143,140304
1618002030000,45071,94938,140009
1618002330000,44928,94293,139221
1618002630000,44840,93904,138744
1618002930000,44747,93359,138106
1618003230000,44603,93263,137866
1618003530000,44486,93137,137623
1618003829000,44338,92825,137163
1618004130000,44218,92187,136405
1618004430000,44189,92490,136679
1618004730000,44099,91602,135701
1618005030000,43939,91313,135252
1618005330000,43796,90923,134719
1618005630000,43539,90456,133995
1618005930000,43265,89874,133139
1618006230000,42961,89708,132669
1618006530000,42747,89208,131955
1618006830000,42634,88942,131576
1618007130000,42391,88564,130955
1618007430000,42165,88388,130553
1618007730000,42033,88117,130150
1618008030000,41929,87827,129756
1618008330000,41890,87598,129488
1618008630000,41788,87429,129217
1618008930000,41613,87149,128762
1618009230000,41422,86621,128043
1618009530000,41329,86398,127727
1618009830000,41252,85937,127189
1618010130000,41067,85551,126618
1618010430000,41062,85491,126553
1618010730000,40885,85286,126171
1618011029000,40702,84720,125422
1618011330000,40633,84320,124953
1618011630000,40600,83943,124543
1618011930000,40529,83830,124359
1618012230000,40461,83596,124057
1618012530000,40455,83453,123908
1618012830000,40584,83253,123837
1618013130000,40960,82840,123800
1618013430000,41025,82930,123955
1618013730000,40980,82998,123978
1618014030000,40912,83152,124064
1618014329000,40845,83812,124657
1618014630000,40715,83093,123808
1618014929000,40676,83053,123729
1618015230000,40698,83016,123714
1618015530000,40595,83255,123850
1618015829000,40532,83183,123715
1618016129000,40467,83319,123786
1618016430000,40468,83555,124023
1618016731000,40492,83650,124142
1618017030000,40357,83782,124139
1618017329000,40321,84104,124425
1618017629000,40122,84277,124399
1618017930000,40094,84521,124615
1618018230000,39957,84447,124404
1618018530000,39778,84359,124137
1618018830000,39655,84702,124357
1618019130000,39587,85090,124677
1618019430000,39323,85050,124373
1618019730000,39198,84924,124122
1618020030000,39117,85048,124165
1618020330000,38986,84781,123767
1618020630000,38787,84646,123433
1618020930000,38675,84448,123123
1618021230000,38528,84566,123094
1618021529000,38346,84445,122791
1618021830000,38128,84669,122797
1618022130000,37958,84606,122564
1618022430000,37809,84449,122258
1618022730000,37571,84233,121804
1618023030000,37327,83876,121203
1618023330000,37087,83684,120771
1618023630000,36934,83059,119993
1618023930000,36629,82728,119357
1618024230000,36561,82318,118879
1618024530000,36353,81835,118188
1618024830000,36284,81384,117668
1618025130000,36040,81139,117179
1618025429000,35835,80491,116326
1618025730000,35683,79750,115433
1618026030000,35376,79456,114832
1618026330000,35105,78866,113971
1618026630000,34931,78318,113249
1618026930000,34580,77892,112472
1618027229000,34303,77408,111711
1618027529000,33980,76675,110655
1618027830000,33646,76035,109681
1618028130000,33326,75658,108984
1618028430000,33082,75133,108215
1618028730000,32884,74379,107263
1618029030000,32636,73805,106441
1618029330000,32372,73386,105758
1618029630000,32019,72736,104755
1618029929000,31800,72152,103952
1618030230000,31535,71539,103074
1618030529000,31326,70793,102119
1618030830000,31042,69990,101032
1618031130000,30743,69099,99842
1618031429000,30556,68482,99038
1618031729000,30291,67959,98250
1618032030000,30008,67254,97262
1618032330000,29735,66573,96308
1618032630000,29498,65976,95474
1618032930000,29360,65520,94880
1618033230000,29065,65018,94083
1618033530000,29075,64410,93485
1618033830000,28765,63678,92443
1618034130000,28410,63216,91626
1618034430000,26790,62425,89215
1618034730000,27037,61887,88924
1618035030000,26240,61488,87728
1618035330000,25806,61873,87679
1618035630000,25756,61659,87415
1618035930000,25590,60045,85635
1618036230000,26305,59280,85585
1618036529000,26171,58664,84835
1618036830000,26404,58372,84776
1618037130000,27014,59260,86274
1618037430000,26909,60069,86978
1618037730000,26763,59867,86630
1618038030000,26699,59610,86309
1618038330000,26639,59063,85702
1618038630000,26637,58733,85370
1618038930000,26648,58185,84833
1618039230000,26523,57936,84459
1618039530000,26464,57617,84081
1618039830000,26094,57474,83568
1618040130000,26052,56834,82886
1618040430000,26285,56599,82884
1618040730000,26256,56270,82526
1618041030000,26197,56133,82330
1618041330000,26087,55620,81707
1618041630000,26121,55530,81651
1618041930000,26085,55330,81415
1618042230000,26121,55364,81485
1618042529000,26081,55041,81122
1618042830000,25985,54858,80843
1618043130000,25825,54508,80333
1618043430000,25827,54840,80667
1618043730000,25815,54587,80402
1618044029000,25884,54379,80263
1618044330000,25903,54250,80153
1618044630000,26007,54313,80320
1618044930000,26149,54168,80317
1618045230000,26256,54149,80405
1618045530000,26375,54461,80836
1618045830000,26472,54516,80988
1618046130000,26578,54720,81298
1618046430000,26658,54970,81628
1618046730000,26833,55024,81857
1618047030000,26923,55126,82049
1618047330000,27061,55420,82481
1618047630000,27198,55475,82673
1618047930000,27271,55773,83044
1618048230000,27478,55896,83374
1618048530000,27605,55900,83505
1618048830000,27767,56063,83830
1618049129000,27767,55541,83308
1618049430000,27941,55953,83894
1618049729000,28028,56284,84312
1618050030000,28098,56735,84833
1618050331000,28080,56969,85049
1618050630000,28286,57451,85737
1618050930000,28448,57629,86077
1618051230000,28677,57881,86558
1618051529000,28809,58134,86943
1618051830000,28927,58361,87288
1618052130000,29098,58897,87995
1618052430000,29221,59250,88471
1618052730000,29488,59447,88935
1618053030000,29768,59959,89727
1618053330000,29938,60564,90502
1618053629000,30222,60902,91124
1618053930000,30540,61456,91996
1618054229000,30898,61887,92785
1618054530000,31094,62326,93420
1618054830000,31263,62985,94248
1618055130000,31374,63352,94726
1618055430000,31669,63839,95508
1618055730000,31946,64129,96075
1618056029000,32116,64786,96902
1618056330000,32347,65251,97598
1618056630000,32572,66021,98593
1618056930000,32861,66528,99389
1618057229000,33052,67215,100267
1618057530000,33191,68052,101243
1618057829000,33385,68773,102158
1618058130000,33687,69402,103089
1618058430000,33790,69888,103678
1618058730000,34072,70434,104506
1618059030000,34414,70941,105355
1618059330000,34800,71484,106284
1618059630000,35038,72081,107119
1618059929000,35273,72702,107975
1618060230000,35557,73351,108908
1618060529000,35611,73934,109545
1618060830000,36079,74687,110766
1618061196000,36454,75328,111782
1618061430000,36730,75733,112463
1618061730000,37002,76462,113464
1618062030000,37440,77105,114545
1618062330000,37557,77679,115236
1618062630000,37812,78414,116226
1618062930000,38023,78805,116828
1618063231000,38309,79304,117613
1618063530000,38517,80087,118604
1618063830000,38761,80723,119484
1618064130000,39158,81142,120300
1618064430000,39466,81893,121359
1618064729000,39739,82484,122223
1618065030000,39959,82967,122926
1618065330000,40123,83601,123724
1618065630000,40407,84354,124761
1618065930000,40592,82693,123285
1618066230000,40784,83461,124245
1618066530000,41161,84082,125243
1618066830000,41440,84606,126046
1618067129000,41628,84878,126506
1618067430000,41729,85601,127330
1618067730000,41822,86113,127935
1618068030000,41725,86781,128506
1618068330000,42015,86970,128985
1618068630000,42101,87330,129431
1618068930000,42282,87694,129976
1618069230000,42525,87778,130303
1618069529000,42621,88163,130784
1618069830000,42761,88356,131117
1618070130000,42964,88502,131466
1618070430000,43072,88626,131698
1618070730000,43213,88523,131736
1618071030000,43224,88686,131910
1618071329000,43277,88445,131722
1618071630000,43327,88704,132031
1618071930000,43447,88764,132211
1618072230000,43511,88924,132435
1618072530000,43618,89369,132987
1618072830000,43720,89721,133441
1618073130000,43793,89983,133776
1618073430000,43887,90342,134229
1618073730000,43919,90647,134566
1618074029000,44088,90920,135008
1618074330000,44286,91205,135491
1618074630000,44373,91678,136051
1618074930000,44848,91648,136496
1618075230000,44760,92222,136982
1618075530000,43652,92502,136154
1618075830000,43681,92757,136438
1618076130000,43421,93116,136537
1618076430000,43324,93303,136627
1618076730000,43491,93631,137122
1618077030000,43939,93709,137648
1618077330000,44085,93917,138002
1618077630000,44209,94288,138497
1618077930000,45427,94436,139863
1618078230000,45679,94771,140450
1618078530000,45696,94980,140676
1618078830000,45621,95485,141106
1618079130000,45631,95969,141600
1618079430000,45903,96172,142075
1618079730000,45882,96564,142446
1618080029000,45945,96636,142581
1618080330000,45957,96652,142609
1618080630000,46034,96997,143031
1618080930000,46148,97014,143162
1618081229000,46243,96545,142788
1618081530000,46249,96518,142767
1618081830000,46188,96977,143165
1618082130000,46277,97156,143433
1618082430000,46357,97106,143463
1618082730000,46412,97037,143449
1618083029000,46536,97509,144045
1618083329000,46543,97977,144520
1618083633000,46730,98290,145020
1618083931000,46667,98185,144852
1618084230000,46636,98416,145052
1618084530000,46708,98939,145647
1618084829000,46707,98844,145551
1618085130000,46773,98965,145738
1618085430000,46769,97998,144767
1618085730000,46785,98351,145136
1618086030000,46758,98282,145040
1618086330000,46687,98484,145171
1618086630000,46663,98309,144972
1618086930000,46616,98246,144862
1618087230000,46658,98307,144965
1618087530000,46772,98720,145492
1618087830000,46535,98665,145200
1618088130000,46512,98106,144618
1618088430000,46512,98090,144602
1618088730000,46458,98370,144828
1618089030000,46292,98116,144408
1618089089000,46295,98119,144414
1618089330000,46215,98052,144267
1618089630000,46126,97839,143965
1618089929000,46075,97729,143804
1618090229000,45870,97532,143402
1618090530000,45559,97297,142856
1618090829000,45518,97142,142660
1618091130000,45389,96814,142203
1618091430000,45204,96685,141889
1618091730000,45077,96474,141551
1618092030000,44843,96008,140851
1618092330000,44653,95488,140141
1618092630000,44430,94983,139413
1618092929000,44211,94543,138754
1618093230000,44011,93953,137964
1618093530000,43810,93638,137448
1618093830000,43741,93214,136955
1618094130000,43528,92648,136176
1618094430000,43472,92600,136072
1618094730000,43262,92304,135566
1618095030000,42964,91737,134701
1618095330000,42984,91172,134156
1618095630000,42667,90632,133299
1618095930000,42600,90359,132959
1618096230000,42320,89945,132265
1618096530000,42132,89444,131576
1618096830000,41861,89085,130946
1618097130000,41639,89099,130738
1618097430000,41440,88445,129885
1618097730000,41303,88271,129574
1618098030000,41282,87878,129160
1618098330000,41122,87671,128793
1618098630000,40977,87702,128679
1618098930000,40932,87399,128331
1618099230000,40756,87270,128026
1618099530000,41299,87064,128363
1618099830000,41437,86926,128363
1618100130000,41288,86783,128071
1618100430000,41097,86546,127643
1618100729000,40873,86604,127477
1618101029000,40748,86659,127407
1618101330000,40719,86499,127218
1618101630000,40738,86366,127104
1618101930000,40675,86385,127060
1618102229000,40528,86498,127026
1618102529000,40341,86785,127126
1618102830000,40202,86405,126607
1618103130000,40091,86638,126729
1618103430000,39937,86642,126579
1618103730000,39810,86553,126363
1618104029000,39716,86597,126313
1618104330000,39638,86400,126038
1618104630000,39544,86516,126060
1618104930000,39416,86499,125915
1618105229000,39095,86567,125662
1618105530000,38974,86655,125629
1618105830000,38869,86633,125502
1618106129000,38815,86471,125286
1618106429000,38741,86526,125267
1618106730000,38632,86464,125096
1618107030000,38486,86387,124873
1618107330000,38266,86401,124667
1618107630000,38211,86275,124486
1618107930000,38030,85826,123856
1618108230000,37874,85507,123381
1618108530000,37763,85497,123260
1618108830000,37576,84927,122503
1618109129000,37360,84342,121702
1618109430000,37162,84230,121392
1618109729000,37037,84346,121383
1618110030000,36779,84038,120817
1618110330000,36593,83598,120191
1618110629000,36326,83383,119709
1618110930000,36158,83141,119299
1618111230000,35965,82884,118849
1618111530000,35734,82568,118302
1618111830000,35536,82162,117698
1618112130000,35390,81496,116886
1618112430000,35156,81304,116460
1618112730000,34907,80700,115607
1618113030000,34661,80075,114736
1618113330000,34425,79701,114126
1618113630000,34144,79228,113372
1618113929000,33951,78558,112509
1618114230000,33650,78097,111747
1618114530000,33381,77483,110864
1618114830000,33224,76884,110108
1618115130000,32918,76345,109263
1618115429000,32694,75701,108395
1618115730000,32488,75068,107556
1618116030000,32250,74351,106601
1618116330000,32018,73666,105684
1618116630000,31669,73064,104733
1618116930000,31513,72410,103923
1618117229000,31293,71662,102955
1618117530000,30947,70930,101877
1618117829000,30622,70198,100820
1618118130000,30409,69680,100089
1618118429000,30092,69143,99235
1618118730000,29821,68578,98399
1618119030000,29738,68026,97764
1618119330000,29433,67362,96795
1618119630000,29419,66662,96081
1618119930000,29018,66130,95148
1618120229000,28899,65516,94415
1618120530000,28542,64888,93430
1618120829000,26905,64178,91083
1618121129000,27596,63552,91148
1618121430000,26689,63286,89975
1618121729000,26519,63644,90163
1618122030000,26469,63331,89800
1618122330000,27081,61736,88817
1618122630000,26957,61568,88525
1618122930000,26851,60999,87850
1618123230000,27809,60470,88279
1618123530000,27554,60107,87661
1618123829000,27524,59735,87259
1618124130000,27403,59306,86709
1618124430000,27411,59059,86470
1618124730000,27420,58611,86031
1618125030000,27341,58197,85538
1618125330000,27257,57702,84959
1618125629000,27217,57470,84687
1618125930000,27185,57261,84446
1618126230000,27105,57006,84111
1618126530000,27075,56379,83454
1618126830000,27042,56064,83106
1618127130000,27035,55938,82973
1618127430000,27011,55897,82908
1618127730000,26984,55686,82670
1618128032000,26968,55463,82431
1618128330000,27002,55440,82442
1618128630000,27089,55317,82406
1618128930000,27182,55199,82381
1618129230000,27086,55064,82150
1618129530000,27101,55106,82207
1618129830000,27224,54947,82171
1618130130000,27335,54743,82078
1618130429000,27421,54774,82195
1618130730000,27632,54832,82464
1618131029000,27722,54944,82666
1618131330000,27868,55062,82930
1618131630000,27972,55029,83001
1618131930000,27948,54822,82770
1618132230000,28065,54908,82973
1618132529000,28147,55934,84081
1618132830000,28256,57107,85363
1618133130000,28436,57579,86015
1618133430000,28619,57631,86250
1618133730000,28894,57651,86545
1618134029000,29201,57917,87118
1618134330000,29385,57868,87253
1618134630000,29503,58022,87525
1618135018000,29766,58105,87871
1618135230000,29881,58248,88129
1618135530000,29948,58385,88333
1618135830000,30028,58482,88510
1618136130000,30008,58556,88564
1618136430000,30219,58821,89040
1618136730000,30393,58862,89255
1618137029000,30498,59073,89571
1618137330000,30589,59382,89971
1618137629000,30682,59632,90314
1618137930000,30809,59874,90683
1618138229000,31056,60286,91342
1618138530000,31124,60593,91717
1618138830000,31267,60601,91868
1618139130000,31403,60805,92208
1618139430000,31621,61530,93151
1618139730000,31958,61786,93744
1618140030000,32265,62194,94459
1618140330000,32230,62744,94974
1618140630000,32402,63140,95542
1618140929000,32691,63446,96137
1618141230000,33007,64274,97281
1618141530000,33366,64750,98116
1618141830000,33513,65246,98759
1618142129000,33822,65619,99441
1618142430000,34173,66038,100211
1618142730000,34225,66264,100489
1618143030000,34462,66840,101302
1618143329000,34428,67667,102095
1618143630000,34589,68368,102957
1618143930000,34861,69062,103923
1618144230000,35060,69319,104379
1618144530000,35499,70152,105651
1618144830000,35893,71434,107327
1618145130000,36130,71541,107671
1618145429000,36346,72211,108557
1618145729000,36611,72698,109309
1618146030000,36806,73135,109941
1618146330000,37095,73586,110681
1618146630000,37456,74254,111710
1618146930000,37720,74951,112671
1618147230000,38085,75878,113963
1618147530000,38401,76626,115027
1618147830000,38525,77300,115825
1618148130000,38826,77844,116670
1618148430000,39126,78554,117680
1618148730000,39356,78936,118292
1618149030000,39503,80098,119601
1618149330000,39556,80887,120443
1618149629000,39875,81450,121325
1618149930000,40033,82243,122276
1618150230000,40304,82957,123261
1618150530000,40543,83875,124418
1618150830000,40979,84800,125779
1618151130000,41389,85620,127009
1618151430000,41729,86385,128114
1618151730000,42014,87043,129057
1618152030000,42290,87774,130064
1618152330000,42602,88366,130968
1618152630000,42845,89120,131965
1618152930000,43010,89615,132625
1618153230000,43350,90183,133533
1618153530000,43673,90785,134458
1618153830000,43959,91552,135511
1618154129000,44150,92215,136365
1618154429000,44217,92852,137069
1618154730000,44476,94203,138679
1618155029000,44572,94245,138817
1618155330000,44829,94723,139552
1618155630000,45036,95363,140399
1618155930000,45243,95542,140785
1618156229000,45418,96289,141707
1618156530000,45615,96460,142075
1618156830000,45836,96402,142238
1618157130000,45934,96123,142057
1618157430000,46001,96356,142357
1618157730000,46066,96510,142576
1618158029000,46215,96755,142970
1618158330000,46453,97473,143926
1618158630000,46754,97905,144659
1618158930000,46678,98140,144818
1618159231000,46805,97652,144457
1618159530000,46955,98712,145667
1618159830000,47138,99085,146223
1618160129000,47269,99645,146914
1618160430000,47680,99824,147504
1618160730000,47618,99929,147547
1618161030000,46603,100468,147071
1618161330000,46992,100875,147867
1618161629000,46661,101326,147987
1618161929000,46606,101945,148551
1618162229000,46901,102455,149356
1618162530000,46967,102897,149864
1618162829000,48097,103297,151394
1618163130000,48379,103706,152085
1618163430000,48803,103750,152553
1618163730000,49796,104184,153980
1618164030000,49831,102387,152218
1618164330000,49949,102835,152784
1618164630000,50108,103722,153830
1618164930000,50326,105172,155498
1618165230000,50477,106070,156547
1618165529000,50614,106411,157025
1618165829000,50692,106965,157657
1618166130000,50783,107416,158199
1618166430000,50873,107691,158564
1618166730000,50946,107784,158730
1618167029000,50972,108352,159324
1618167330000,51000,108559,159559
1618167630000,51038,108945,159983
1618167930000,50987,109076,160063
1618168230000,50949,109159,160108
1618168530000,51013,109233,160246
1618168830000,51008,109654,160662
1618169130000,51202,110287,161489
1618169430000,51133,110038,161171
1618169730000,50988,110226,161214
1618170030000,51038,110252,161290
1618170930000,50921,110287,161208
1618171230000,50718,110223,160941
1618171289000,50644,110241,160885
1618171530000,50633,110025,160658
1618171589000,50595,109758,160353
1618171830000,50483,109601,160084
1618172130000,50310,109699,160009
1618172430000,50251,109331,159582
1618172730000,50025,109124,159149
1618173029000,49829,108684,158513
1618173330000,49612,108682,158294
1618173630000,49527,108173,157700
1618173930000,49316,107683,156999
1618174230000,49086,107161,156247
1618174530000,48913,106978,155891
1618174830000,48554,106386,154940
1618175130000,48372,105819,154191
1618175430000,48193,105467,153660
1618175730000,47958,104947,152905
1618176029000,47593,104673,152266
1618176330000,47480,104468,151948
1618176630000,47233,103927,151160
1618176930000,47043,103585,150628
1618177230000,46808,102900,149708
1618177530000,46628,102354,148982
1618177829000,46422,101812,148234
1618178130000,46134,101514,147648
1618178430000,45810,100780,146590
1618178730000,45592,99655,145247
1618179030000,45359,99368,144727
1618179330000,45048,98802,143850
1618179630000,44918,98232,143150
1618179930000,44798,97907,142705
1618180230000,44655,97541,142196
1618180529000,44296,97018,141314
1618180830000,44029,96756,140785
1618181130000,43872,96304,140176
1618181430000,43688,95978,139666
1618181729000,43484,95563,139047
1618182030000,43242,95472,138714
1618182329000,43081,95101,138182
1618182629000,42945,94701,137646
1618182930000,42772,94519,137291
1618183230000,42730,94353,137083
1618183529000,42628,93993,136621
1618183830000,42546,93701,136247
1618184130000,42491,93743,136234
1618184430000,42447,93584,136031
1618184730000,42498,93452,135950
1618185030000,42362,93541,135903
1618185330000,42459,93010,135469
1618185630000,42326,92891,135217
1618185930000,42667,92346,135013
1618186230000,42622,92363,134985
1618186529000,42548,92425,134973
1618186829000,42474,92446,134920
1618187130000,42445,92398,134843
1618187430000,42237,92519,134756
1618187730000,42104,92563,134667
1618188030000,41929,92567,134496
1618188330000,41884,92588,134472
1618188630000,41732,93048,134780
1618188930000,41633,92886,134519
1618189230000,41563,92900,134463
1618189530000,41389,92770,134159
1618189830000,41155,92845,134000
1618190130000,40961,92738,133699
1618190430000,40803,92705,133508
1618190730000,40497,92782,133279
1618191030000,40262,92340,132602
1618191330000,40022,92272,132294
1618191631000,39785,92118,131903
1618191930000,39537,92182,131719
1618192230000,39422,91852,131274
1618192530000,39158,91623,130781
1618192829000,38904,91277,130181
1618193130000,38758,90895,129653
1618193430000,38523,90829,129352
1618193730000,38400,90587,128987
1618194030000,38142,90156,128298
1618194330000,37831,89695,127526
1618194629000,37628,89194,126822
1618194930000,37410,88844,126254
1618195230000,37258,88791,126049
1618195530000,36764,88347,125111
1618195830000,36462,87930,124392
1618196129000,36196,87303,123499
1618196430000,35988,86693,122681
1618196730000,35668,85845,121513
1618197030000,35297,84936,120233
1618197330000,34964,84037,119001
1618197630000,34478,83654,118132
1618197929000,34239,83119,117358
1618198229000,33936,82569,116505
1618198530000,33620,81927,115547
1618198830000,33288,81179,114467
1618199129000,32897,80503,113400
1618199430000,32573,79924,112497
1618199729000,32290,79108,111398
1618200030000,31941,78337,110278
1618200330000,31600,77397,108997
1618200630000,31240,76501,107741
1618200930000,30852,75713,106565
1618201230000,30582,75048,105630
1618201530000,30273,74322,104595
1618201830000,30042,73410,103452
1618202130000,29765,72651,102416
1618202430000,29463,72056,101519
1618202730000,29181,70985,100166
1618203030000,29025,70418,99443
1618203330000,28804,69483,98287
1618203630000,28490,68426,96916
1618203930000,28168,67342,95510
1618204230000,27892,66678,94570
1618204530000,27608,65578,93186
1618204830000,27425,64780,92205
1618205130000,27255,63754,91009
1618205430000,26914,62960,89874
1618205730000,26769,62265,89034
1618206029000,26577,61581,88158
1618206330000,26310,61047,87357
1618206630000,26162,60424,86586
1618206930000,25974,59921,85895
1618207230000,25617,59413,85030
1618207529000,25396,58835,84231
1618207830000,25329,59250,84579
1618208130000,25215,58608,83823
1618208430000,25167,58756,83923
1618208729000,25195,57569,82764
1618209030000,25203,56952,82155
1618209330000,24915,56568,81483
1618209629000,24674,57590,82264
1618209930000,22880,57548,80428
1618210229000,22681,57131,79812
1618210530000,22556,56690,79246
1618210830000,22435,56213,78648
1618211130000,22237,55837,78074
1618211429000,22095,55870,77965
1618211730000,21996,55289,77285
1618212030000,21903,55074,76977
1618212330000,21843,54651,76494
1618212630000,21824,54695,76519
1618212930000,21812,54352,76164
1618213229000,21753,54294,76047
1618213530000,21884,54143,76027
1618213829000,21838,54285,76123
1618214130000,21868,54111,75979
1618214430000,21862,54060,75922
1618214729000,22073,53779,75852
1618215029000,22308,53755,76063
1618215329000,22421,53709,76130
1618215630000,22532,53638,76170
1618215930000,22765,53565,76330
1618216230000,22883,53540,76423
1618216530000,22997,53589,76586
1618216830000,23082,53568,76650
1618217131000,23186,53335,76521
1618217430000,23426,53738,77164
1618217730000,23507,53368,76875
1618218030000,23672,53384,77056
1618218330000,23811,53335,77146
1618218631000,23005,53626,76631
1618218930000,23120,53740,76860
1618219229000,23218,54016,77234
1618219530000,23357,54012,77369
1618219830000,23553,54126,77679
1618220130000,23462,54105,77567
1618220430000,23346,54983,78329
1618220730000,23172,54184,77356
1618221030000,22958,54107,77065
1618221329000,22023,54231,76254
1618221630000,19706,54354,74060
1618221930000,2232,54141,56373
1618222230000,10725,53875,64600
1618222530000,13323,53792,67115
1618222830000,15501,54011,69512
1618223130000,16592,54775,71367
1618223429000,17752,54281,72033
1618223730000,18671,54350,73021
1618224030000,19584,54734,74318
1618224329000,20504,55093,75597
1618224630000,21447,55290,76737
1618224930000,22054,55828,77882
1618225230000,22695,55876,78571
1618225530000,23231,56044,79275
1618225830000,23767,56527,80294
1618226130000,24250,56794,81044
1618226430000,24655,57504,82159
1618226730000,25095,57368,82463
1618227030000,25421,57810,83231
1618227330000,25570,58377,83947
1618227629000,26051,59137,85188
1618227930000,26424,59628,86052
1618228230000,27163,60126,87289
1618228530000,27680,60411,88091
1618228830000,27274,60718,87992
1618229130000,27468,61267,88735
1618229430000,27834,61722,89556
1618229730000,28067,62422,90489
1618230029000,28437,63255,91692
1618230330000,28725,63871,92596
1618230630000,29035,64579,93614
1618230930000,29396,65218,94614
1618231230000,29855,66108,95963
1618231530000,30186,66739,96925
1618231831000,30472,67583,98055
1618232130000,30770,67670,98440
1618232430000,31060,68091,99151
1618232730000,31469,68694,100163
1618233030000,31795,70006,101801
1618233330000,32090,69945,102035
1618233630000,32415,70738,103153
1618233929000,32638,71203,103841
1618234230000,32906,71899,104805
1618234530000,33294,72619,105913
1618234830000,33525,73260,106785
1618235130000,33835,73907,107742
1618235430000,34171,74573,108744
1618235731000,34338,75230,109568
1618236030000,34583,75694,110277
1618236330000,34810,76225,111035
1618236630000,35122,77340,112462
1618236930000,35359,77842,113201
1618237229000,35698,78653,114351
1618237530000,35899,79345,115244
1618237830000,36217,79986,116203
1618238130000,36475,80863,117338
1618238430000,36848,81430,118278
1618238730000,37201,82094,119295
1618239030000,37389,82647,120036
1618239330000,37479,83197,120676
1618239630000,37757,83538,121295
1618239930000,37907,84047,121954
1618240229000,38125,86172,124297
1618240530000,38349,85216,123565
1618240831000,38662,85914,124576
1618241130000,38881,86066,124947
1618241430000,39047,86660,125707
1618241730000,39116,86655,125771
1618242030000,39241,86834,126075
1618242329000,39727,87132,126859
1618242630000,39767,87286,127053
1618242930000,39915,87834,127749
1618243230000,40051,87234,127285
1618243531000,40766,87591,128357
1618243830000,40292,87897,128189
1618244130000,40494,88139,128633
1618244430000,40545,88801,129346
1618244730000,41161,89156,130317
1618245029000,41416,89292,130708
1618245330000,41356,89594,130950
1618245630000,42171,87660,129831
1618245930000,42429,88602,131031
1618246230000,42920,89241,132161
1618246530000,43960,89796,133756
1618246830000,44153,90447,134600
1618247130000,44184,90868,135052
1618247430000,44387,91367,135754
1618247730000,44651,91739,136390
1618248030000,44815,92456,137271
1618248330000,45043,92770,137813
1618248630000,45244,93029,138273
1618248930000,45538,93634,139172
1618249230000,45714,94296,140010
1618249530000,45844,94779,140623
1618249830000,46193,94984,141177
1618250130000,46342,95156,141498
1618250430000,46388,93892,140280
1618250730000,46543,94072,140615
1618251031000,46644,94891,141535
1618251330000,46900,96246,143146
1618251630000,46974,94739,141713
1618251930000,47182,95955,143137
1618252230000,47252,96867,144119
1618252530000,47543,97600,145143
1618252830000,47526,97981,145507
1618253130000,47665,98488,146153
1618253430000,47707,98682,146389
1618253730000,47735,98816,146551
1618254030000,47779,99111,146890
1618254330000,47832,99319,147151
1618254630000,47781,99562,147343
1618254930000,47811,99607,147418
1618255230000,47839,99759,147598
1618255529000,47945,100013,147958
1618255830000,47838,100122,147960
1618256130000,47832,100074,147906
1618256430000,47602,98499,146101
1618256730000,47919,97982,145901
1618257030000,47881,98869,146750
1618257330000,47837,99429,147266
1618257630000,47696,99525,147221
1618257930000,47509,99461,146970
1618258230000,47476,99306,146782
1618258530000,47435,99317,146752
1618258830000,47393,99451,146844
1618259130000,47342,99121,146463
1618259430000,47190,99131,146321
1618259730000,46934,98645,145579
1618260030000,46993,98304,145297
1618260330000,46705,98107,144812
1618260630000,46599,98011,144610
1618260930000,46327,97600,143927
1618261230000,45742,94984,140726
1618261530000,45418,93864,139282
1618261830000,45379,93921,139300
1618262129000,45279,93778,139057
1618262430000,45031,93866,138897
1618262730000,44918,93774,138692
1618263030000,44800,93488,138288
1618263330000,44593,93199,137792
1618263629000,44342,92948,137290
1618263930000,44198,92692,136890
1618264229000,44054,92288,136342
1618264530000,43974,92197,136171
1618264830000,43661,91744,135405
1618265130000,43418,91228,134646
1618265430000,43121,89944,133065
1618265730000,42847,89649,132496
1618266030000,42828,89665,132493
1618266330000,42736,89485,132221
1618266630000,42544,89617,132161
1618266930000,42487,89481,131968
1618267231000,42373,89449,131822
1618267531000,42274,89060,131334
1618267830000,42165,88820,130985
1618268130000,42057,88714,130771
1618268430000,41862,88563,130425
1618268730000,41779,88550,130329
1618269030000,41757,88149,129906
1618269329000,41553,87658,129211
1618269630000,41453,87525,128978
1618269930000,41461,87540,129001
1618270230000,41324,87390,128714
1618270530000,41261,87296,128557
1618270830000,41288,86921,128209
1618271130000,41199,86921,128120
1618271430000,41201,86591,127792
1618271730000,41330,86656,127986
1618272030000,41406,87377,128783
1618272330000,41920,87371,129291
1618272630000,42198,87132,129330
1618272930000,42122,87487,129609
1618273230000,42152,87456,129608
1618273530000,42102,87864,129966
1618273830000,42055,88124,130179
1618274130000,42082,89127,131209
1618274430000,41989,89357,131346
1618274730000,41805,89188,130993
1618275030000,41383,86390,127773
1618275329000,41454,87207,128661
1618275630000,41411,87906,129317
1618275930000,41185,86730,127915
1618276230000,41133,86891,128024
1618276530000,41021,87083,128104
1618276830000,40957,87886,128843
1618277129000,40856,88008,128864
1618277430000,40479,87243,127722
1618277730000,40411,88108,128519
1618278030000,40357,88760,129117
1618278330000,40298,88931,129229
1618278630000,40112,89280,129392
1618278930000,39962,88971,128933
1618279230000,39849,88078,127927
1618279530000,39704,87650,127354
1618279830000,39507,87554,127061
1618280129000,39260,86971,126231
1618280429000,39056,86802,125858
1618280730000,38813,86651,125464
1618281030000,38592,86127,124719
1618281330000,38333,85785,124118
1618281630000,38192,85527,123719
1618281930000,37792,85324,123116
1618282230000,37576,84859,122435
1618282530000,37238,84376,121614
1618282830000,36965,83903,120868
1618283129000,36564,83320,119884
1618283430000,36234,83064,119298
1618283730000,35981,82718,118699
1618284030000,35649,82165,117814
1618284330000,35321,81626,116947
1618284630000,34883,81093,115976
1618284930000,34679,80419,115098
1618285230000,34361,79965,114326
1618285529000,33921,79395,113316
1618285830000,33719,78786,112505
1618286130000,33418,77987,111405
1618286430000,33026,77193,110219
1618286730000,32460,76300,108760
1618287030000,32164,74911,107075
1618287330000,31687,74312,105999
1618287630000,31400,73527,104927
1618287930000,31129,72738,103867
1618288229000,30904,71889,102793
1618288530000,30494,71070,101564
1618288830000,30294,70220,100514
1618289129000,30062,69558,99620
1618289430000,29820,68846,98666
1618289730000,29613,67982,97595
1618290030000,29242,67162,96404
1618290330000,28876,66146,95022
1618290629000,28709,65414,94123
1618290930000,28502,64541,93043
1618291230000,28260,63576,91836
1618291530000,28058,62640,90698
1618291830000,27867,61910,89777
1618292130000,27637,61140,88777
1618292430000,27328,60611,87939
1618292729000,27161,60038,87199
1618293030000,27178,59603,86781
1618293330000,26943,59036,85979
1618293630000,25425,58304,83729
1618293930000,25164,57885,83049
1618294230000,25045,58123,83168
1618294530000,25836,58249,84085
1618294830000,24951,57545,82496
1618295130000,24522,56322,80844
1618295430000,24466,56018,80484
1618295730000,23973,55997,79970
1618296030000,24693,56817,81510
1618296330000,24367,56907,81274
1618296630000,25680,56638,82318
1618296930000,25618,56201,81819
1618297230000,25560,55892,81452
1618297530000,25536,55625,81161
1618297830000,25484,55339,80823
1618298130000,25393,54955,80348
1618298430000,25341,54724,80065
1618298730000,25382,54350,79732
1618299030000,25378,54428,79806
1618299330000,25250,54096,79346
1618299630000,25262,54030,79292
1618299930000,25232,53970,79202
1618300231000,25277,53701,78978
1618300530000,25359,53517,78876
1618300830000,25441,53404,78845
1618301130000,25497,53187,78684
1618301430000,25592,53469,79061
1618301730000,25700,53383,79083
1618302030000,25802,53267,79069
1618302330000,25825,53175,79000
1618302630000,25829,52991,78820
1618302930000,25857,52980,78837
1618303230000,26111,53068,79179
1618303530000,26190,53260,79450
1618303830000,26313,53441,79754
1618304130000,26434,53466,79900
1618304429000,26577,53394,79971
1618304730000,26628,53393,80021
1618305030000,26705,53457,80162
1618305330000,26846,53412,80258
1618305630000,26824,53493,80317
1618305930000,26874,53519,80393
1618306230000,26798,53615,80413
1618306530000,26771,53506,80277
1618306830000,26956,53833,80789
1618307130000,27015,53948,80963
1618307430000,26942,53852,80794
1618307730000,26998,53730,80728
1618308030000,26914,53686,80600
1618308330000,26934,53337,80271
1618308630000,26978,53583,80561
1618308930000,27181,53763,80944
1618309230000,27351,54051,81402
1618309530000,27517,54265,81782
1618309829000,27723,54550,82273
1618310130000,27832,54702,82534
1618310430000,28029,55051,83080
1618310729000,28092,55311,83403
1618311030000,28143,55435,83578
1618311330000,28258,55334,83592
1618311630000,28280,55530,83810
1618311930000,28411,55767,84178
1618312230000,28543,56091,84634
1618312530000,28731,56515,85246
1618312830000,28849,57282,86131
1618313130000,29041,57641,86682
1618313429000,29142,58123,87265
1618313730000,29199,58743,87942
1618314030000,29415,59430,88845
1618314330000,29782,59839,89621
1618314630000,29884,60428,90312
1618314930000,30139,60753,90892
1618315229000,30200,61123,91323
1618315530000,30424,61657,92081
1618315830000,30803,62415,93218
1618316130000,31069,63018,94087
1618316430000,31376,63739,95115
1618316730000,31591,64387,95978
1618317030000,31926,65050,96976
1618317330000,32281,65453,97734
1618317630000,32687,66472,99159
1618317930000,32922,66897,99819
1618318230000,33135,67391,100526
1618318530000,33402,67998,101400
1618318830000,33692,69191,102883
1618319130000,33992,69948,103940
1618319430000,34420,70711,105131
1618319730000,34692,71463,106155
1618320030000,35062,72329,107391
1618320330000,35330,73101,108431
1618320630000,35632,73956,109588
1618320930000,35841,74275,110116
1618321230000,36193,74881,111074
1618321530000,36491,75271,111762
1618321830000,36682,75949,112631
1618322129000,36821,76234,113055
1618322429000,37056,76592,113648
1618322730000,37446,77165,114611
1618323030000,37556,78310,115866
1618323329000,37711,78887,116598
1618323630000,38073,79761,117834
1618323931000,38348,80208,118556
1618324230000,38640,80921,119561
1618324530000,39050,81686,120736
1618324830000,39371,82243,121614
1618325130000,39525,82465,121990
1618325430000,39748,83045,122793
1618325730000,39882,83422,123304
1618326030000,40004,83431,123435
1618326330000,40304,84174,124478
1618326630000,40538,84738,125276
1618326930000,40509,84922,125431
1618327229000,40940,83980,124920
1618327530000,41098,84964,126062
1618327830000,41120,85300,126420
1618328130000,41292,85584,126876
1618328430000,41627,86282,127909
1618328730000,41898,86533,128431
1618329030000,42261,86461,128722
1618329329000,42653,86408,129061
1618329630000,42797,86630,129427
1618329930000,42998,86551,129549
1618330230000,43233,86798,130031
1618330530000,43460,86975,130435
1618330830000,43702,87104,130806
1618331130000,43936,87718,131654
1618331430000,44212,88090,132302
1618331730000,44519,88248,132767
1618332030000,44787,88766,133553
1618332330000,45195,89180,134375
1618332630000,45493,89695,135188
1618332930000,45696,89724,135420
1618333230000,46369,90036,136405
1618333530000,46241,90238,136479
1618333830000,46449,90957,137406
1618334130000,45361,91192,136553
1618334430000,43269,92897,136166
1618334730000,43169,93284,136453
1618335030000,43408,93592,137000
1618335330000,43996,94025,138021
1618335630000,43899,94450,138349
1618335930000,44765,94896,139661
1618336230000,45112,95507,140619
1618336530000,45177,95867,141044
1618336829000,46419,93846,140265
1618337130000,46507,94293,140800
1618337430000,46701,95230,141931
1618337730000,46888,96499,143387
1618338030000,46821,97155,143976
1618338330000,47122,97688,144810
1618338630000,47110,97542,144652
1618338930000,47136,97256,144392
1618339230000,47306,97722,145028
1618339530000,47293,97967,145260
1618339830000,47357,98190,145547
1618340130000,47337,98293,145630
1618340430000,47134,98095,145229
1618340730000,47065,98446,145511
1618341030000,47051,98522,145573
1618341330000,47166,98711,145877
1618341630000,47251,98903,146154
1618341930000,47255,99132,146387
1618342230000,47207,99286,146493
1618342530000,47380,99491,146871
1618342829000,47298,99592,146890
1618343130000,47197,99699,146896
1618343429000,47306,99552,146858
1618343730000,46944,97586,144530
1618344030000,46931,95821,142752
1618344330000,46858,96748,143606
1618344630000,46853,97279,144132
1618344930000,46734,97421,144155
1618345230000,46671,97440,144111
1618345530000,46508,97418,143926
1618345830000,46328,97163,143491
1618346130000,46132,97347,143479
1618346430000,46061,97086,143147
1618346730000,45831,97070,142901
1618347030000,45649,96857,142506
1618347330000,45466,96454,141920
1618347630000,45306,95810,141116
1618347930000,45167,95634,140801
1618348229000,44881,95293,140174
1618348530000,44878,95055,139933
1618348830000,44759,94622,139381
1618349129000,44678,94379,139057
1618349430000,44527,93888,138415
1618349730000,44399,93486,137885
1618350030000,44242,93431,137673
1618350330000,43999,93134,137133
1618350629000,43669,92394,136063
1618350930000,43525,91703,135228
1618351230000,43340,91168,134508
1618351530000,43217,90656,133873
1618351830000,42907,90078,132985
1618352130000,42747,89640,132387
1618352430000,42571,89016,131587
1618352730000,42397,88866,131263
1618353029000,42186,88609,130795
1618353329000,41970,88294,130264
1618353630000,41977,88027,130004
1618353930000,41721,87861,129582
1618354230000,41639,87817,129456
1618354530000,41625,87574,129199
1618354830000,41541,87729,129270
1618355130000,41392,87577,128969
1618355429000,41285,87392,128677
1618355730000,41345,87108,128453
1618356030000,41329,87441,128770
1618356330000,41221,87599,128820
1618356630000,41204,87244,128448
1618356931000,41229,86823,128052
1618357229000,41145,87152,128297
1618357530000,41248,87139,128387
1618357829000,41151,86939,128090
1618358130000,41261,86979,128240
1618358430000,41271,87041,128312
1618358730000,41683,86943,128626
1618359030000,41983,87048,129031
1618359330000,42055,87167,129222
1618359630000,42104,87371,129475
1618359930000,42067,87393,129460
1618360230000,41937,87682,129619
1618360530000,41803,88104,129907
1618360830000,41713,88261,129974
1618361130000,41693,88509,130202
1618361430000,41660,88832,130492
1618361730000,41554,88826,130380
1618362030000,41388,88819,130207
1618362330000,41315,88931,130246
1618362630000,41189,88832,130021
1618362930000,40982,88886,129868
1618363230000,40902,89221,130123
1618363530000,40770,89390,130160
1618363830000,40669,89343,130012
1618364130000,40595,89363,129958
1618364430000,40395,89544,129939
1618364730000,40243,89484,129727
1618365030000,40089,89505,129594
1618365330000,39929,89316,129245
1618365629000,39855,88936,128791
1618365929000,39469,88693,128162
1618366230000,39338,88369,127707
1618366529000,39026,88158,127184
1618366830000,38797,88256,127053
1618367130000,38527,87882,126409
1618367430000,38303,87363,125666
1618367730000,37975,87039,125014
1618368030000,37753,86909,124662
1618368331000,37520,86694,124214
1618368630000,37237,86301,123538
1618368930000,37151,85768,122919
1618369230000,36867,85134,122001
1618369530000,36568,84562,121130
1618369830000,36339,83959,120298
1618370130000,36072,83393,119465
1618370430000,35697,82967,118664
1618370729000,35393,82501,117894
1618371030000,35109,81811,116920
1618371329000,34845,80911,115756
1618371630000,34545,80366,114911
1618371930000,34230,79640,113870
1618372230000,33936,78623,112559
1618372530000,33676,77604,111280
1618372901000,33166,76394,109560
1618373130000,32981,75701,108682
1618373429000,32596,74872,107468
1618373730000,32276,74149,106425
1618374030000,31843,73462,105305
1618374330000,31511,72874,104385
1618374630000,31185,72116,103301
1618374930000,30821,71386,102207
1618375229000,30512,70671,101183
1618375530000,30270,70089,100359
1618375830000,29959,69237,99196
1618376130000,29648,68526,98174
1618376430000,29323,67676,96999
1618376730000,29000,66660,95660
1618377030000,28795,65879,94674
1618377329000,28610,64809,93419
1618377630000,28389,64402,92791
1618377930000,28132,63401,91533
1618378230000,27858,62413,90271
1618378530000,27691,61649,89340
1618378830000,27523,60977,88500
1618379130000,27295,60301,87596
1618379429000,27061,59348,86409
1618379730000,26870,58771,85641
1618380030000,26635,58157,84792
1618380330000,26863,57508,84371
1618380630000,26186,57628,83814
1618380930000,25020,57834,82854
1618381229000,24546,56974,81520
1618381530000,24071,55787,79858
1618381830000,24002,55399,79401
1618382130000,23801,55451,79252
1618382430000,24248,55826,80074
1618382730000,23682,56016,79698
1618383030000,24935,55683,80618
1618383330000,24981,55352,80333
1618383630000,24931,55195,80126
1618383930000,24890,54502,79392
1618384231000,24801,54210,79011
1618384529000,24716,54105,78821
1618384830000,24644,53952,78596
1618385130000,24633,53492,78125
1618385430000,24577,53481,78058
1618385730000,24617,53510,78127
1618386029000,24623,53349,77972
1618386329000,24696,53206,77902
1618386630000,24640,53175,77815
1618386930000,24647,53011,77658
1618387230000,24462,52744,77206
1618387530000,24341,52551,76892
1618387832000,24297,52622,76919
1618388130000,24333,52549,76882
1618388430000,24357,52635,76992
1618388730000,24467,52453,76920
1618389030000,24562,52280,76842
1618389330000,24779,52179,76958
1618389630000,24927,52013,76940
1618389930000,25145,51987,77132
1618390229000,25414,52091,77505
1618390530000,25581,52069,77650
1618390830000,25703,51985,77688
1618391130000,25836,51943,77779
1618391430000,26007,51931,77938
1618391730000,26167,52024,78191
1618392030000,26405,52445,78850
1618392329000,26679,52294,78973
1618392630000,26870,52390,79260
1618392930000,26987,52439,79426
1618393229000,25934,52874,78808
1618393530000,25659,51759,77418
1618393830000,25851,51914,77765
1618394130000,26221,52365,78586
1618394430000,26288,52538,78826
1618394730000,26465,52511,78976
1618395030000,26583,52481,79064
1618395330000,26790,52722,79512
1618395629000,27124,51337,78461
1618395929000,27300,50894,78194
1618396230000,27516,50118,77634
1618396530000,27627,48917,76544
1618396829000,27788,45871,73659
1618397130000,27934,32129,60063
1618397430000,0,0,0
1618397730000,0,0,0
1618398030000,0,0,0
1618398330000,0,0,0
1618398630000,0,0,0
1618398929000,0,0,0
1618399230000,0,0,0
1618399530000,29676,1301,30977
1618399830000,28835,13913,42748
1618400130000,29096,21674,50770
1618400429000,29308,26336,55644
1618400730000,29400,29420,58820
1618401030000,29717,31908,61625
1618401330000,29850,33690,63540
1618401629000,30102,35367,65469
1618401930000,30362,36584,66946
1618402230000,30749,37786,68535
1618402530000,30978,38959,69937
1618402830000,31212,41055,72267
1618403130000,31531,43391,74922
1618403430000,31822,45490,77312
1618403729000,32251,47146,79397
1618404030000,32804,48888,81692
1618404330000,33209,50358,83567
1618404630000,33493,51677,85170
1618404930000,33723,52939,86662
1618405229000,34089,54027,88116
1618405530000,34421,55063,89484
1618405830000,34934,56288,91222
1618406130000,35243,57146,92389
1618406430000,35616,58187,93803
1618406730000,35863,59175,95038
1618407030000,36164,59841,96005
1618407330000,36511,60850,97361
1618407630000,36759,61514,98273
1618407930000,36998,62062,99060
1618408230000,37251,62805,100056
1618408530000,37478,63614,101092
1618408829000,37764,64313,102077
1618409129000,38120,65223,103343
1618409430000,38446,66049,104495
1618409730000,38680,67151,105831
1618410030000,39157,68255,107412
1618410330000,39477,69133,108610
1618410630000,39716,69890,109606
1618410930000,39986,70655,110641
1618411230000,40448,71598,112046
1618411530000,40703,72506,113209
1618411830000,40878,73083,113961
1618412129000,41043,73573,114616
1618412429000,41207,73817,115024
1618412730000,41393,74348,115741
1618413029000,41727,74821,116548
1618413330000,41945,75130,117075
1618413630000,42154,75621,117775
1618413930000,42410,76077,118487
1618414230000,42515,76303,118818
1618414530000,42475,76516,118991
1618414830000,42844,76851,119695
1618415130000,43033,77097,120130
1618415430000,43331,77325,120656
1618415730000,40955,77515,118470
1618416030000,41164,77512,118676
1618416330000,41371,77400,118771
1618416630000,41605,77518,119123
1618416930000,41884,77970,119854
1618417230000,42167,78362,120529
1618417530000,42389,78563,120952
1618417830000,42561,78654,121215
1618418130000,42922,78890,121812
1618418430000,43208,79432,122640
1618418730000,43440,80165,123605
1618419030000,43718,80861,124579
1618419330000,43952,81281,125233
1618419630000,44058,81492,125550
1618419930000,44177,82192,126369
1618420230000,44550,82803,127353
1618420529000,44958,83565,128523
1618420830000,45152,84172,129324
1618421130000,45769,84902,130671
1618421430000,45928,85349,131277
1618421730000,42868,85730,128598
1618422029000,42757,86540,129297
1618422330000,42815,87153,129968
1618422630000,42967,87599,130566
1618422930000,43186,88107,131293
1618423230000,44115,88296,132411
1618423530000,44219,88401,132620
1618423830000,44360,89037,133397
1618424130000,45497,89438,134935
1618424430000,45700,89891,135591
1618424730000,45796,90150,135946
1618425030000,45829,90574,136403
1618425330000,45935,90930,136865
1618425630000,46071,91480,137551
1618425930000,46115,91506,137621
1618426230000,46187,91860,138047
1618426530000,46294,92050,138344
1618426830000,46321,92046,138367
1618427130000,46231,91692,137923
1618427430000,46196,91851,138047
1618427730000,46314,92074,138388
1618428030000,46352,92354,138706
1618428329000,46359,93295,139654
1618428629000,46393,92991,139384
1618428930000,46453,93193,139646
1618429230000,46454,93244,139698
1618429529000,46520,93268,139788
1618429830000,46496,93664,140160
1618430129000,46412,93754,140166
1618430430000,46423,93777,140200
1618430730000,46260,93572,139832
1618431030000,46212,93414,139626
1618431330000,46124,93553,139677
1618431630000,46048,93150,139198
1618431930000,45991,93252,139243
1618432230000,45943,93261,139204
1618432530000,45780,93257,139037
1618432830000,45643,92695,138338
1618433130000,45479,92345,137824
1618433430000,45354,91912,137266
1618433730000,45085,91153,136238
1618434030000,44990,89668,134658
1618434330000,44731,89440,134171
1618434630000,44607,89337,133944
1618434930000,44440,88964,133404
1618435230000,44299,88651,132950
1618435530000,44083,88724,132807
1618435829000,43943,88467,132410
1618436130000,43780,88255,132035
1618436430000,43680,88050,131730
1618436730000,43501,87707,131208
1618437030000,43317,87389,130706
1618437329000,43086,86760,129846
1618437629000,42911,86390,129301
1618437930000,42662,84880,127542
1618438230000,42565,84664,127229
1618438530000,42354,83967,126321
1618438830000,42073,84017,126090
1618439130000,42098,83889,125987
1618439429000,41950,83709,125659
1618439730000,41646,84129,125775
1618440030000,41585,83442,125027
1618440330000,41551,83170,124721
1618440630000,41293,83816,125109
1618440930000,41151,83564,124715
1618441230000,41008,83512,124520
1618441530000,40851,82908,123759
1618441830000,40756,83108,123864
1618442130000,40608,83378,123986
1618442430000,40609,83397,124006
1618442729000,40627,83376,124003
1618443030000,40539,82995,123534
1618443330000,40621,84625,125246
1618443630000,40581,85040,125621
1618443930000,40595,85034,125629
1618444230000,40605,85208,125813
1618444530000,40670,85005,125675
1618444830000,40729,85072,125801
1618445129000,41315,85322,126637
1618445430000,41365,84862,126227
1618445730000,41313,84919,126232
1618446030000,41345,85198,126543
1618446330000,41211,86066,127277
1618446630000,41251,85323,126574
1618446930000,41125,85583,126708
1618447230000,41124,85798,126922
1618447530000,41012,85990,127002
1618447830000,40981,86210,127191
1618448130000,40808,86195,127003
1618448430000,40728,86821,127549
1618448730000,40608,86813,127421
1618449030000,40540,87048,127588
1618449330000,40471,87055,127526
1618449630000,40413,87294,127707
1618449930000,40390,87339,127729
1618450229000,40254,87306,127560
1618450530000,39981,87215,127196
1618450830000,39793,87548,127341
1618451130000,39553,87643,127196
1618451430000,39549,87300,126849
1618451730000,39353,87281,126634
1618452030000,39239,87235,126474
1618452330000,38928,86991,125919
1618452630000,38695,86737,125432
1618452930000,38386,86582,124968
1618453229000,38047,86466,124513
1618453529000,37867,86089,123956
1618453829000,37611,85535,123146
1618454130000,37385,85315,122700
1618454429000,37122,85118,122240
1618454729000,36959,84698,121657
1618455030000,36556,84311,120867
1618455330000,36232,83946,120178
1618455630000,35947,83555,119502
1618455929000,35644,82844,118488
1618456230000,35452,82211,117663
1618456530000,35141,81696,116837
1618456830000,34818,81191,116009
1618457130000,34500,80563,115063
1618457430000,34333,80071,114404
1618457730000,33940,79461,113401
1618458030000,33697,78670,112367
1618458330000,33425,77921,111346
1618458629000,32955,77310,110265
1618458930000,32768,76679,109447
1618459229000,32381,75790,108171
1618459530000,31944,74859,106803
1618459830000,31535,74130,105665
1618460130000,31310,73375,104685
1618460430000,31106,72818,103924
1618460730000,30785,72197,102982
1618461030000,30516,71682,102198
1618461330000,30213,71083,101296
1618461631000,29889,70528,100417
1618461930000,29678,69792,99470
1618462230000,29403,69045,98448
1618462530000,29052,68304,97356
1618462830000,28720,67117,95837
1618463130000,28542,66248,94790
1618463430000,28194,65225,93419
1618463730000,28062,64122,92184
1618464029000,27777,63306,91083
1618464330000,27631,62467,90098
1618464630000,27445,61896,89341
1618464930000,27343,61249,88592
1618465229000,27319,60547,87866
1618465529000,26649,59946,86595
1618465830000,26358,59007,85365
1618466130000,26387,58441,84828
1618466429000,26181,57920,84101
1618466730000,24589,57647,82236
1618467030000,25419,57441,82860
1618467330000,24400,57519,81919
1618467630000,23963,56898,80861
1618467930000,23766,55810,79576
1618468230000,23721,55419,79140
1618468530000,24541,55397,79938
1618468832000,24342,55934,80276
1618469133000,25582,56109,81691
1618469191000,25575,56149,81724
1618469430000,25445,56029,81474
1618469730000,25543,55679,81222
1618470031000,25475,55274,80749
1618470330000,25400,55155,80555
1618470630000,25215,55001,80216
1618470930000,25213,54772,79985
1618471230000,25229,54561,79790
1618471530000,24657,54612,79269
1618471830000,24236,54194,78430
1618472129000,24193,53866,78059
1618472429000,24138,53848,77986
1618472730000,24178,53598,77776
1618473030000,24229,53341,77570
1618473330000,24303,53063,77366
1618473630000,24377,52792,77169
1618473930000,24604,52667,77271
1618474230000,24769,52678,77447
1618474529000,24893,52818,77711
1618474830000,25080,53097,78177
1618475130000,25141,52810,77951
1618475430000,25255,52545,77800
1618475730000,25269,52557,77826
1618476030000,25378,52695,78073
1618476330000,25452,52459,77911
1618476630000,25617,52562,78179
1618476930000,25797,52303,78100
1618477231000,25900,52180,78080
1618477530000,26028,52377,78405
1618477832000,26147,52682,78829
1618478130000,26191,52824,79015
1618478430000,26312,52832,79144
1618478730000,26368,52962,79330
1618479030000,26444,53004,79448
1618479330000,26505,53375,79880
1618479630000,26487,53302,79789
1618479929000,26586,53365,79951
1618480230000,26549,53414,79963
1618480530000,26513,53429,79942
1618480830000,26571,53594,80165
1618481130000,26644,53642,80286
1618481430000,26746,53784,80530
1618481730000,26745,53818,80563
1618482030000,26855,54128,80983
1618482330000,26946,54217,81163
1618482630000,27014,54590,81604
1618482929000,27016,54893,81909
1618483230000,27103,55155,82258
1618483530000,27146,55384,82530
1618483830000,27293,55876,83169
1618484129000,27379,56041,83420
1618484430000,27520,56004,83524
1618484730000,27754,56378,84132
1618485030000,27731,56602,84333
1618485330000,27873,56878,84751
1618485630000,28154,57528,85682
1618485930000,28350,57948,86298
1618486230000,28434,58352,86786
1618486530000,28712,58855,87567
1618486830000,28897,59439,88336
1618487129000,29029,59928,88957
1618487430000,29234,60317,89551
1618487729000,29549,60804,90353
1618488030000,29816,61120,90936
1618488330000,30044,61521,91565
1618488630000,30327,62105,92432
1618488930000,30591,62674,93265
1618489230000,30893,63166,94059
1618489530000,31181,64001,95182
1618489830000,31444,64799,96243
1618490130000,31895,65752,97647
1618490430000,32234,66669,98903
1618490730000,32680,67312,99992
1618491030000,33057,67797,100854
1618491330000,33264,68551,101815
1618491630000,33675,68820,102495
1618491930000,34010,69409,103419
1618492230000,34327,70072,104399
1618492530000,34724,70924,105648
1618492830000,35091,71329,106420
1618493130000,35378,71633,107011
1618493430000,35707,72124,107831
1618493730000,35978,72559,108537
1618494030000,36334,73076,109410
1618494330000,36658,73586,110244
1618494630000,37087,74388,111475
1618494930000,37302,74587,111889
1618495230000,37528,75449,112977
1618495530000,37828,75714,113542
1618495829000,36772,76690,113462
1618496130000,37181,77729,114910
1618496430000,37450,78505,115955
1618496730000,37714,79278,116992
1618497030000,37949,79829,117778
1618497330000,38232,80362,118594
1618497630000,38497,81061,119558
1618497930000,38832,81489,120321
1618498230000,38952,82062,121014
1618498530000,39127,82391,121518
1618498830000,39266,82607,121873
1618499130000,39390,83079,122469
1618499430000,39529,83945,123474
1618499730000,39663,84637,124300
1618500030000,39869,85189,125058
1618500330000,39967,85094,125061
1618500629000,40124,85607,125731
1618500929000,40236,86262,126498
1618501230000,40281,86718,126999
1618501530000,40480,87081,127561
1618501830000,40735,87137,127872
1618502130000,40954,87141,128095
1618502430000,41180,86989,128169
1618502730000,41407,86684,128091
1618503030000,41718,86771,128489
1618503330000,42004,87216,129220
1618503630000,42244,87489,129733
1618503930000,42544,87598,130142
1618504230000,42851,87604,130455
1618504530000,43224,88037,131261
1618504830000,43508,88394,131902
1618505130000,43704,88664,132368
1618505430000,44023,89061,133084
1618505730000,44208,89184,133392
1618506030000,44496,88818,133314
1618506329000,45086,89126,134212
1618506630000,45348,89479,134827
1618506930000,45206,89900,135106
1618507230000,45328,90572,135900
1618507530000,44346,90577,134923
1618507830000,43411,90913,134324
1618508130000,42361,91177,133538
1618508430000,42457,91678,134135
1618508729000,42513,92302,134815
1618509029000,43117,92608,135725
1618509330000,43982,92797,136779
1618509630000,44177,91219,135396
1618509930000,45485,91458,136943
1618510230000,45801,92411,138212
1618510530000,46027,93611,139638
1618510829000,46274,94355,140629
1618511130000,46620,94742,141362
1618511430000,46817,94844,141661
1618511730000,46997,95260,142257
1618512030000,47205,95683,142888
1618512333000,47297,95840,143137
1618512630000,47478,95514,142992
1618512930000,47588,95488,143076
1618513230000,46110,95359,141469
1618513530000,46098,95045,141143
1618513830000,46306,95698,142004
1618514130000,46363,95855,142218
1618514430000,46287,96145,142432
1618514730000,46375,96619,142994
1618515030000,46433,96587,143020
1618515329000,46421,96822,143243
1618515630000,46364,96766,143130
1618515930000,46339,97055,143394
1618516230000,46271,97254,143525
1618516530000,46373,97375,143748
1618516830000,46191,97217,143408
1618517130000,46117,96575,142692
1618517430000,46127,96623,142750
1618517730000,45984,96738,142722
1618518030000,45934,96853,142787
1618518329000,45746,96770,142516
1618518629000,45494,96458,141952
1618518930000,45367,96251,141618
1618519230000,45191,96109,141300
1618519530000,45110,95743,140853
1618519830000,44725,95731,140456
1618520130000,44506,95266,139772
1618520430000,44368,94843,139211
1618520730000,44211,94171,138382
1618521030000,44134,93821,137955
1618521330000,43928,94168,138096
1618521630000,43703,93917,137620
1618521930000,43562,93577,137139
1618522229000,43402,92968,136370
1618522530000,43313,92665,135978
1618522830000,43290,92603,135893
1618523129000,43177,92287,135464
1618523430000,42993,92041,135034
1618523730000,42965,91721,134686
1618524029000,42771,90975,133746
1618524330000,42611,90806,133417
1618524629000,42416,90311,132727
1618524930000,42168,89960,132128
1618525230000,41949,90255,132204
1618525530000,41806,89735,131541
1618525830000,41651,89794,131445
1618526130000,41447,89547,130994
1618526429000,41320,89455,130775
1618526730000,41039,88915,129954
1618527030000,40985,88216,129201
1618527330000,40796,88833,129629
1618527630000,40699,88507,129206
1618527930000,40518,87383,127901
1618528230000,40288,87903,128191
1618528530000,40234,87596,127830
1618528830000,40100,87471,127571
1618529130000,39964,86902,126866
1618529430000,39985,87472,127457
1618529730000,39995,87386,127381
1618530030000,39984,87527,127511
1618530329000,39907,87119,127026
1618530630000,39980,86776,126756
1618530929000,39934,86726,126660
1618531230000,40000,87099,127099
1618531530000,40386,86917,127303
1618531830000,40541,87101,127642
1618532130000,40654,86993,127647
1618532429000,40748,86624,127372
1618532730000,40784,86923,127707
1618533030000,40784,87747,128531
1618533330000,40745,87948,128693
1618533629000,40731,87530,128261
1618533930000,40620,87778,128398
1618534230000,40625,87688,128313
1618534530000,40513,88079,128592
1618534829000,40395,87750,128145
1618535131000,40295,88245,128540
1618535429000,40219,88063,128282
1618535730000,40112,87776,127888
1618536030000,40043,88085,128128
1618536330000,39983,88117,128100
1618536630000,39796,88349,128145
1618536930000,39637,87785,127422
1618537229000,39383,88010,127393
1618537530000,39129,88898,128027
1618537830000,38917,88465,127382
1618538130000,38787,88663,127450
1618538430000,38652,88278,126930
1618538730000,38352,88329,126681
1618539030000,38046,88077,126123
1618539330000,37831,87769,125600
1618539630000,37617,86916,124533
1618539930000,37427,86763,124190
1618540230000,37169,86781,123950
1618540530000,36979,86457,123436
1618540829000,36798,85907,122705
1618541130000,36585,85583,122168
1618541431000,36376,86004,122380
1618541730000,36061,85546,121607
1618542030000,35727,84836,120563
1618542330000,35406,84649,120055
1618542630000,35041,84266,119307
1618542930000,34768,83936,118704
1618543230000,34461,83315,117776
1618543530000,34240,82096,116336
1618543830000,33913,82119,116032
1618544129000,33635,81143,114778
1618544430000,33385,81098,114483
1618544729000,33118,80532,113650
1618545030000,32837,79204,112041
1618545330000,32535,78654,111189
1618545630000,32283,77915,110198
1618545930000,31868,77412,109280
1618546230000,31427,76758,108185
1618546530000,31075,75929,107004
1618546830000,30739,75170,105909
1618547130000,30476,74333,104809
1618547430000,30125,73691,103816
1618547730000,29811,72946,102757
1618548030000,29599,72305,101904
1618548329000,29408,71474,100882
1618548629000,29104,70849,99953
1618548929000,28812,70203,99015
1618549230000,28499,69312,97811
1618549530000,28264,68161,96425
1618549830000,28025,67439,95464
1618550130000,27839,66632,94471
1618550429000,27680,65847,93527
1618550730000,27462,65134,92596
1618551030000,27197,64318,91515
1618551330000,27043,63434,90477
1618551630000,26791,62946,89737
1618551929000,26797,62237,89034
1618552230000,26424,61570,87994
1618552530000,26380,61093,87473
1618552830000,26159,60515,86674
1618553131000,24695,60045,84740
1618553430000,25617,60038,85655
1618553731000,24029,60025,84054
1618554030000,24034,59118,83152
1618554330000,24088,58010,82098
1618554630000,23981,56977,80958
1618554929000,24649,56812,81461
1618555230000,24458,57528,81986
1618555530000,24315,57724,82039
1618555830000,25324,57351,82675
1618556130000,25137,57135,82272
1618556430000,25071,56540,81611
1618556730000,24971,56828,81799
1618557030000,24873,56356,81229
1618557330000,24530,55881,80411
1618557630000,24580,55400,79980
1618557930000,24587,54829,79416
1618558230000,24581,54470,79051
1618558530000,24638,54138,78776
1618558831000,24785,54512,79297
1618559130000,24889,54467,79356
1618559429000,24879,54500,79379
1618559729000,24887,54242,79129
1618560030000,24980,53892,78872
1618560330000,25106,53733,78839
1618560629000,25450,53531,78981
1618560930000,25779,53393,79172
1618561230000,25989,53208,79197
1618561530000,26087,53241,79328
1618561830000,26203,53147,79350
1618562130000,25310,53108,78418
1618562430000,25135,52797,77932
1618562729000,25055,52735,77790
1618563030000,24949,52691,77640
1618563330000,24986,52788,77774
1618563632000,24482,52683,77165
1618563930000,24447,52599,77046
1618564230000,24462,52460,76922
1618564530000,24305,52775,77080
1618564830000,23972,52850,76822
1618565130000,23342,53004,76346
1618565430000,11373,53132,64505
1618565730000,9526,53269,62795
1618566030000,13451,53452,66903
1618566330000,15465,53520,68985
1618566630000,16717,53524,70241
1618566930000,17192,53356,70548
1618567230000,18121,53159,71280
1618567530000,19030,52169,71199
1618567830000,19832,52268,72100
1618568130000,20553,51898,72451
1618568430000,21138,51579,72717
1618568730000,21648,51456,73104
1618569030000,22079,51273,73352
1618569330000,22544,50945,73489
1618569630000,23253,50563,73816
1618569930000,23647,50045,73692
1618570230000,24049,49009,73058
1618570530000,24303,47210,71513
1618570830000,24553,33525,58078
1618571130000,24912,26077,50989
1618571430000,25159,33035,58194
1618571730000,25486,37817,63303
1618572030000,25981,41193,67174
1618572330000,26225,43931,70156
1618572630000,26530,46327,72857
1618572930000,26843,48417,75260
1618573230000,27087,50133,77220
1618573530000,27333,51548,78881
1618573830000,27694,52738,80432
1618574130000,28057,53930,81987
1618574430000,28272,55154,83426
1618574730000,28675,56179,84854
1618575030000,28908,57118,86026
1618575330000,29139,58211,87350
1618575630000,29602,59444,89046
1618575930000,29987,60319,90306
1618576230000,30532,61114,91646
1618576530000,30845,62157,93002
1618576830000,31329,63019,94348
1618577130000,31610,64016,95626
1618577430000,32169,64699,96868
1618577729000,32548,65502,98050
1618578030000,33737,66210,99947
1618578330000,34118,66825,100943
1618578630000,34430,67725,102155
1618578930000,34662,68348,103010
1618579230000,34972,69137,104109
1618579529000,35363,69639,105002
1618579830000,35742,70151,105893
1618580130000,36038,70538,106576
1618580430000,36408,71128,107536
1618580730000,36753,71646,108399
1618581030000,36907,72192,109099
1618581330000,37175,72710,109885
1618581630000,37452,73351,110803
1618581930000,37720,74208,111928
1618582230000,38066,74853,112919
1618582530000,38408,75867,114275
1618582830000,38699,76324,115023
1618583130000,37309,77199,114508
1618583430000,37598,78118,115716
1618583730000,37807,78874,116681
1618584030000,37967,79327,117294
1618584329000,38232,79932,118164
1618584630000,38417,80307,118724
1618584929000,38585,80927,119512
1618585230000,38589,81441,120030
1618585530000,38774,81583,120357
1618585830000,38785,82124,120909
1618586130000,38983,82835,121818
1618586430000,39089,82580,121669
1618586730000,39246,83185,122431
1618587030000,39279,83268,122547
1618587330000,39432,83310,122742
1618587630000,39641,83514,123155
1618587930000,39909,83765,123674
1618588230000,39964,83809,123773
1618588530000,40166,83849,124015
1618588830000,40226,83762,123988
1618589130000,40315,83489,123804
1618589430000,40355,83718,124073
1618589729000,40530,83808,124338
1618590030000,40586,84262,124848
1618590330000,40744,84349,125093
1618590630000,40824,84182,125006
1618590930000,40986,84157,125143
1618591230000,41010,84279,125289
1618591530000,41047,84585,125632
1618591829000,41199,85054,126253
1618592130000,41255,85314,126569
1618592429000,41342,85517,126859
1618592730000,41521,85855,127376
1618593030000,41688,86278,127966
1618593330000,41874,86040,127914
1618593630000,41984,86402,128386
1618593930000,42030,86581,128611
1618594236000,42127,86806,128933
1618594530000,42383,87343,129726
1618594830000,42557,87741,130298
1618595130000,42680,88337,131017
1618595430000,42892,88643,131535
1618595730000,42974,89031,132005
1618596030000,43410,87505,130915
1618596330000,43537,87865,131402
1618596630000,43478,88588,132066
1618596929000,43645,89592,133237
1618597230000,43681,90380,134061
1618597530000,42482,90825,133307
1618597830000,41433,91138,132571
1618598130000,41644,91502,133146
1618598430000,41608,91655,133263
1618598730000,41726,91849,133575
1618599030000,42132,92055,134187
1618599330000,42395,92393,134788
1618599630000,42437,92512,134949
1618599930000,42268,92439,134707
1618600230000,43547,92631,136178
1618600530000,43634,92714,136348
1618600830000,44545,93254,137799
1618601130000,44964,93571,138535
1618601430000,45050,93285,138335
1618601730000,45105,94480,139585
1618602029000,45164,94798,139962
1618602329000,45239,95330,140569
1618602629000,45196,95329,140525
1618602930000,45327,95479,140806
1618603230000,45244,95908,141152
1618603530000,45018,95791,140809
1618603830000,45179,96194,141373
1618604130000,45061,96607,141668
1618604429000,45148,96684,141832
1618604730000,45199,96513,141712
1618605030000,45262,96040,141302
1618605329000,45349,95927,141276
1618605630000,45362,95844,141206
1618605930000,45275,95977,141252
1618606230000,45187,95963,141150
1618606530000,45161,95732,140893
1618606830000,45036,95363,140399
1618607129000,44865,95113,139978
1618607430000,44730,95056,139786
1618607730000,44721,94732,139453
1618608030000,44637,94737,139374
1618608329000,44570,94485,139055
1618608629000,44422,94221,138643
1618608929000,44274,93729,138003
1618609230000,44186,93474,137660
1618609529000,44128,93338,137466
1618609830000,43990,93087,137077
1618610130000,43822,92765,136587
1618610430000,43668,92298,135966
1618610730000,43555,91669,135224
1618611030000,43427,91305,134732
1618611330000,43082,90430,133512
1618611630000,42862,90695,133557
1618611930000,42678,90097,132775
1618612230000,42535,89658,132193
1618612530000,42446,88905,131351
1618612830000,42315,89043,131358
1618613212000,42167,88332,130499
1618613429000,42068,88347,130415
1618613730000,41897,88464,130361
1618614030000,41728,88489,130217
1618614330000,41443,87705,129148
1618614629000,41124,87437,128561
1618614930000,41078,87252,128330
1618615230000,40894,86968,127862
1618615530000,40781,86950,127731
1618615830000,40611,86090,126701
1618616130000,40413,85835,126248
1618616430000,40253,85088,125341
1618616730000,40215,84738,124953
1618617030000,40203,84346,124549
1618617330000,40238,84021,124259
1618617630000,40212,83608,123820
1618617930000,40513,83241,123754
1618618230000,40488,82587,123075
1618618529000,40453,82404,122857
1618618830000,40310,82501,122811
1618619130000,40199,83217,123416
1618619430000,40136,82587,122723
1618619730000,40090,83131,123221
1618620031000,40010,83415,123425
1618620330000,39962,83581,123543
1618620630000,39874,83850,123724
1618620930000,39784,83999,123783
1618621229000,39691,84029,123720
1618621530000,39594,83960,123554
1618621830000,39497,84466,123963
1618622130000,39355,84666,124021
1618622430000,39349,84787,124136
1618622730000,39302,84793,124095
1618623030000,39187,84893,124080
1618623330000,39166,85034,124200
1618623630000,39113,85304,124417
1618623930000,39008,85602,124610
1618624230000,38737,85572,124309
1618624529000,38555,85535,124090
1618624830000,38358,86363,124721
1618625129000,38152,86327,124479
1618625430000,38001,86365,124366
1618625730000,37812,86537,124349
1618626029000,37689,86469,124158
1618626330000,37439,86462,123901
1618626629000,37196,86361,123557
1618626930000,37174,86513,123687
1618627230000,37007,86403,123410
1618627530000,36868,86437,123305
1618627829000,36775,86116,122891
1618628130000,36549,85833,122382
1618628430000,36352,85410,121762
1618628729000,36223,85058,121281
1618629029000,36036,84724,120760
1618629329000,35798,84318,120116
1618629630000,35607,84042,119649
1618629929000,35400,83624,119024
1618630230000,35293,82995,118288
1618630531000,35015,82561,117576
1618630829000,34729,82367,117096
1618631129000,34456,82083,116539
1618631430000,34281,81731,116012
1618631730000,34060,81482,115542
1618632030000,33795,80622,114417
1618632330000,33539,79955,113494
1618632630000,33279,79362,112641
1618632930000,33064,78695,111759
1618633229000,32836,78222,111058
1618633529000,32574,77541,110115
1618633829000,32302,76981,109283
1618634130000,32091,76627,108718
1618634429000,31791,75902,107693
1618634730000,31553,75196,106749
1618635029000,31314,74514,105828
1618635330000,30917,74196,105113
1618635629000,30703,73329,104032
1618635929000,30432,72518,102950
1618636230000,30197,71814,102011
1618636530000,30020,70486,100506
1618636829000,29676,69980,99656
1618637129000,29481,69251,98732
1618637429000,29299,68162,97461
1618637730000,29192,67396,96588
1618638030000,28936,66723,95659
1618638329000,28754,66100,94854
1618638629000,28564,65472,94036
1618638930000,28448,64802,93250
1618639229000,28091,63966,92057
1618639529000,27804,63522,91326
1618639829000,27708,63469,91177
1618640129000,27768,63442,91210
1618640430000,27658,62762,90420
1618640730000,27658,61585,89243
1618641030000,27433,61039,88472
1618641330000,26950,60914,87864
1618641630000,25509,61469,86978
1618641929000,24669,61383,86052
1618642230000,24512,61091,85603
1618642530000,24771,60613,85384
1618642830000,24592,60184,84776
1618643130000,24786,59593,84379
1618643430000,24728,59181,83909
1618643729000,24604,58775,83379
1618644030000,24523,58689,83212
1618644330000,24492,58510,83002
1618644630000,24384,57772,82156
1618644930000,24421,57475,81896
1618645230000,24321,57467,81788
1618645529000,24305,57231,81536
1618645830000,24388,57059,81447
1618646130000,24413,57009,81422
1618646430000,24520,56867,81387
1618646729000,24471,56547,81018
1618647030000,24439,56283,80722
1618647330000,24440,56271,80711
1618647629000,24432,56150,80582
1618647930000,24372,56114,80486
1618648229000,24320,55941,80261
1618648530000,23974,55759,79733
1618648830000,24037,55738,79775
1618649130000,24119,55349,79468
1618649430000,24078,55354,79432
1618649730000,24165,55253,79418
1618650029000,24131,55307,79438
1618650330000,24182,55153,79335
1618650629000,24299,55227,79526
1618650930000,24363,55331,79694
1618651230000,24403,55442,79845
1618651530000,24504,55507,80011
1618651829000,24559,55489,80048
1618652130000,24809,55415,80224
1618652430000,24987,55581,80568
1618652730000,25066,55513,80579
1618653029000,25147,55600,80747
1618653330000,25170,55611,80781
1618653629000,25330,55531,80861
1618653930000,25415,55369,80784
1618654229000,25583,55659,81242
1618654530000,25579,55855,81434
1618654830000,25694,56223,81917
1618655129000,25865,56341,82206
1618655430000,25982,56583,82565
1618655730000,26091,56492,82583
1618656030000,26200,56524,82724
1618656330000,26259,56921,83180
1618656629000,26438,57261,83699
1618656929000,26499,57525,84024
1618657229000,26554,57809,84363
1618657530000,26663,58222,84885
1618657830000,26742,58469,85211
1618658130000,26965,58648,85613
1618658430000,27150,59143,86293
1618658729000,27318,59672,86990
1618659030000,27626,60098,87724
1618659329000,27881,60746,88627
1618659630000,28145,61021,89166
1618659930000,28310,61467,89777
1618660230000,28549,61687,90236
1618660529000,28674,62098,90772
1618660830000,28908,62726,91634
1618661130000,29239,63130,92369
1618661429000,29469,63634,93103
1618661730000,29504,64214,93718
1618662030000,29835,64870,94705
1618662330000,29986,65525,95511
1618662630000,30203,66055,96258
1618662930000,30448,66823,97271
1618663229000,30864,67399,98263
1618663530000,30946,68048,98994
1618663830000,31225,68627,99852
1618664130000,31344,69217,100561
1618664429000,31665,69730,101395
1618664730000,31892,69386,101278
1618665030000,32130,70404,102534
1618665330000,32355,71117,103472
1618665630000,32597,71633,104230
1618665930000,32869,72146,105015
1618666230000,33040,72749,105789
1618666530000,33338,73058,106396
1618666830000,33613,73327,106940
1618667130000,33744,73495,107239
1618667430000,33971,74164,108135
1618667730000,34176,74633,108809
1618668030000,34442,75486,109928
1618668330000,34672,76362,111034
1618668630000,34921,77117,112038
1618668929000,35210,77582,112792
1618669229000,35409,78407,113816
1618669530000,35780,79247,115027
1618669830000,36089,80216,116305
1618670130000,36414,80680,117094
1618670430000,36704,80978,117682
1618670730000,36904,81726,118630
1618671030000,37111,82184,119295
1618671330000,37447,82928,120375
1618671630000,37646,83573,121219
1618671929000,37849,84219,122068
1618672229000,37920,84710,122630
1618672530000,38188,84966,123154
1618672830000,38268,85311,123579
1618673129000,38350,85620,123970
1618673429000,38546,85835,124381
1618673730000,38776,86143,124919
1618674030000,38847,86435,125282
1618674330000,38976,86696,125672
1618674630000,39073,87028,126101
1618674929000,39188,87349,126537
1618675230000,39353,87674,127027
1618675529000,39575,87553,127128
1618675830000,39705,87507,127212
1618676130000,39889,87511,127400
1618676430000,39984,87798,127782
1618676729000,40040,87859,127899
1618677030000,40221,88067,128288
1618677330000,40351,88175,128526
1618677629000,40587,88580,129167
1618677929000,40778,88812,129590
1618678230000,40899,88817,129716
1618678529000,40957,89296,130253
1618678830000,41058,89418,130476
1618679129000,41060,89593,130653
1618679430000,41193,89815,131008
1618679729000,41384,89834,131218
1618680030000,41565,90126,131691
1618680330000,41768,90430,132198
1618680630000,41942,90880,132822
1618680930000,42057,91014,133071
1618681229000,42182,91454,133636
1618681529000,42201,92029,134230
1618681830000,42375,92645,135020
1618682130000,42490,92825,135315
1618682430000,42571,90975,133546
1618682730000,42678,91211,133889
1618683030000,42796,92199,134995
1618683330000,42897,93422,136319
1618683630000,43033,94027,137060
1618683930000,43252,94278,137530
1618684230000,43335,94607,137942
1618684529000,43402,94879,138281
1618684830000,43436,95202,138638
1618685129000,43582,95394,138976
1618685429000,43630,95743,139373
1618685730000,43710,95931,139641
1618686029000,43766,96097,139863
1618686330000,43886,96334,140220
1618686630000,43996,96565,140561
1618686929000,44123,96740,140863
1618687229000,44301,96974,141275
1618687529000,43550,97193,140743
1618687829000,43569,97272,140841
1618688130000,43738,97635,141373
1618688429000,43976,98287,142263
1618688730000,44042,98568,142610
1618689029000,43912,98736,142648
1618689330000,44680,98632,143312
1618689630000,44621,98779,143400
1618689930000,45770,98758,144528
1618690230000,45891,98650,144541
1618690529000,45985,98595,144580
1618690830000,45936,98730,144666
1618691130000,45940,98708,144648
1618691430000,46048,98788,144836
1618691730000,46076,98881,144957
1618692030000,45975,98889,144864
1618692329000,45812,98607,144419
1618692629000,45711,98351,144062
1618692930000,45534,98069,143603
1618693230000,45249,97896,143145
1618693530000,45127,97672,142799
1618693830000,45125,97664,142789
1618694129000,45003,97396,142399
1618694430000,44972,97250,142222
1618694730000,44859,97116,141975
1618695030000,44788,96552,141340
1618695329000,44501,96499,141000
1618695630000,44491,96294,140785
1618695930000,44406,96074,140480
1618696230000,44268,95607,139875
1618696530000,44138,95373,139511
1618696829000,43837,95039,138876
1618697130000,43595,94748,138343
1618697430000,43498,94387,137885
1618697730000,43350,93852,137202
1618698029000,43118,93513,136631
1618698330000,42867,92964,135831
1618698629000,42797,92906,135703
1618698929000,42628,92442,135070
1618699229000,42508,91958,134466
1618699530000,42279,91465,133744
1618699830000,42089,91469,133558
1618700130000,41815,91028,132843
1618700430000,41632,90930,132562
1618700730000,41366,90476,131842
1618701030000,41110,90046,131156
1618701329000,40844,89710,130554
1618701630000,40590,89128,129718
1618701930000,40543,88783,129326
1618702229000,40396,88756,129152
1618702529000,40310,88526,128836
1618702830000,40265,88359,128624
1618703130000,40128,88229,128357
1618703430000,40061,88071,128132
1618703729000,40134,87922,128056
1618704030000,40156,88152,128308
1618704330000,40471,88246,128717
1618704630000,40592,88064,128656
1618704930000,40547,88030,128577
1618705230000,40603,88014,128617
1618705530000,40516,87902,128418
1618705830000,40291,88157,128448
1618706130000,40252,87924,128176
1618706430000,40112,88013,128125
1618706730000,39986,87966,127952
1618707030000,39899,88148,128047
1618707330000,39801,87974,127775
1618707629000,39699,87926,127625
1618707930000,39505,87719,127224
1618708229000,39309,87959,127268
1618708529000,39206,88266,127472
1618708830000,39120,88463,127583
1618709129000,39077,88447,127524
1618709429000,39041,88432,127473
1618709730000,38927,88422,127349
1618710029000,38882,88640,127522
1618710330000,38748,88550,127298
1618710630000,38672,88479,127151
1618710930000,38480,88479,126959
1618711229000,38282,88156,126438
1618711530000,38186,88083,126269
1618711830000,38060,87790,125850
1618712130000,37919,87834,125753
1618712430000,37781,87646,125427
1618712730000,37625,87372,124997
1618713029000,37495,87321,124816
1618713330000,37299,87211,124510
1618713630000,37138,87261,124399
1618713930000,37033,87105,124138
1618714229000,36870,87067,123937
1618714530000,36668,86964,123632
1618714830000,36452,86709,123161
1618715130000,36321,86291,122612
1618715430000,36180,85901,122081
1618715730000,36022,85473,121495
1618716030000,35867,85267,121134
1618716330000,35782,85116,120898
1618716630000,35592,84632,120224
1618716929000,35350,84011,119361
1618717230000,35163,83695,118858
1618717529000,34979,83397,118376
1618717830000,34752,83018,117770
1618718130000,34525,82579,117104
1618718429000,34235,81968,116203
1618718730000,33928,81350,115278
1618719030000,33703,80578,114281
1618719329000,33500,80155,113655
1618719629000,33182,79452,112634
1618719930000,32933,79071,112004
1618720229000,32756,78592,111348
1618720530000,32416,77825,110241
1618720829000,32083,76836,108919
1618721129000,31920,75963,107883
1618721430000,31773,75238,107011
1618721730000,31544,74473,106017
1618722029000,31340,73710,105050
1618722329000,31061,72833,103894
1618722629000,30831,72088,102919
1618722930000,30396,71060,101456
1618723230000,30175,70319,100494
1618723530000,29959,69519,99478
1618723830000,29898,68538,98436
1618724130000,29527,67901,97428
1618724430000,29232,67396,96628
1618724729000,29078,66973,96051
1618725030000,28991,66266,95257
1618725330000,28806,65744,94550
1618725630000,28615,65422,94037
1618725930000,27202,64442,91644
1618726230000,27837,64435,92272
1618726529000,26416,64509,90925
1618726830000,26396,63573,89969
1618727130000,26411,62318,88729
1618727430000,26287,61748,88035
1618727730000,27111,61493,88604
1618728030000,26627,62141,88768
1618728329000,27447,62134,89581
1618728629000,27627,61503,89130
1618728930000,27480,61317,88797
1618729229000,27431,60928,88359
1618729530000,27273,60144,87417
1618729829000,27238,59885,87123
1618730129000,27207,59561,86768
1618730430000,27090,59519,86609
1618730730000,27040,59273,86313
1618731030000,27078,58953,86031
1618731330000,27023,58656,85679
1618731629000,26951,58318,85269
1618731930000,26967,58135,85102
1618732230000,27000,57838,84838
1618732530000,26911,57672,84583
1618732830000,26930,57420,84350
1618733130000,26646,57063,83709
1618733430000,26910,56868,83778
1618733730000,27089,57071,84160
1618734030000,27367,56822,84189
1618734330000,27564,56776,84340
1618734630000,27589,56631,84220
1618734931000,27634,56419,84053
1618735230000,27766,56414,84180
1618735530000,27803,56550,84353
1618735829000,27829,56589,84418
1618736130000,28041,56260,84301
1618736429000,28169,56232,84401
1618736730000,28243,56226,84469
1618737030000,28305,56375,84680
1618737330000,28404,56619,85023
1618737629000,28501,56557,85058
1618737930000,28656,56599,85255
1618738230000,28764,56507,85271
1618738530000,28766,56478,85244
1618738830000,28777,56719,85496
1618739130000,28986,56845,85831
1618739430000,28979,56980,85959
1618739730000,29035,56917,85952
1618740030000,29079,57106,86185
1618740330000,29207,57136,86343
1618740630000,29179,57167,86346
1618740930000,29169,57229,86398
1618741229000,29250,57349,86599
1618741530000,29257,57518,86775
1618741830000,29425,57725,87150
1618742130000,29573,58032,87605
1618742429000,29591,58224,87815
1618742729000,29808,58528,88336
1618743030000,29856,58573,88429
1618743329000,29980,58819,88799
1618743630000,30123,58779,88902
1618743930000,30247,58944,89191
1618744230000,30374,59329,89703
1618744530000,30539,59633,90172
1618744830000,30875,59992,90867
1618745129000,31171,60370,91541
1618745429000,31356,60822,92178
1618745730000,31450,61266,92716
1618746030000,31702,61900,93602
1618746330000,31951,62186,94137
1618746629000,32201,62652,94853
1618746930000,32457,63030,95487
1618747229000,32483,63374,95857
1618747530000,32655,63534,96189
1618747830000,32865,64031,96896
1618748131000,32924,64529,97453
1618748430000,33170,65056,98226
1618748730000,33302,65712,99014
1618749029000,33474,66187,99661
1618749330000,33728,66580,100308
1618749630000,34071,67372,101443
1618749929000,34202,67963,102165
1618750230000,34533,68674,103207
1618750529000,34870,69076,103946
1618750829000,35021,69507,104528
1618751130000,35212,69853,105065
1618751430000,35503,70540,106043
1618751729000,35765,71459,107224
1618752030000,36019,72009,108028
1618752329000,36323,72500,108823
1618752629000,36616,73268,109884
1618752930000,36761,73703,110464
1618753230000,37047,74140,111187
1618753530000,37320,74516,111836
1618753830000,37563,75214,112777
1618754129000,37684,75725,113409
1618754430000,37805,76335,114140
1618754730000,37994,77023,115017
1618755030000,38332,78010,116342
1618755329000,38683,79035,117718
1618755630000,39060,80398,119458
1618755929000,39254,80950,120204
1618756230000,39644,81715,121359
1618756531000,39901,82220,122121
1618756830000,40144,82907,123051
1618757130000,40287,83612,123899
1618757430000,40434,84221,124655
1618757730000,40751,84570,125321
1618758029000,40978,84747,125725
1618758330000,41246,85278,126524
1618758630000,41456,86018,127474
1618758930000,41702,86449,128151
1618759230000,41879,86708,128587
1618759529000,41985,87177,129162
1618759830000,42291,87462,129753
1618760130000,42498,87778,130276
1618760430000,42832,88229,131061
1618760730000,43006,88056,131062
1618761030000,43106,88465,131571
1618761330000,43384,88731,132115
1618761630000,43459,89267,132726
1618761930000,43615,89401,133016
1618762230000,43747,89499,133246
1618762530000,43988,89618,133606
1618762830000,44119,89814,133933
1618763130000,44144,90197,134341
1618763429000,44318,90423,134741
1618763730000,44506,90749,135255
1618764029000,44701,91161,135862
1618764330000,44950,91500,136450
1618764630000,45140,92022,137162
1618764930000,45314,92316,137630
1618765230000,45411,92866,138277
1618765530000,45699,93106,138805
1618765830000,46292,93536,139828
1618766130000,45833,93781,139614
1618766430000,46266,93924,140190
1618766730000,46407,94347,140754
1618767030000,45493,94962,140455
1618767329000,45752,93303,139055
1618767630000,45747,94520,140267
1618767930000,45260,95071,140331
1618768230000,45827,95721,141548
1618768530000,45508,96273,141781
1618768829000,46168,95241,141409
1618769129000,46662,95944,142606
1618769429000,46765,96893,143658
1618769730000,48039,98193,146232
1618770030000,48149,96940,145089
1618770330000,48233,98098,146331
1618770630000,48319,99105,147424
1618770929000,48536,99702,148238
1618771230000,48694,100413,149107
1618771530000,48827,100731,149558
1618771830000,48854,101362,150216
1618772130000,48938,101543,150481
1618772430000,48932,101699,150631
1618772730000,49064,101581,150645
1618773030000,49145,102024,151169
1618773329000,49253,102322,151575
1618773630000,49249,102842,152091
1618773930000,49254,102854,152108
1618774230000,49309,102871,152180
1618774530000,49313,102927,152240
1618774830000,49371,103000,152371
1618775130000,49319,103137,152456
1618775429000,49245,103432,152677
1618775730000,49171,103458,152629
1618776030000,49159,103053,152212
1618776330000,49135,103127,152262
1618776630000,49041,103864,152905
1618776930000,48965,103848,152813
1618777230000,48746,102958,151704
1618777530000,48697,102829,151526
1618777830000,48594,102842,151436
1618778130000,48293,102468,150761
1618778429000,48129,102544,150673
1618778730000,47947,102303,150250
1618779029000,47703,102052,149755
1618779330000,47531,101542,149073
1618779629000,47271,101315,148586
1618779929000,47194,100299,147493
1618780230000,46908,99792,146700
1618780530000,46659,100287,146946
1618780831000,46446,99369,145815
1618781130000,46276,98933,145209
1618781430000,46067,98577,144644
1618781729000,45939,98012,143951
1618782030000,45678,97703,143381
1618782330000,45349,97184,142533
1618782630000,45054,97448,142502
1618782929000,44867,97095,141962
1618783230000,44660,95745,140405
1618783530000,44419,94969,139388
1618783830000,44240,94085,138325
1618784130000,43918,93774,137692
1618784429000,43832,93307,137139
1618784730000,43545,92906,136451
1618785030000,43403,92592,135995
1618785330000,43193,92404,135597
1618785630000,42977,92255,135232
1618785930000,42806,92072,134878
1618786231000,42575,91836,134411
1618786530000,42685,91666,134351
1618786830000,42638,91091,133729
1618787129000,42219,90636,132855
1618787430000,42102,90685,132787
1618787729000,42038,90672,132710
1618788029000,41859,90049,131908
1618788330000,41582,90064,131646
1618788630000,41416,89917,131333
1618788930000,41319,89682,131001
1618789230000,41327,89417,130744
1618789530000,41388,88924,130312
1618789830000,41405,88972,130377
1618790130000,41473,88871,130344
1618790430000,41546,88932,130478
1618790730000,42125,88969,131094
1618791030000,42196,89138,131334
1618791330000,42260,89113,131373
1618791630000,42207,89192,131399
1618791930000,42220,89170,131390
1618792230000,42037,89532,131569
1618792530000,41960,89532,131492
1618792830000,41868,89654,131522
1618793129000,41795,89929,131724
1618793430000,41769,90274,132043
1618793730000,41730,90621,132351
1618794030000,41539,90500,132039
1618794330000,41389,90530,131919
1618794630000,41366,90347,131713
1618794930000,41181,90378,131559
1618795230000,41163,90378,131541
1618795529000,41017,90472,131489
1618795830000,40835,90219,131054
1618796130000,40622,90240,130862
1618796430000,40494,90182,130676
1618796730000,40435,90088,130523
1618797030000,40098,90121,130219
1618797329000,39882,90081,129963
1618797630000,39639,89704,129343
1618797929000,39447,89385,128832
1618798230000,39209,88941,128150
1618798530000,39007,89169,128176
1618798829000,38789,89051,127840
1618799130000,38548,88781,127329
1618799429000,38179,88442,126621
1618799730000,37950,88098,126048
1618800030000,37783,87878,125661
1618800330000,37509,87036,124545
1618800630000,37179,86662,123841
1618800930000,36954,86192,123146
1618801229000,36541,85639,122180
1618801530000,36237,84947,121184
1618801830000,35875,84423,120298
1618802129000,35693,83836,119529
1618802430000,35296,83286,118582
1618802730000,34865,82554,117419
1618803030000,34575,82024,116599
1618803330000,34292,81345,115637
1618803630000,33984,80841,114825
1618803930000,33682,80099,113781
1618804229000,33444,79413,112857
1618804529000,33096,78341,111437
1618804830000,32721,77805,110526
1618805130000,32475,76990,109465
1618805430000,32184,76363,108547
1618805730000,31893,75767,107660
1618806029000,31581,75239,106820
1618806330000,31348,74601,105949
1618806630000,31045,73753,104798
1618806930000,30724,73072,103796
1618807230000,30480,72322,102802
1618807529000,30226,71749,101975
1618807829000,29964,70863,100827
1618808129000,29666,70228,99894
1618808430000,29439,69286,98725
1618808730000,29090,68259,97349
1618809029000,28909,67390,96299
1618809330000,28640,66244,94884
1618809629000,28351,65642,93993
1618809929000,28019,64890,92909
1618810230000,27830,64163,91993
1618810530000,27604,63569,91173
1618810830000,27389,63092,90481
1618811130000,27199,62182,89381
1618811429000,27087,61419,88506
1618811729000,26919,60684,87603
1618812029000,26679,59982,86661
1618812330000,26516,59343,85859
1618812630000,26417,59346,85763
1618812930000,26431,59452,85883
1618813230000,26142,58658,84800
1618813530000,26062,57588,83650
1618813830000,25919,56778,82697
1618814130000,24547,57039,81586
1618814430000,24467,57783,82250
1618814730000,25323,57977,83300
1618815030000,24430,57669,82099
1618815330000,23416,57388,80804
1618815630000,23358,57339,80697
1618815930000,23351,57111,80462
1618816230000,23184,56778,79962
1618816530000,23092,56780,79872
1618816830000,23057,56501,79558
1618817130000,22920,56362,79282
1618817430000,23086,56151,79237
1618817730000,23130,55730,78860
1618818030000,23122,55573,78695
1618818329000,23252,55553,78805
1618818629000,23208,55258,78466
1618818930000,23120,55110,78230
1618819230000,23207,54877,78084
1618819530000,23156,54668,77824
1618819830000,23298,54450,77748
1618820130000,23491,54388,77879
1618820430000,23642,54460,78102
1618820730000,23713,54387,78100
1618821030000,23796,54194,77990
1618821329000,23928,54071,77999
1618821630000,24096,54036,78132
1618821930000,24162,54174,78336
1618822230000,24336,54003,78339
1618822530000,24179,54054,78233
1618822830000,24282,54038,78320
1618823130000,24568,54105,78673
1618823429000,24686,53982,78668
1618823730000,24780,54056,78836
1618824029000,24889,54130,79019
1618824330000,25178,54256,79434
1618824630000,25255,54221,79476
1618824930000,25012,54068,79080
1618825230000,24925,54313,79238
1618825530000,24650,54419,79069
1618825830000,24143,54446,78589
1618826130000,22978,54439,77417
1618826430000,9400,54567,63967
1618826730000,8362,54553,62915
1618827030000,13457,54727,68184
1618827329000,15885,54944,70829
1618827630000,17341,54628,71969
1618827930000,18686,55147,73833
1618828229000,19852,55383,75235
1618828530000,20912,55521,76433
1618828830000,21773,55754,77527
1618829130000,22403,56024,78427
1618829429000,23090,56139,79229
1618829730000,23578,55511,79089
1618830030000,24103,55692,79795
1618830330000,24551,56172,80723
1618830630000,24995,57006,82001
1618830929000,25575,57455,83030
1618831229000,25919,58241,84160
1618831530000,26199,58631,84830
1618831830000,26583,59245,85828
1618832130000,27092,59769,86861
1618832430000,27307,60388,87695
1618832730000,27712,60820,88532
1618833030000,27998,61230,89228
1618833330000,28349,61764,90113
1618833630000,28802,61836,90638
1618833929000,29168,62333,91501
1618834230000,29512,62848,92360
1618834530000,29597,63566,93163
1618834830000,29983,64146,94129
1618835130000,30375,64615,94990
1618835430000,30775,65309,96084
1618835730000,31218,66074,97292
1618836030000,31675,66964,98639
1618836331000,31978,67893,99871
1618836630000,32390,68587,100977
1618836930000,32721,69114,101835
1618837229000,32931,68921,101852
1618837530000,33324,69679,103003
1618837830000,33582,70385,103967
1618838130000,33833,70958,104791
1618838430000,34117,71992,106109
1618838730000,34399,72518,106917
1618839030000,34579,73182,107761
1618839329000,34715,73336,108051
1618839630000,34886,74061,108947
1618839929000,35358,74401,109759
1618840230000,35586,75085,110671
1618840530000,35851,75692,111543
1618840830000,35980,76254,112234
1618841130000,36248,76998,113246
1618841430000,36562,77857,114419
1618841730000,36738,78851,115589
1618842029000,37018,79813,116831
1618842330000,37413,80809,118222
1618842630000,37619,81516,119135
1618842930000,37911,82081,119992
1618843229000,38250,82803,121053
1618843530000,38528,83455,121983
1618843830000,38761,83925,122686
1618844130000,38920,84286,123206
1618844430000,39033,84677,123710
1618844729000,39204,84945,124149
1618845030000,39408,85703,125111
1618845330000,39570,86120,125690
1618845630000,39748,86705,126453
1618845930000,40106,87257,127363
1618846230000,40294,87801,128095
1618846530000,40596,88010,128606
1618846830000,40734,88209,128943
1618847130000,42211,88329,130540
1618847430000,42803,88396,131199
1618847730000,43073,88679,131752
1618848030000,43372,88890,132262
1618848330000,43657,88567,132224
1618848630000,43804,88807,132611
1618848930000,44031,89153,133184
1618849230000,44132,88900,133032
1618849530000,44511,89240,133751
1618849830000,44705,86836,131541
1618850129000,45092,87719,132811
1618850430000,43767,88678,132445
1618850730000,43963,89538,133501
1618851030000,44045,90104,134149
1618851329000,44400,90429,134829
1618851630000,44530,90882,135412
1618851929000,44712,91424,136136
1618852230000,45149,91684,136833
1618852529000,45409,92067,137476
1618852830000,45609,92683,138292
1618853130000,45727,93133,138860
1618853430000,45739,93520,139259
1618853730000,45863,94072,139935
1618854030000,45950,94560,140510
1618854330000,46190,94982,141172
1618854630000,46306,95238,141544
1618854929000,46459,95757,142216
1618855294000,46606,94583,141189
1618855530000,46648,94919,141567
1618856187000,46900,97547,144447
1618856430000,46974,97892,144866
1618856729000,47146,98082,145228
1618857030000,47196,98142,145338
1618857330000,47326,98625,145951
1618857630000,47501,98799,146300
1618857930000,47538,98988,146526
1618858229000,47515,96038,143553
1618858530000,47787,97338,145125
1618858830000,47727,97943,145670
1618859130000,47651,98228,145879
1618859429000,47820,98927,146747
1618859730000,48063,99471,147534
1618860030000,48056,99800,147856
1618860330000,48034,99799,147833
1618860630000,48187,99829,148016
1618860930000,48169,99955,148124
1618861230000,48096,100426,148522
1618861530000,48174,100494,148668
1618861830000,48077,100582,148659
1618862130000,48095,100619,148714
1618862430000,48028,100580,148608
1618862730000,47736,100584,148320
1618863030000,47572,100473,148045
1618863329000,47422,100378,147800
1618863630000,47283,100256,147539
1618863930000,47150,100172,147322
1618864230000,47282,99736,147018
1618864530000,47157,99260,146417
1618864830000,46965,99306,146271
1618865130000,46897,99322,146219
1618865430000,46877,99012,145889
1618865730000,46667,98669,145336
1618866029000,46490,97898,144388
1618866330000,46233,97342,143575
1618866630000,45951,96631,142582
1618866930000,45762,96260,142022
1618867230000,45528,95711,141239
1618867530000,45368,95226,140594
1618867830000,45297,95011,140308
1618868130000,45110,94765,139875
1618868430000,45050,94758,139808
1618868730000,44850,94285,139135
1618869030000,44742,93890,138632
1618869330000,44578,93363,137941
1618869630000,44237,93020,137257
1618869930000,43951,92498,136449
1618870230000,43577,92063,135640
1618870530000,43392,91638,135030
1618870830000,43269,91269,134538
1618871130000,43052,91164,134216
1618871430000,42961,90915,133876
1618871730000,42884,90592,133476
1618872029000,42772,90112,132884
1618872330000,42748,89962,132710
1618872630000,42663,89702,132365
1618872930000,42582,89591,132173
1618873230000,42438,89451,131889
1618873530000,42333,89005,131338
1618873830000,42272,88844,131116
1618874129000,42027,88514,130541
1618874430000,41974,88741,130715
1618874730000,41871,88897,130768
1618875030000,41838,88564,130402
1618875330000,41739,89120,130859
1618875630000,41593,88792,130385
1618875930000,41709,88701,130410
1618876229000,41806,88588,130394
1618876530000,41853,88636,130489
1618876830000,41889,88681,130570
1618877130000,42214,88771,130985
1618877430000,42319,88855,131174
1618877730000,42477,89106,131583
1618878030000,42523,89319,131842
1618878330000,42499,89621,132120
1618878630000,42476,89590,132066
1618878929000,42362,89198,131560
1618879229000,42342,89823,132165
1618879530000,42269,90115,132384
1618879830000,42275,89625,131900
1618880130000,42341,90258,132599
1618880430000,42336,90532,132868
1618880730000,42209,90775,132984
1618881030000,42077,90779,132856
1618881330000,42059,90690,132749
1618881630000,41883,91121,133004
1618881930000,41791,91123,132914
1618882230000,41736,91057,132793
1618882530000,41598,90913,132511
1618882830000,41451,90868,132319
1618883130000,41310,90962,132272
1618883430000,41070,91007,132077
1618883730000,40838,90859,131697
1618884030000,40692,90767,131459
1618884330000,40428,90558,130986
1618884630000,40188,90361,130549
1618884930000,39938,90225,130163
1618885230000,39677,90156,129833
1618885530000,39401,89800,129201
1618885830000,39182,89467,128649
1618886130000,38928,88849,127777
1618886430000,38618,89011,127629
1618886730000,38220,88268,126488
1618887030000,37910,88119,126029
1618887330000,37660,87267,124927
1618887630000,37417,86774,124191
1618887930000,37216,86019,123235
1618888230000,36810,85335,122145
1618888530000,36435,84890,121325
1618888830000,36062,84043,120105
1618889130000,35736,83462,119198
1618889430000,35410,82726,118136
1618889729000,35057,82056,117113
1618890030000,34706,81420,116126
1618890330000,34298,80762,115060
1618890629000,34110,80116,114226
1618890929000,33670,79168,112838
1618891229000,33286,78404,111690
1618891530000,32971,77549,110520
1618891830000,32730,76807,109537
1618892129000,32419,75863,108282
1618892429000,32089,75190,107279
1618892730000,31784,74569,106353
1618893030000,31365,73943,105308
1618893333000,31012,73375,104387
1618893630000,30727,72510,103237
1618893929000,30529,71767,102296
1618894230000,30235,70810,101045
1618894530000,29808,70188,99996
1618894830000,29428,69205,98633
1618895129000,29160,68467,97627
1618895429000,28835,67695,96530
1618895729000,28568,66809,95377
1618896030000,28317,66069,94386
1618896330000,28094,65162,93256
1618896630000,27902,64370,92272
1618896930000,27938,63616,91554
1618897230000,28190,62881,91071
1618897530000,27510,62102,89612
1618897830000,27391,61647,89038
1618898129000,27361,60819,88180
1618898430000,26878,60341,87219
1618898730000,25306,59745,85051
1618899030000,25040,59745,84785
1618899330000,24922,60268,85190
1618899630000,25157,59452,84609
1618899930000,24835,57944,82779
1618900229000,24792,57037,81829
1618900530000,25324,56931,82255
1618900830000,25420,57681,83101
1618901129000,25949,58508,84457
1618901430000,26356,58646,85002
1618901729000,26330,58438,84768
1618902029000,26389,58171,84560
1618902330000,26293,57833,84126
1618902631000,26297,57298,83595
1618902929000,26142,56964,83106
1618903230000,26185,56703,82888
1618903530000,26155,56416,82571
1618903830000,26007,56459,82466
1618904130000,25937,56189,82126
1618904430000,25976,56243,82219
1618904730000,25909,56038,81947
1618905030000,25944,56273,82217
1618905330000,25933,56471,82404
1618905630000,25912,56387,82299
1618905930000,25836,56368,82204
1618906230000,25864,56259,82123
1618906530000,25849,56171,82020
1618906829000,26086,56003,82089
1618907130000,26216,55781,81997
1618907429000,26349,55693,82042
1618907730000,26438,55694,82132
1618908030000,26472,55661,82133
1618908330000,26537,55607,82144
1618908630000,26655,55720,82375
1618908930000,27020,55787,82807
1618909230000,27103,55639,82742
1618909530000,27153,55728,82881
1618909830000,27342,55757,83099
1618910130000,27495,55754,83249
1618910430000,27345,55739,83084
1618910730000,27417,55790,83207
1618911030000,27412,55625,83037
1618911329000,27370,55741,83111
1618911630000,27461,55596,83057
1618911930000,27502,55849,83351
1618912230000,27507,56088,83595
1618912530000,27423,56036,83459
1618912830000,27425,55998,83423
1618913130000,27583,55888,83471
1618913430000,27570,56093,83663
1618913730000,27729,56032,83761
1618914030000,27717,56411,84128
1618914330000,27742,56406,84148
1618914630000,27843,56344,84187
1618914930000,28014,56540,84554
1618915230000,28118,56779,84897
1618915530000,28242,56966,85208
1618915829000,28257,57360,85617
1618916130000,28283,57511,85794
1618916430000,28270,57470,85740
1618916730000,28478,57875,86353
1618917030000,28712,57945,86657
1618917330000,29021,58304,87325
1618917629000,29362,58875,88237
1618917930000,29592,59502,89094
1618918230000,29794,59924,89718
1618918529000,30104,60256,90360
1618918830000,30392,60870,91262
1618919130000,30682,61478,92160
1618919430000,31060,61878,92938
1618919729000,31429,62318,93747
1618920030000,31692,62644,94336
1618920330000,31872,63062,94934
1618920630000,32218,63820,96038
1618920930000,32547,64328,96875
1618921230000,32776,65105,97881
1618921530000,33089,65754,98843
1618921830000,33338,66336,99674
1618922130000,33762,67128,100890
1618922429000,34045,67838,101883
1618922730000,34278,68839,103117
1618923030000,34648,69437,104085
1618923330000,34815,69887,104702
1618923629000,35106,70395,105501
1618923930000,35230,71496,106726
1618924230000,35424,72325,107749
1618924530000,35518,72890,108408
1618924830000,35672,73555,109227
1618925130000,35740,74169,109909
1618925430000,35688,74243,109931
1618925730000,35794,75140,110934
1618926029000,35764,75496,111260
1618926330000,35153,75770,110923
1618926629000,34534,77432,111966
1618926930000,33322,78388,111710
1618927230000,14277,78580,92857
1618927530000,11264,79207,90471
1618927830000,17268,80248,97516
1618928130000,20845,81395,102240
1618928430000,23500,82158,105658
1618928730000,25361,82754,108115
1618929030000,26852,83293,110145
1618929329000,28487,83937,112424
1618929630000,29627,84797,114424
1618929930000,30734,85081,115815
1618930231000,31832,85622,117454
1618930530000,32737,86096,118833
1618930830000,33486,86321,119807
1618931130000,34193,86930,121123
1618931430000,34711,87614,122325
1618931730000,35237,87967,123204
1618932030000,36276,88004,124280
1618932330000,36381,88529,124910
1618932630000,37083,88856,125939
1618932929000,37182,89254,126436
1618933230000,37837,89873,127710
1618933530000,38386,89365,127751
1618933830000,38714,90040,128754
1618934130000,39921,89903,129824
1618934429000,40084,89836,129920
1618934733000,40692,89472,130164
1618935030000,41157,89449,130606
1618935330000,42331,90156,132487
1618935630000,42718,90200,132918
1618935930000,43091,90156,133247
1618936230000,43376,90542,133918
1618936530000,43673,90286,133959
1618936830000,42704,91036,133740
1618937130000,42826,91082,133908
1618937431000,43075,90885,133960
1618937730000,43110,91049,134159
1618938030000,43186,91224,134410
1618938330000,43435,91681,135116
1618938630000,43620,92049,135669
1618938930000,43833,92613,136446
1618939230000,44139,93364,137503
1618939530000,44376,93239,137615
1618939830000,44593,93542,138135
1618940130000,44776,94747,139523
1618940430000,44848,95042,139890
1618940730000,45058,95447,140505
1618941029000,45172,94743,139915
1618941330000,45469,95134,140603
1618941630000,45479,93297,138776
1618941930000,45689,93807,139496
1618942230000,45892,94707,140599
1618942530000,46147,96504,142651
1618942830000,46098,97504,143602
1618943130000,46223,97602,143825
1618943430000,46393,97809,144202
1618943729000,46662,98230,144892
1618944030000,46776,98687,145463
1618944330000,46909,98480,145389
1618944630000,46984,98910,145894
1618944930000,46815,99224,146039
1618945229000,46836,99441,146277
1618945530000,46739,99657,146396
1618945830000,46777,99758,146535
1618946130000,46931,100360,147291
1618946429000,46946,100551,147497
1618946730000,47040,100633,147673
1618947030000,47108,100795,147903
1618947330000,47032,100456,147488
1618947630000,46915,101031,147946
1618947930000,47138,100947,148085
1618948230000,47086,101047,148133
1618948530000,47040,101044,148084
1618948830000,46979,101009,147988
1618949130000,46884,101354,148238
1618949430000,46761,101060,147821
1618949730000,46743,100585,147328
1618950030000,46685,100622,147307
1618950330000,46538,100765,147303
1618950630000,46280,100099,146379
1618950930000,46099,100275,146374
1618951229000,46048,100109,146157
1618951529000,45972,99964,145936
1618951829000,45848,99679,145527
1618952130000,45683,99482,145165
1618952430000,45416,99172,144588
1618952730000,44929,98671,143600
1618953029000,44755,97893,142648
1618953329000,44551,97019,141570
1618953630000,44398,96781,141179
1618953930000,44410,96811,141221
1618954230000,44145,96049,140194
1618954530000,44011,95830,139841
1618954830000,43883,95645,139528
1618955130000,43760,95399,139159
1618955430000,43598,95111,138709
1618955730000,43507,94192,137699
1618956030000,43334,94189,137523
1618956330000,43016,93454,136470
1618956630000,42987,93116,136103
1618956930000,42662,92964,135626
1618957230000,42561,92603,135164
1618957530000,42286,92103,134389
1618957830000,42029,91659,133688
1618958129000,41905,91513,133418
1618958430000,41879,91438,133317
1618958730000,41922,90992,132914
1618959030000,41866,90664,132530
1618959330000,41776,90277,132053
1618959630000,41541,90085,131626
1618959930000,41216,90015,131231
1618960230000,41218,89930,131148
1618960530000,41120,89673,130793
1618960830000,41080,89629,130709
1618961130000,41125,89347,130472
1618961430000,41108,89114,130222
1618961730000,41042,88616,129658
1618962030000,41032,88555,129587
1618962329000,41052,88478,129530
1618962630000,41195,88592,129787
1618962930000,41421,88740,130161
1618963230000,41548,88816,130364
1618963530000,42056,88654,130710
1618963830000,40945,88751,129696
1618964130000,41054,88883,129937
1618964430000,41069,89166,130235
1618964730000,40969,89546,130515
1618965030000,40924,89689,130613
1618965330000,40922,89873,130795
1618965630000,40844,90030,130874
1618965929000,40830,90502,131332
1618966229000,40780,90739,131519
1618966529000,40568,90647,131215
1618966830000,40424,90697,131121
1618967130000,40276,90680,130956
1618967430000,40146,90615,130761
1618967729000,40157,90653,130810
1618968030000,40067,90855,130922
1618968329000,39717,90783,130500
1618968630000,39629,90550,130179
1618968930000,39543,91058,130601
1618969230000,39484,91224,130708
1618969530000,39329,91093,130422
1618969830000,39041,90725,129766
1618970130000,38893,90580,129473
1618970429000,38774,90460,129234
1618970730000,38605,90318,128923
1618971030000,38328,89813,128141
1618971330000,38041,89609,127650
1618971630000,37875,89417,127292
1618971930000,37671,89356,127027
1618972230000,37483,89178,126661
1618972530000,37274,88763,126037
1618972830000,37048,88637,125685
1618973130000,36710,88242,124952
1618973429000,36395,88020,124415
1618973730000,36090,87372,123462
1618974030000,35818,87075,122893
1618974330000,35599,86315,121914
1618974630000,35299,85837,121136
1618974930000,34570,85162,119732
1618975230000,34213,84781,118994
1618975530000,33929,84130,118059
1618975830000,33559,83545,117104
1618976130000,33258,82879,116137
1618976430000,32879,82262,115141
1618976730000,32474,81454,113928
1618977030000,32046,80768,112814
1618977330000,31697,80105,111802
1618977630000,31312,79316,110628
1618977930000,30988,78718,109706
1618978230000,30613,78251,108864
1618978530000,30338,77320,107658
1618978830000,30045,76470,106515
1618979130000,29719,75680,105399
1618979430000,29393,75047,104440
1618979730000,29072,74330,103402
1618980030000,28890,73229,102119
1618980329000,28446,72816,101262
1618980630000,28014,72085,100099
1618980929000,27581,71031,98612
1618981230000,27584,70301,97885
1618981530000,27072,69314,96386
1618981830000,26769,68635,95404
1618982130000,26807,67581,94388
1618982430000,26770,66497,93267
1618982730000,26481,65515,91996
1618983030000,25996,64618,90614
1618983329000,27082,63859,90941
1618983630000,26540,63175,89715
1618983930000,27454,62395,89849
1618984230000,27706,61898,89604
1618984530000,27551,60726,88277
1618984830000,27408,60094,87502
1618985129000,27138,59384,86522
1618985430000,26840,59557,86397
1618985729000,26847,60054,86901
1618986029000,26720,59350,86070
1618986330000,26474,57665,84139
1618986630000,26404,57061,83465
1618986930000,26098,56753,82851
1618987230000,26078,57329,83407
1618987530000,26026,58061,84087
1618987830000,26048,57919,83967
1618988130000,26022,57765,83787
1618988430000,25998,57147,83145
1618988730000,26072,57484,83556
1618989030000,26111,57131,83242
1618989330000,25980,56352,82332
1618989629000,25921,56256,82177
1618989930000,25883,56018,81901
1618990230000,25872,55943,81815
1618990530000,25736,55781,81517
1618990830000,25720,55566,81286
1618991129000,25746,55190,80936
1618991430000,25779,54923,80702
1618991730000,25763,54836,80599
1618992030000,25713,54717,80430
1618992330000,25762,54777,80539
1618992630000,25776,54733,80509
1618992930000,25959,54819,80778
1618993229000,26179,54852,81031
1618993530000,26264,54672,80936
1618993829000,26283,54277,80560
1618994130000,26319,54092,80411
1618994430000,26405,53944,80349
1618994731000,26433,53771,80204
1618995030000,26345,53877,80222
1618995330000,26430,53696,80126
1618995631000,26491,53683,80174
1618995930000,26770,53586,80356
1618996230000,26831,53882,80713
1618996529000,26947,53986,80933
1618996829000,27042,54077,81119
1618997130000,27113,54161,81274
1618997430000,27227,54288,81515
1618997730000,27286,54152,81438
1618998032000,27530,54332,81862
1618998330000,27685,54504,82189
1618998629000,27778,54460,82238
1618998930000,27500,54520,82020
1618999230000,27525,54409,81934
1618999529000,27482,52967,80449
1618999830000,27566,52540,80106
1619000130000,27256,51503,78759
1619000430000,27602,50048,77650
1619000730000,27694,47273,74967
1619001029000,27575,29804,57379
1619001330000,28261,17927,46188
1619001630000,28530,25451,53981
1619001930000,28834,30212,59046
1619002230000,28923,34149,63072
1619002530000,29105,37615,66720
1619002830000,29212,39707,68919
1619003130000,29330,41752,71082
1619003430000,29450,43547,72997
1619003730000,29735,45159,74894
1619004030000,29934,46580,76514
1619004330000,30189,47972,78161
1619004629000,30440,49047,79487
1619004930000,30754,50145,80899
1619005230000,29416,51504,80920
1619005530000,29570,52548,82118
1619005830000,29882,53568,83450
1619006130000,30272,54681,84953
1619006430000,30507,55458,85965
1619006730000,30813,56314,87127
1619007030000,31082,57291,88373
1619007330000,31312,58217,89529
1619007630000,31661,58989,90650
1619007930000,32057,60108,92165
1619008230000,32294,61015,93309
1619008530000,32717,62047,94764
1619008830000,32250,62941,95191
1619009130000,32507,63789,96296
1619009430000,32801,64680,97481
1619009730000,33034,65346,98380
1619010030000,33205,66290,99495
1619010330000,33532,67346,100878
1619010630000,33909,68008,101917
1619010930000,34264,68600,102864
1619011230000,34736,69400,104136
1619011530000,35129,69960,105089
1619011830000,35534,70313,105847
1619012130000,35994,70607,106601
1619012430000,36317,71148,107465
1619012730000,36519,71872,108391
1619013030000,36903,72619,109522
1619013330000,36975,73111,110086
1619013630000,37158,73845,111003
1619013930000,37429,74735,112164
1619014230000,37688,75629,113317
1619014530000,38217,76734,114951
1619014830000,38680,77891,116571
1619015130000,39131,78565,117696
1619015430000,39376,79255,118631
1619015729000,39730,80529,120259
1619016029000,40040,81077,121117
1619016330000,40299,81818,122117
1619016630000,40460,82171,122631
1619016930000,40741,82570,123311
1619017230000,40990,83015,124005
1619017531000,41209,83373,124582
1619017830000,41451,84085,125536
1619018130000,41759,84425,126184
1619018430000,41999,85101,127100
1619018730000,42161,85370,127531
1619019030000,42425,85979,128404
1619019330000,40769,86348,127117
1619019630000,40955,86804,127759
1619019930000,41072,87498,128570
1619020230000,41270,87608,128878
1619020530000,41342,87634,128976
1619020830000,41443,87016,128459
1619021130000,41530,87144,128674
1619021430000,41651,87296,128947
1619021730000,41664,87698,129362
1619022030000,41908,87758,129666
1619022330000,42148,87925,130073
1619022633000,42304,88026,130330
1619022930000,42398,88297,130695
1619023230000,42633,88650,131283
1619023529000,42566,88881,131447
1619023830000,42674,89260,131934
1619024129000,42875,89702,132577
1619024430000,42986,89948,132934
1619024730000,43273,90024,133297
1619025030000,43479,90388,133867
1619025330000,43727,90978,134705
1619025629000,41964,91694,133658
1619025930000,42407,92619,135026
1619026230000,42431,92565,134996
1619026530000,43832,93513,137345
1619026830000,42996,94038,137034
1619027130000,43477,93689,137166
1619027429000,43626,94321,137947
1619027730000,44164,95275,139439
1619028030000,44519,93226,137745
1619028330000,44770,93660,138430
1619028630000,45820,94387,140207
1619028930000,46143,95929,142072
1619029230000,46538,96591,143129
1619029530000,47753,97040,144793
1619029830000,47955,97399,145354
1619030129000,48133,97664,145797
1619030430000,48387,97830,146217
1619030730000,48536,97919,146455
1619031030000,48557,98033,146590
1619031330000,48668,98778,147446
1619031630000,48672,98348,147020
1619031930000,48776,98442,147218
1619032230000,48989,98352,147341
1619032530000,49089,98836,147925
1619032829000,49194,99749,148943
1619033130000,46852,99878,146730
1619033430000,46866,100151,147017
1619033730000,46883,100074,146957
1619034030000,46909,100379,147288
1619034329000,46997,100166,147163
1619034630000,47042,100434,147476
1619034929000,47058,100227,147285
1619035229000,47067,100095,147162
1619035530000,46946,99992,146938
1619035829000,46812,100101,146913
1619036130000,46572,97796,144368
1619036430000,46565,98635,145200
1619036730000,46576,98812,145388
1619037030000,46442,98881,145323
1619037330000,46302,98784,145086
1619037630000,46153,98860,145013
1619037930000,46100,98625,144725
1619038230000,45918,98174,144092
1619038530000,45715,97836,143551
1619038830000,45429,97577,143006
1619039130000,45411,97530,142941
1619039430000,45220,97059,142279
1619039730000,45071,96558,141629
1619040045000,44870,96434,141304
1619040330000,44770,95986,140756
1619040630000,44559,95750,140309
1619040929000,44247,95392,139639
1619041230000,44062,94842,138904
1619041530000,43928,94633,138561
1619041830000,43722,94407,138129
1619042130000,43500,94191,137691
1619042430000,43195,93496,136691
1619042729000,43039,92602,135641
1619043030000,42749,92343,135092
1619043330000,42550,92423,134973
1619043630000,42394,92238,134632
1619043930000,42229,92168,134397
1619044230000,42089,91900,133989
1619044529000,41981,91502,133483
1619044830000,41722,91398,133120
1619045130000,41631,91255,132886
1619045430000,41576,90997,132573
1619045729000,41481,90789,132270
1619046030000,41360,90371,131731
1619046329000,41172,89887,131059
1619046630000,41075,89792,130867
1619046930000,40977,89077,130054
1619047229000,40899,89122,130021
1619047530000,40878,88808,129686
1619047831000,40790,88959,129749
1619048129000,40671,89007,129678
1619048430000,40740,89092,129832
1619048730000,40559,89066,129625
1619049030000,40721,88921,129642
1619049329000,40750,88971,129721
1619049630000,40900,88892,129792
1619049930000,41548,88997,130545
1619050230000,41733,89106,130839
1619050530000,41765,89196,130961
1619050830000,41684,89286,130970
1619051130000,41736,89459,131195
1619051430000,41748,89575,131323
1619051729000,41743,89942,131685
1619052030000,41700,90338,132038
1619052330000,41551,90328,131879
1619052630000,41372,90762,132134
1619052929000,41463,90750,132213
1619053230000,41347,90887,132234
1619053530000,41169,90816,131985
1619053830000,41033,91121,132154
1619054130000,40921,91122,132043
1619054430000,40785,90768,131553
1619054730000,40558,90866,131424
1619055030000,40452,90896,131348
1619055329000,40397,90555,130952
1619055630000,40235,90598,130833
1619055930000,40243,90650,130893
1619056229000,40085,90808,130893
1619056530000,39804,90464,130268
1619056830000,39488,90304,129792
1619057130000,39371,90661,130032
1619057430000,39175,90016,129191
1619057730000,38988,89812,128800
1619058030000,38757,89641,128398
1619058330000,38596,89423,128019
1619058630000,38247,89100,127347
1619058930000,37943,88810,126753
1619059230000,37715,88301,126016
1619059530000,37161,87547,124708
1619059830000,37139,87602,124741
1619060130000,36916,87053,123969
1619060430000,36631,86325,122956
1619060730000,36355,85814,122169
1619061030000,36182,85353,121535
1619061329000,35968,84862,120830
1619061629000,35523,84295,119818
1619061930000,35113,83465,118578
1619062230000,34797,82772,117569
1619062530000,34444,82072,116516
1619062830000,34196,81560,115756
1619063130000,33880,81138,115018
1619063430000,33672,80457,114129
1619063730000,33417,79642,113059
1619064030000,33064,78731,111795
1619064330000,32622,77962,110584
1619064630000,32255,77233,109488
1619064930000,31859,76361,108220
1619065230000,31554,76160,107714
1619065529000,31245,75215,106460
1619065830000,30936,74348,105284
1619066130000,30597,73798,104395
1619066430000,30323,73162,103485
1619066730000,29952,72071,102023
1619067030000,29748,71332,101080
1619067330000,29562,71046,100608
1619067629000,29233,70336,99569
1619067930000,28938,69353,98291
1619068230000,28671,68741,97412
1619068530000,28427,67516,95943
1619068830000,28188,66992,95180
1619069130000,27943,65951,93894
1619069430000,27720,65379,93099
1619069730000,27520,64246,91766
1619070030000,27358,63764,91122
1619070330000,27195,63026,90221
1619070630000,27397,62052,89449
1619070930000,27383,61408,88791
1619071230000,26783,60911,87694
1619071530000,25166,60405,85571
1619071830000,26091,60644,86735
1619072130000,23976,60752,84728
1619072430000,24063,60208,84271
1619072730000,24303,58832,83135
1619073030000,24225,58320,82545
1619073330000,25019,57866,82885
1619073630000,24852,58241,83093
1619073930000,25882,59128,85010
1619074230000,25951,59088,85039
1619074530000,25874,58652,84526
1619074830000,25842,58196,84038
1619075130000,25794,57816,83610
1619075430000,25781,57434,83215
1619075730000,25715,56883,82598
1619076030000,25800,56721,82521
1619076329000,25728,56428,82156
1619076629000,25745,56167,81912
1619076930000,25728,56138,81866
1619077230000,25578,56125,81703
1619077530000,25491,56075,81566
1619077830000,25490,56064,81554
1619078129000,25528,55782,81310
1619078429000,25654,55576,81230
1619078730000,25868,55334,81202
1619079030000,26047,55281,81328
1619079329000,26298,55286,81584
1619079629000,26536,55177,81713
1619079930000,26708,55065,81773
1619080230000,26739,54932,81671
1619080529000,26899,54814,81713
1619080830000,27036,54773,81809
1619081130000,27195,54666,81861
1619081430000,27235,54675,81910
1619081730000,27297,54047,81344
1619082029000,27380,54072,81452
1619082329000,27456,54150,81606
1619082630000,27593,53877,81470
1619082929000,27765,53777,81542
1619083229000,27827,53911,81738
1619083530000,28007,53942,81949
1619083830000,27809,54065,81874
1619084130000,27532,54192,81724
1619084430000,27487,54297,81784
1619084730000,27550,54415,81965
1619085030000,27604,54468,82072
1619085330000,27686,54463,82149
1619085630000,27728,54329,82057
1619085929000,27791,54138,81929
1619086230000,27926,54424,82350
1619086530000,28163,54500,82663
1619086830000,28396,54816,83212
1619087130000,28494,55061,83555
1619087430000,28667,55387,84054
1619087730000,28833,55617,84450
1619088030000,29040,56087,85127
1619088330000,29113,56366,85479
1619088630000,29332,56430,85762
1619088930000,29369,56609,85978
1619089230000,29417,56530,85947
1619089530000,29487,56847,86334
1619089830000,29774,57101,86875
1619090130000,29932,57425,87357
1619090430000,29987,58005,87992
1619090730000,30199,58412,88611
1619091030000,30579,58455,89034
1619091329000,28708,58537,87245
1619091630000,28941,59188,88129
1619091930000,29288,59739,89027
1619092230000,29550,60390,89940
1619092530000,29906,60832,90738
1619092830000,30178,61133,91311
1619093130000,30501,61430,91931
1619093430000,30819,62031,92850
1619093730000,31001,62812,93813
1619094030000,31286,63473,94759
1619094330000,31636,64219,95855
1619094630000,31942,64715,96657
1619094930000,32413,65461,97874
1619095230000,32824,66211,99035
1619095530000,33161,66715,99876
1619095830000,33458,67351,100809
1619096130000,33744,67828,101572
1619096430000,34085,68223,102308
1619096730000,34384,69001,103385
1619097030000,34840,69761,104601
1619097330000,35206,70362,105568
1619097630000,35556,71321,106877
1619097930000,35825,71634,107459
1619098230000,36152,71744,107896
1619098530000,36567,72581,109148
1619098830000,36798,72952,109750
1619099130000,37032,73556,110588
1619099430000,37267,74185,111452
1619099730000,37493,74823,112316
1619100030000,37686,75495,113181
1619100330000,38054,76421,114475
1619100630000,38366,77144,115510
1619100930000,38572,78054,116626
1619101230000,38824,78876,117700
1619101530000,39212,79614,118826
1619101830000,39532,80181,119713
1619102130000,39897,80753,120650
1619102430000,40135,81435,121570
1619102730000,40500,82136,122636
1619103030000,40648,82181,122829
1619103330000,40927,82598,123525
1619103630000,41106,83580,124686
1619103930000,41356,83962,125318
1619104230000,41515,84808,126323
1619104529000,41876,85100,126976
1619104829000,41966,85606,127572
1619105130000,42106,85738,127844
1619105430000,39842,85959,125801
1619105729000,39929,86180,126109
1619106030000,40153,86495,126648
1619106330000,40464,86299,126763
1619106630000,40725,86722,127447
1619106930000,41036,86801,127837
1619107230000,41272,86559,127831
1619107530000,41533,86890,128423
1619107830000,41791,87181,128972
1619108129000,42247,87203,129450
1619108430000,42621,87412,130033
1619108730000,42759,87587,130346
1619109029000,43051,87678,130729
1619109330000,43267,87704,130971
1619109630000,43612,87608,131220
1619109930000,43879,87984,131863
1619110230000,44108,87616,131724
1619110530000,44240,87835,132075
1619110830000,44400,87958,132358
1619111130000,44641,87962,132603
1619111430000,44857,88309,133166
1619111730000,45621,88799,134420
1619112030000,44331,89157,133488
1619112330000,44322,89721,134043
1619112630000,44559,90143,134702
1619112930000,44275,90706,134981
1619113230000,44580,91088,135668
1619113530000,45001,91371,136372
1619113829000,45218,92040,137258
1619114130000,46400,92043,138443
1619114430000,46538,90240,136778
1619114730000,46712,90884,137596
1619115029000,48067,91302,139369
1619115330000,48198,92972,141170
1619115629000,48265,93866,142131
1619115930000,48519,94219,142738
1619116230000,45817,94652,140469
1619116530000,45993,95105,141098
1619116830000,46114,95294,141408
1619117130000,46173,95102,141275
1619117430000,46318,95201,141519
1619117730000,46350,95367,141717
1619118030000,46523,95770,142293
1619118330000,46634,96254,142888
1619118630000,46561,96805,143366
1619118929000,46583,96634,143217
1619119230000,46493,96822,143315
1619119530000,46492,96619,143111
1619119830000,46347,96293,142640
1619120130000,46384,96505,142889
1619120430000,46542,96598,143140
1619120730000,46526,97066,143592
1619121030000,46441,97197,143638
1619121330000,46233,97459,143692
1619121630000,46025,97311,143336
1619121930000,45961,97519,143480
1619122230000,45825,97745,143570
1619122530000,45752,97658,143410
1619122830000,45806,97942,143748
1619123130000,45562,97590,143152
1619123430000,45569,97283,142852
1619123730000,45416,97177,142593
1619124030000,45414,97396,142810
1619124330000,45253,97122,142375
1619124630000,45108,96869,141977
1619124929000,44971,96521,141492
1619125230000,44858,96040,140898
1619125529000,44540,95417,139957
1619125830000,44295,94940,139235
1619126130000,44135,94648,138783
1619126430000,43935,94540,138475
1619126730000,43827,94181,138008
1619127030000,43629,93800,137429
1619127329000,43339,93486,136825
1619127630000,43279,92964,136243
1619127930000,43218,92652,135870
1619128230000,43281,92241,135522
1619128530000,43067,92120,135187
1619128830000,43019,91602,134621
1619129130000,42701,91225,133926
1619129429000,42464,90844,133308
1619129729000,42302,90425,132727
1619130030000,42084,90076,132160
1619130330000,42023,89935,131958
1619130630000,41875,89499,131374
1619130929000,41728,89225,130953
1619131230000,41612,88651,130263
1619131530000,41444,88439,129883
1619131830000,41308,88275,129583
1619132129000,41125,87438,128563
1619132429000,41035,87214,128249
1619132730000,40790,87160,127950
1619133029000,40729,86896,127625
1619133330000,40556,87099,127655
1619133629000,40534,86553,127087
1619133929000,40443,86093,126536
1619134229000,40383,85842,126225
1619134529000,40268,85819,126087
1619134830000,40193,85867,126060
1619135130000,40276,85929,126205
1619135430000,40234,86056,126290
1619135730000,40179,85984,126163
1619136030000,40265,85986,126251
1619136330000,40717,86152,126869
1619136630000,40871,86039,126910
1619136930000,40979,85769,126748
1619137230000,41004,85831,126835
1619137529000,40967,86009,126976
1619137830000,40997,86131,127128
1619138129000,40968,86258,127226
1619138430000,41016,86640,127656
1619138730000,40911,86954,127865
1619139030000,40890,87300,128190
1619139329000,40882,87740,128622
1619139630000,40877,87422,128299
1619139930000,40782,87258,128040
1619140230000,40628,87732,128360
1619140530000,40476,87814,128290
1619140830000,40360,87840,128200
1619141130000,40293,88247,128540
1619141430000,40118,88246,128364
1619141729000,40001,88349,128350
1619142030000,39784,88373,128157
1619142330000,39548,88255,127803
1619142630000,39358,88294,127652
1619142929000,39004,88056,127060
1619143230000,38994,87752,126746
1619143530000,38714,87873,126587
1619143830000,38531,88034,126565
1619144130000,38363,87742,126105
1619144430000,38142,87649,125791
1619144730000,37999,87307,125306
1619145030000,37744,86909,124653
1619145330000,37542,86438,123980
1619145630000,37170,86106,123276
1619145930000,36877,85795,122672
1619146229000,36554,85606,122160
1619146529000,36305,84835,121140
1619146829000,36017,84746,120763
1619147130000,35605,84154,119759
1619147429000,35266,83790,119056
1619147730000,34994,83583,118577
1619148030000,34718,82989,117707
1619148329000,34456,82384,116840
1619148630000,34264,81815,116079
1619148930000,34022,81173,115195
1619149230000,33736,80724,114460
1619149530000,33468,79899,113367
1619149830000,33195,79496,112691
1619150129000,32860,78438,111298
1619150429000,32544,77710,110254
1619150730000,32318,76770,109088
1619151030000,32003,76158,108161
1619151330000,31535,75654,107189
1619151630000,31166,75073,106239
1619151930000,30852,74525,105377
1619152229000,30575,73724,104299
1619152530000,30305,73131,103436
1619152830000,30068,72139,102207
1619153130000,29785,71339,101124
1619153430000,29565,70510,100075
1619153730000,29257,69694,98951
1619154030000,29023,69163,98186
1619154330000,28584,67918,96502
1619154629000,28401,67329,95730
1619154930000,28110,66181,94291
1619155230000,27984,65959,93943
1619155530000,27818,65085,92903
1619155830000,27626,64628,92254
1619156129000,27501,63862,91363
1619156430000,27173,63269,90442
1619156729000,27061,62582,89643
1619157030000,26945,61163,88108
1619157330000,26749,60696,87445
1619157630000,26635,60142,86777
1619157929000,24977,59628,84605
1619158230000,24756,59619,84375
1619158530000,24852,59812,84664
1619158830000,23974,59160,83134
1619159130000,24069,57642,81711
1619159430000,23950,57391,81341
1619159730000,23519,57046,80565
1619160029000,24749,57579,82328
1619160330000,24710,58280,82990
1619160630000,25589,58225,83814
1619160930000,25672,57836,83508
1619161229000,25652,57602,83254
1619161530000,25551,57255,82806
1619161830000,25464,57129,82593
1619162130000,25311,56524,81835
1619162430000,25038,56272,81310
1619162730000,24894,56181,81075
1619163030000,24945,55770,80715
1619163330000,24862,55601,80463
1619163630000,24937,55469,80406
1619163930000,24970,55625,80595
1619164230000,25026,55400,80426
1619164529000,24830,55254,80084
1619164829000,24920,54999,79919
1619165130000,25299,54938,80237
1619165430000,25503,54894,80397
1619165730000,25348,54785,80133
1619166030000,25373,54641,80014
1619166330000,25568,54343,79911
1619166629000,25733,54081,79814
1619166930000,25973,54106,80079
1619167230000,26043,54130,80173
1619167530000,26283,54128,80411
1619167829000,26391,53993,80384
1619168130000,26447,53884,80331
1619168430000,26526,53881,80407
1619168730000,26658,53464,80122
1619169030000,26765,53478,80243
1619169329000,26928,53469,80397
1619169630000,27122,53647,80769
1619169930000,26061,53647,79708
1619170229000,26093,53676,79769
1619170530000,26225,53785,80010
1619170830000,26258,53804,80062
1619171130000,26389,53696,80085
1619171430000,26510,53738,80248
1619171730000,26517,53654,80171
1619172030000,26633,53646,80279
1619172330000,26786,53430,80216
1619172630000,26900,53660,80560
1619172930000,27126,53860,80986
1619173229000,27322,53959,81281
1619173529000,27542,54090,81632
1619173830000,27655,54389,82044
1619174130000,27779,54533,82312
1619174430000,28035,54811,82846
1619174730000,28160,55011,83171
1619175030000,28244,55278,83522
1619175330000,28442,55508,83950
1619175630000,28569,55597,84166
1619175930000,28838,55905,84743
1619176230000,29052,56232,85284
1619176531000,29279,56622,85901
1619176830000,29412,56939,86351
1619177130000,29608,57534,87142
1619177429000,29843,58022,87865
1619177730000,30212,58762,88974
1619178030000,30479,59363,89842
1619178330000,30703,59705,90408
1619178630000,31076,60136,91212
1619178930000,31336,60668,92004
1619179230000,31598,61064,92662
1619179530000,31909,61692,93601
1619179830000,32287,62356,94643
1619180130000,32445,62571,95016
1619180430000,32667,63327,95994
1619180730000,32963,63983,96946
1619181030000,33169,64603,97772
1619181329000,33508,64984,98492
1619181630000,33910,65786,99696
1619181930000,34260,66549,100809
1619182230000,34590,67046,101636
1619182529000,34883,67767,102650
1619182830000,35242,68377,103619
1619183130000,35562,69183,104745
1619183430000,35903,69906,105809
1619183730000,36333,70542,106875
1619184030000,36713,71227,107940
1619184330000,36969,71893,108862
1619184630000,37375,72408,109783
1619184930000,37688,72726,110414
1619185230000,38047,72499,110546
1619185530000,38387,72824,111211
1619185830000,38648,73522,112170
1619186130000,38891,73932,112823
1619186430000,39096,74768,113864
1619186730000,39439,75447,114886
1619187030000,39610,76349,115959
1619187331000,39860,77117,116977
1619187630000,40055,77685,117740
1619187930000,40309,78364,118673
1619188230000,40624,78829,119453
1619188530000,38353,79682,118035
1619188830000,38673,80428,119101
1619189130000,38879,81060,119939
1619189430000,38996,81260,120256
1619189730000,39095,81520,120615
1619190030000,39293,81962,121255
1619190330000,39478,82569,122047
1619190630000,39599,82490,122089
1619190930000,39748,83104,122852
1619191230000,39857,83561,123418
1619191530000,40070,84120,124190
1619191830000,40161,84191,124352
1619192130000,40396,82819,123215
1619192430000,40647,83052,123699
1619192729000,40914,83397,124311
1619193030000,41139,83690,124829
1619193330000,41335,83783,125118
1619193630000,41524,83711,125235
1619193930000,41700,83830,125530
1619194230000,41901,83888,125789
1619194530000,42179,83909,126088
1619194830000,42246,84201,126447
1619195130000,42459,84105,126564
1619195430000,42720,84038,126758
1619195730000,42875,83794,126669
1619196030000,43113,83806,126919
1619196329000,43239,84407,127646
1619196629000,43469,84227,127696
1619196930000,43742,84453,128195
1619197230000,43891,84420,128311
1619197530000,44016,84578,128594
1619197830000,44251,84782,129033
1619198130000,44416,85065,129481
1619198430000,44669,85134,129803
1619198730000,45004,85358,130362
1619199030000,45164,85666,130830
1619199330000,45353,86182,131535
1619199630000,45692,86362,132054
1619199930000,43475,86951,130426
1619200230000,43242,87492,130734
1619200529000,42216,87894,130110
1619200830000,42011,87507,129518
1619201130000,41931,87455,129386
1619201430000,41279,88084,129363
1619201730000,41476,88500,129976
1619202030000,41496,88820,130316
1619202330000,41699,89203,130902
1619202630000,42396,89306,131702
1619202930000,42606,89887,132493
1619203230000,43618,89860,133478
1619203530000,43944,90412,134356
1619203830000,43942,90776,134718
1619204130000,44074,90624,134698
1619204430000,44122,90764,134886
1619204730000,44242,90422,134664
1619205029000,44263,91080,135343
1619205330000,44462,91361,135823
1619205630000,44485,91559,136044
1619205930000,44618,91937,136555
1619206230000,44642,92026,136668
1619206529000,44701,91841,136542
1619206830000,44807,92820,137627
1619207130000,44952,92992,137944
1619207429000,45033,93424,138457
1619207730000,45023,93755,138778
1619208030000,44991,93954,138945
1619208330000,44982,93807,138789
1619208629000,45139,93975,139114
1619208930000,45057,93980,139037
1619209231000,45131,94265,139396
1619209530000,45206,93987,139193
1619209830000,45143,94245,139388
1619210130000,45024,94075,139099
1619210430000,45081,94038,139119
1619210729000,45118,93790,138908
1619211030000,44941,93737,138678
1619211330000,44886,93730,138616
1619211630000,44742,93389,138131
1619211930000,44576,93095,137671
1619212230000,44489,92745,137234
1619212529000,44385,92536,136921
1619212830000,44331,92314,136645
1619213130000,44105,91974,136079
1619213430000,43915,91676,135591
1619213730000,43939,91586,135525
1619214030000,43916,91420,135336
1619214330000,43772,91058,134830
1619214630000,43745,90633,134378
1619214930000,43638,90460,134098
1619215230000,43481,89940,133421
1619215530000,43275,89317,132592
1619215829000,43215,89121,132336
1619216130000,42960,88915,131875
1619216430000,42668,88501,131169
1619216730000,42461,88233,130694
1619217030000,42294,88075,130369
1619217330000,42120,87871,129991
1619217630000,41924,87504,129428
1619217929000,41788,87258,129046
1619218230000,41726,86731,128457
1619218530000,41574,86405,127979
1619218830000,41352,85631,126983
1619219130000,41310,85239,126549
1619219430000,41091,84985,126076
1619219730000,41051,85078,126129
1619220030000,40975,84878,125853
1619220330000,40898,84490,125388
1619220630000,40774,84350,125124
1619220930000,40710,83912,124622
1619221230000,40621,83988,124609
1619221530000,40592,83753,124345
1619221830000,40572,83626,124198
1619222130000,40515,83321,123836
1619222430000,40623,83110,123733
1619222730000,40993,83000,123993
1619223030000,41055,83194,124249
1619223330000,40975,83159,124134
1619223630000,40859,83103,123962
1619223930000,40799,83097,123896
1619224230000,40732,83522,124254
1619224530000,40701,83415,124116
1619224830000,40716,83763,124479
1619225130000,40634,83886,124520
1619225430000,40589,84098,124687
1619225730000,40540,84354,124894
1619226030000,40374,84252,124626
1619226330000,40263,84308,124571
1619226630000,40053,84272,124325
1619226930000,39951,84188,124139
1619227229000,39822,84191,124013
1619227529000,39800,84222,124022
1619227830000,39699,84335,124034
1619228129000,39463,81884,121347
1619228430000,39308,82666,121974
1619228730000,39175,82837,122012
1619229029000,39078,82977,122055
1619229330000,38950,83429,122379
1619229630000,38727,82942,121669
1619229930000,38615,83354,121969
1619230230000,38412,83461,121873
1619230531000,38318,83173,121491
1619230830000,38225,83265,121490
1619231130000,37950,83214,121164
1619231430000,37715,83163,120878
1619231730000,37480,83396,120876
1619232030000,37293,83460,120753
1619232330000,37160,83269,120429
1619232630000,37059,83535,120594
1619232930000,36921,83326,120247
1619233230000,36635,82863,119498
1619233530000,36453,82532,118985
1619233830000,36337,82319,118656
1619234129000,36265,81891,118156
1619234429000,36045,81906,117951
1619234730000,35931,81545,117476
1619235030000,35777,81117,116894
1619235330000,35530,80659,116189
1619235630000,35317,80335,115652
1619235929000,35206,79977,115183
1619236229000,34909,79440,114349
1619236530000,34707,78744,113451
1619236829000,34542,78233,112775
1619237130000,34285,77378,111663
1619237430000,33971,77002,110973
1619237730000,33849,76577,110426
1619238030000,33648,75738,109386
1619238330000,33398,75171,108569
1619238630000,33079,74564,107643
1619238929000,32853,74171,107024
1619239230000,32570,73522,106092
1619239530000,32333,72798,105131
1619239830000,32071,72464,104535
1619240130000,31792,71834,103626
1619240429000,31577,71241,102818
1619240730000,31334,70404,101738
1619241029000,30979,69258,100237
1619241330000,30721,68721,99442
1619241630000,30478,68029,98507
1619241930000,30292,67441,97733
1619242230000,29807,66627,96434
1619242530000,29658,66415,96073
1619242829000,29802,66072,95874
1619243129000,29458,65111,94569
1619243430000,29362,64761,94123
1619243729000,29638,64019,93657
1619244030000,28952,62828,91780
1619244330000,26910,62088,88998
1619244630000,27829,62140,89969
1619244930000,26281,62349,88630
1619245230000,26263,61632,87895
1619245530000,26293,60028,86321
1619245829000,26202,59393,85595
1619246130000,26988,58607,85595
1619246429000,26804,59200,86004
1619246730000,26667,60084,86751
1619247032000,27417,60091,87508
1619247330000,27185,59821,87006
1619247630000,27052,59453,86505
1619247930000,26960,59172,86132
1619248230000,27067,58943,86010
1619248530000,27067,58627,85694
1619248830000,26909,58127,85036
1619249130000,26790,58286,85076
1619249430000,26727,58012,84739
1619249730000,26563,57606,84169
1619250030000,26499,57333,83832
1619250329000,26402,57181,83583
1619250630000,26502,57061,83563
1619250930000,26453,56920,83373
1619251230000,26182,56816,82998
1619251530000,26008,56292,82300
1619251830000,25985,56417,82402
1619252130000,25972,56100,82072
1619252430000,25911,55884,81795
1619252730000,25956,55758,81714
1619253030000,26006,55748,81754
1619253329000,26229,55565,81794
1619253630000,26319,55519,81838
1619253930000,26450,55466,81916
1619254230000,26594,55431,82025
1619254529000,26650,55365,82015
1619254830000,26624,54846,81470
1619255129000,26856,54728,81584
1619255430000,26912,54852,81764
1619255730000,26975,54868,81843
1619256031000,27024,55079,82103
1619256330000,27059,55215,82274
1619256629000,27085,55461,82546
1619256929000,27233,55471,82704
1619257230000,27324,55635,82959
1619257530000,27416,55488,82904
1619257830000,27432,55587,83019
1619258129000,27421,55716,83137
1619258430000,27473,55639,83112
1619258729000,27532,55618,83150
1619259030000,27718,55922,83640
1619259330000,27893,56009,83902
1619259630000,28016,55899,83915
1619259930000,28137,56086,84223
1619260229000,28282,56320,84602
1619260530000,28386,56596,84982
1619260830000,28612,57003,85615
1619261130000,28695,57315,86010
1619261430000,28880,57424,86304
1619261730000,29021,57735,86756
1619262030000,29216,58100,87316
1619262330000,29351,58277,87628
1619262630000,29586,58544,88130
1619262929000,29764,58959,88723
1619263230000,29961,59386,89347
1619263530000,30178,59856,90034
1619263830000,30298,60136,90434
1619264130000,30498,60778,91276
1619264430000,30712,61375,92087
1619264730000,30921,61620,92541
1619265030000,31103,62314,93417
1619265329000,31316,62705,94021
1619265630000,31477,62834,94311
1619265930000,31707,63402,95109
1619266230000,31983,63955,95938
1619266530000,32124,64276,96400
1619266830000,32339,64834,97173
1619267130000,32491,65250,97741
1619267430000,32764,65839,98603
1619267730000,33071,66445,99516
1619268030000,33336,66868,100204
1619268329000,33586,67547,101133
1619268630000,33832,68036,101868
1619268930000,34084,68476,102560
1619269229000,34241,69278,103519
1619269530000,34444,70003,104447
1619269830000,34670,70500,105170
1619270130000,34946,71084,106030
1619270430000,35491,71698,107189
1619270729000,35460,72403,107863
1619271030000,35844,72912,108756
1619271330000,36126,73081,109207
1619271630000,36338,73605,109943
1619271930000,36588,73876,110464
1619272229000,36674,74464,111138
1619272530000,36951,75025,111976
1619272830000,37261,75310,112571
1619273130000,37511,75923,113434
1619273430000,37771,76875,114646
1619273730000,37997,77818,115815
1619274030000,38201,78823,117024
1619274330000,38307,79631,117938
1619274630000,38490,80511,119001
1619274929000,38820,81010,119830
1619275230000,38980,81531,120511
1619275530000,39217,82063,121280
1619275829000,39394,82697,122091
1619276129000,39527,82912,122439
1619276430000,39747,83439,123186
1619276730000,39900,83959,123859
1619277030000,40097,84598,124695
1619277329000,40283,85340,125623
1619277630000,40465,85718,126183
1619277929000,40593,86120,126713
1619278229000,40743,86597,127340
1619278530000,41005,86509,127514
1619278830000,41193,86945,128138
1619279129000,41191,87273,128464
1619279430000,41362,87635,128997
1619279729000,41425,87647,129072
1619280030000,41402,87526,128928
1619280330000,41555,87528,129083
1619280630000,41637,87669,129306
1619280930000,41779,87938,129717
1619281230000,41822,88367,130189
1619281530000,41867,88438,130305
1619281830000,41972,88559,130531
1619282130000,42121,88750,130871
1619282429000,42334,88940,131274
1619282730000,42432,89162,131594
1619283030000,42417,87251,129668
1619283330000,42572,89596,132168
1619283630000,42704,89761,132465
1619283930000,42934,89632,132566
1619284230000,42994,90221,133215
1619284529000,43190,90298,133488
1619284830000,43353,90755,134108
1619285130000,43520,91218,134738
1619285430000,43785,91488,135273
1619285730000,43893,91793,135686
1619286030000,44104,92089,136193
1619286330000,44276,92631,136907
1619286629000,44405,92889,137294
1619286930000,44837,93194,138031
1619287230000,45174,91181,136355
1619287530000,44931,91480,136411
1619287830000,44503,92461,136964
1619288129000,43738,94101,137839
1619288430000,43334,94866,138200
1619288730000,43459,95171,138630
1619289030000,43776,95542,139318
1619289330000,43898,95761,139659
1619289630000,43690,95752,139442
1619289930000,44899,96173,141072
1619290230000,45067,96313,141380
1619290530000,46338,96362,142700
1619290830000,46274,96281,142555
1619291130000,46289,96369,142658
1619291430000,46444,96601,143045
1619291730000,46543,96942,143485
1619292030000,46600,97176,143776
1619292330000,46622,96951,143573
1619292629000,46744,97282,144026
1619292931000,46827,97673,144500
1619293230000,46998,97781,144779
1619293530000,47104,97924,145028
1619293830000,47077,98105,145182
1619294130000,47008,98317,145325
1619294430000,47097,98367,145464
1619294730000,47151,98372,145523
1619295029000,47134,98693,145827
1619295329000,47185,99212,146397
1619295630000,47102,99225,146327
1619295930000,46933,99224,146157
1619296230000,46907,99271,146178
1619296529000,46989,98157,145146
1619296830000,46914,99320,146234
1619297130000,46910,99084,145994
1619297429000,46857,98766,145623
1619297730000,46826,99101,145927
1619298030000,46727,98525,145252
1619298331000,46592,98223,144815
1619298630000,46501,98261,144762
1619298930000,46385,97523,143908
1619299230000,46437,97375,143812
1619299530000,46308,97118,143426
1619299830000,46155,96805,142960
1619300130000,46055,97062,143117
1619300429000,45951,97043,142994
1619300730000,45813,96210,142023
1619301030000,45702,96108,141810
1619301330000,45607,95115,140722
1619301630000,45435,95063,140498
1619301930000,45267,94759,140026
1619302230000,45116,94627,139743
1619302530000,44864,93978,138842
1619302830000,44649,93854,138503
1619303130000,44448,93476,137924
1619303429000,44195,93077,137272
1619303729000,43957,92697,136654
1619304030000,43685,92286,135971
1619304330000,43463,92012,135475
1619304630000,43209,92051,135260
1619304930000,42990,91429,134419
1619305230000,42601,91236,133837
1619305530000,42496,90634,133130
1619305830000,42288,90423,132711
1619306130000,42135,89954,132089
1619306430000,41861,89622,131483
1619306730000,41746,89248,130994
1619307030000,41572,89157,130729
1619307330000,41562,89049,130611
1619307630000,41601,88972,130573
1619307929000,41585,89003,130588
1619308230000,41511,89048,130559
1619308530000,41388,89070,130458
1619308830000,41340,89017,130357
1619309130000,41646,88813,130459
1619309430000,41592,88544,130136
1619309730000,41622,88479,130101
1619310030000,41591,88468,130059
1619310330000,41512,88452,129964
1619310630000,41386,88432,129818
1619310929000,41273,88398,129671
1619311230000,41103,88121,129224
1619311530000,41095,88287,129382
1619311830000,41046,88306,129352
1619312130000,40948,88533,129481
1619312430000,40893,88367,129260
1619312729000,40839,88261,129100
1619313029000,40687,88360,129047
1619313330000,40643,88400,129043
1619313630000,40517,88421,128938
1619313930000,40363,88496,128859
1619314230000,40214,88328,128542
1619314529000,40136,88496,128632
1619314830000,40129,88701,128830
1619315130000,40005,88669,128674
1619315429000,39836,88768,128604
1619315730000,39681,88774,128455
1619316030000,39631,88689,128320
1619316330000,39468,88811,128279
1619316629000,39391,88702,128093
1619316930000,39156,88732,127888
1619317229000,39004,88731,127735
1619317529000,38854,88569,127423
1619317830000,38717,88383,127100
1619318130000,38620,88487,127107
1619318429000,38400,88249,126649
1619318730000,38253,87983,126236
1619319030000,38020,87641,125661
1619319330000,37843,87232,125075
1619319630000,37613,87008,124621
1619319930000,37334,86770,124104
1619320229000,37119,86646,123765
1619320529000,36930,86379,123309
1619320829000,36783,85884,122667
1619321130000,36627,85474,122101
1619321430000,36454,85235,121689
1619321729000,36182,84866,121048
1619322030000,35797,84283,120080
1619322330000,35499,83757,119256
1619322630000,35322,83198,118520
1619322930000,35137,82750,117887
1619323229000,34853,82112,116965
1619323529000,34629,81406,116035
1619323829000,34362,80554,114916
1619324129000,34139,80054,114193
1619324430000,33910,79461,113371
1619324729000,33705,78934,112639
1619325029000,33459,78435,111894
1619325329000,33261,77982,111243
1619325630000,32900,77429,110329
1619325930000,32592,76848,109440
1619326229000,32266,76256,108522
1619326530000,32180,76080,108260
1619326830000,31979,74916,106895
1619327130000,31706,73939,105645
1619327430000,31390,73226,104616
1619327730000,31160,72349,103509
1619328030000,30932,71726,102658
1619328330000,30764,70797,101561
1619328630000,30570,70038,100608
1619328930000,30430,69135,99565
1619329230000,30350,68503,98853
1619329529000,30069,67820,97889
1619329830000,30112,67107,97219
1619330130000,29743,66486,96229
1619330429000,29391,65858,95249
1619330730000,27790,65102,92892
1619331030000,28503,65307,93810
1619331330000,26990,65513,92503
1619331630000,26824,64467,91291
1619331929000,27048,62909,89957
1619332230000,26968,62270,89238
1619332530000,26720,61833,88553
1619332830000,27703,62293,89996
1619333130000,27668,62740,90408
1619333429000,27583,62632,90215
1619333730000,27507,62051,89558
1619334030000,27338,61814,89152
1619334330000,27096,61399,88495
1619334629000,26802,61296,88098
1619334929000,26704,60651,87355
1619335230000,26728,60854,87582
1619335530000,26888,60554,87442
1619335830000,26878,60185,87063
1619336130000,26933,59707,86640
1619336429000,26929,59548,86477
1619336729000,26889,59321,86210
1619337030000,26638,59084,85722
1619337329000,26411,58676,85087
1619337630000,26405,58629,85034
1619337930000,26414,58504,84918
1619338230000,26472,58444,84916
1619338530000,26508,58204,84712
1619338829000,26516,58140,84656
1619339130000,26732,57928,84660
1619339430000,26859,57694,84553
1619339730000,26969,57647,84616
1619340030000,27011,57721,84732
1619340330000,27167,57641,84808
1619340630000,27295,57691,84986
1619340930000,27391,57545,84936
1619341230000,27533,57436,84969
1619341530000,27606,57433,85039
1619341830000,27607,57534,85141
1619342130000,27652,57508,85160
1619342430000,27812,57524,85336
1619342730000,28029,57439,85468
1619343030000,28193,57553,85746
1619343329000,28385,57514,85899
1619343630000,28538,57874,86412
1619343929000,28615,58108,86723
1619344229000,28711,58007,86718
1619344529000,28863,58224,87087
1619344829000,28883,58405,87288
1619345130000,28996,58315,87311
1619345430000,29118,58544,87662
1619345729000,29277,58737,88014
1619346029000,29340,58877,88217
1619346330000,29430,58924,88354
1619346630000,29511,59117,88628
1619346930000,29636,59246,88882
1619347229000,29833,59560,89393
1619347530000,29959,59848,89807
1619347829000,30101,60091,90192
1619348130000,30106,60381,90487
1619348431000,30151,60680,90831
1619348730000,30260,60866,91126
1619349030000,30422,61381,91803
1619349330000,30736,61652,92388
1619349630000,30903,62178,93081
1619349929000,31137,62596,93733
1619350229000,31370,63065,94435
1619350530000,31599,63463,95062
1619350829000,31798,64148,95946
1619351130000,32013,66247,98260
1619351430000,32323,64869,97192
1619351730000,32564,65336,97900
1619352030000,32865,65848,98713
1619352330000,32996,66172,99168
1619352630000,33259,66542,99801
1619352930000,33313,67035,100348
1619353230000,33417,67729,101146
1619353530000,33674,68259,101933
1619353831000,33788,68784,102572
1619354130000,34152,69344,103496
1619354430000,34527,69993,104520
1619354729000,34789,70693,105482
1619355030000,34968,71415,106383
1619355330000,35255,71836,107091
1619355630000,35474,72405,107879
1619355930000,35704,72801,108505
1619356230000,36081,73541,109622
1619356530000,36350,74148,110498
1619356830000,36665,74899,111564
1619357130000,37027,75274,112301
1619357430000,37254,75655,112909
1619357730000,37529,76308,113837
1619358030000,37902,76841,114743
1619358330000,38220,77130,115350
1619358630000,38561,77798,116359
1619358929000,38878,78076,116954
1619359230000,39159,78645,117804
1619359530000,39363,79274,118637
1619359830000,39629,79998,119627
1619360129000,40036,80860,120896
1619360430000,40350,81777,122127
1619360730000,40583,82655,123238
1619361030000,40933,83511,124444
1619361330000,41163,84508,125671
1619361629000,41463,85103,126566
1619361930000,41712,85672,127384
1619362230000,42068,86206,128274
1619362530000,42253,86628,128881
1619362830000,42552,87072,129624
1619363130000,42705,87923,130628
1619363430000,43044,88861,131905
1619363730000,43118,89585,132703
1619364030000,43387,90186,133573
1619364330000,43731,90441,134172
1619364630000,43949,91074,135023
1619364930000,44127,91383,135510
1619365230000,44144,91855,135999
1619365530000,44412,92165,136577
1619365829000,44603,92477,137080
1619366130000,44771,92910,137681
1619366430000,44982,93136,138118
1619366730000,44896,92870,137766
1619367030000,45035,93277,138312
1619367330000,45041,93737,138778
1619367630000,45288,94284,139572
1619367930000,45527,94627,140154
1619368230000,45561,94749,140310
1619368530000,45716,94789,140505
1619368830000,45911,95215,141126
1619369130000,46136,95922,142058
1619369430000,46302,96195,142497
1619369730000,46497,96400,142897
1619370030000,46474,96563,143037
1619370330000,46676,96775,143451
1619370630000,46920,97288,144208
1619370930000,47048,97709,144757
1619371229000,47091,98200,145291
1619371529000,47409,98751,146160
1619371830000,47552,99141,146693
1619372130000,47754,99100,146854
1619372430000,48373,99598,147971
1619372730000,48043,99813,147856
1619373030000,48332,100200,148532
1619373330000,48647,100988,149635
1619373630000,48648,99257,147905
1619373930000,48792,99588,148380
1619374230000,48944,100095,149039
1619374530000,49125,101458,150583
1619374830000,49220,102487,151707
1619375130000,49278,103490,152768
1619375429000,49479,103732,153211
1619375729000,48448,104349,152797
1619376030000,48257,105141,153398
1619376331000,48378,105381,153759
1619376630000,48962,105680,154642
1619376930000,48599,105842,154441
1619377229000,48880,105810,154690
1619377530000,48882,105944,154826
1619377830000,48715,106276,154991
1619378130000,49966,107055,157021
1619378430000,49605,107289,156894
1619378730000,50785,107376,158161
1619379030000,51298,107345,158643
1619379330000,51255,107406,158661
1619379630000,51312,107635,158947
1619379930000,51319,107951,159270
1619380230000,51355,107908,159263
1619380530000,51278,107986,159264
1619380829000,51069,107974,159043
1619381130000,50857,107679,158536
1619381430000,50787,107541,158328
1619381730000,50720,107478,158198
1619382030000,50670,107352,158022
1619382330000,50614,107064,157678
1619382630000,50566,107069,157635
1619382929000,50398,106883,157281
1619383230000,50325,106472,156797
1619383530000,50144,106386,156530
1619383829000,50039,106132,156171
1619384131000,49658,105791,155449
1619384430000,49446,105189,154635
1619384729000,49221,104340,153561
1619385030000,49128,103877,153005
1619385330000,48979,103678,152657
1619385630000,48790,103978,152768
1619385930000,48582,102880,151462
1619386229000,48328,102384,150712
1619386530000,48166,101708,149874
1619386830000,47861,101217,149078
1619387129000,47566,100748,148314
1619387430000,47324,100209,147533
1619387730000,47122,99726,146848
1619388030000,46952,99108,146060
1619388329000,46679,98140,144819
1619388630000,46700,97594,144294
1619388930000,46152,97255,143407
1619389229000,45978,97344,143322
1619389529000,45590,96923,142513
1619389830000,45522,96375,141897
1619390130000,45275,95975,141250
1619390430000,45095,95723,140818
1619390730000,44925,95347,140272
1619391030000,44781,95212,139993
1619391330000,44554,95039,139593
1619391630000,44379,94743,139122
1619391929000,44110,94621,138731
1619392230000,43979,94474,138453
1619392530000,43911,93325,137236
1619392830000,43895,93186,137081
1619393130000,43803,93122,136925
1619393430000,43673,93030,136703
1619393730000,43558,93482,137040
1619394030000,43544,93399,136943
1619394330000,43454,93135,136589
1619394630000,43367,92652,136019
1619394929000,43335,92374,135709
1619395230000,43332,92398,135730
1619395530000,43739,90345,134084
1619395830000,43900,89728,133628
1619396130000,43949,90495,134444
1619396430000,43994,90453,134447
1619396730000,43953,90361,134314
1619397029000,43823,90583,134406
1619397330000,43759,90173,133932
1619397630000,43722,90271,133993
1619397929000,43623,90219,133842
1619398230000,43596,90873,134469
1619398530000,43380,90785,134165
1619398830000,43416,90963,134379
1619399130000,43200,90995,134195
1619399430000,43087,90615,133702
1619399730000,42910,91113,134023
1619400030000,42761,91071,133832
1619400330000,42592,91183,133775
1619400630000,42349,91409,133758
1619400930000,42220,91200,133420
1619401230000,42158,91576,133734
1619401529000,41940,91748,133688
1619401830000,41773,91264,133037
1619402130000,41598,91351,132949
1619402430000,41472,91188,132660
1619402730000,41203,90813,132016
1619403030000,40917,90840,131757
1619403330000,40668,90551,131219
1619403630000,40468,90286,130754
1619403930000,40272,90058,130330
1619404230000,40000,89518,129518
1619404530000,39638,89428,129066
1619404830000,39266,89061,128327
1619405130000,39075,88843,127918
1619405430000,38726,88227,126953
1619405730000,38407,89333,127740
1619406030000,38149,88888,127037
1619406330000,37847,88039,125886
1619406629000,37551,87395,124946
1619406930000,37293,86590,123883
1619407230000,37001,86245,123246
1619407529000,36802,85478,122280
1619407830000,36560,85153,121713
1619408130000,36285,84346,120631
1619408430000,35951,83857,119808
1619408730000,35637,82902,118539
1619409029000,35346,82728,118074
1619409330000,35005,81885,116890
1619409630000,34595,81324,115919
1619409930000,34082,80347,114429
1619410230000,33788,79598,113386
1619410530000,33402,78716,112118
1619410830000,33126,78116,111242
1619411130000,32885,76776,109661
1619411430000,32573,76696,109269
1619411730000,32241,75625,107866
1619412030000,31991,75059,107050
1619412329000,31746,74357,106103
1619412630000,31432,73671,105103
1619412929000,31138,72788,103926
1619413229000,30728,71974,102702
1619413530000,30517,70788,101305
1619413830000,30327,70021,100348
1619414130000,30016,68715,98731
1619414430000,29649,68055,97704
1619414730000,29377,66774,96151
1619415030000,28998,66212,95210
1619415330000,28938,65364,94302
1619415630000,28717,64945,93662
1619415929000,28567,64274,92841
1619416230000,28302,63638,91940
1619416530000,28043,63063,91106
1619416830000,27819,62556,90375
1619417130000,27664,61646,89310
1619417429000,27474,61468,88942
1619417729000,27301,61982,89283
1619418029000,27152,61585,88737
1619418330000,27008,60098,87106
1619418630000,26841,58889,85730
1619418930000,26804,58480,85284
1619419230000,26701,59826,86527
1619419530000,26626,60740,87366
1619419830000,26553,60719,87272
1619420130000,26385,60265,86650
1619420430000,25021,60045,85066
1619420731000,25209,59671,84880
1619421030000,24088,59452,83540
1619421330000,24030,58751,82781
1619421630000,23913,57955,81868
1619421930000,23980,57389,81369
1619422230000,24083,57116,81199
1619422530000,24031,57315,81346
1619422830000,24030,57137,81167
1619423130000,23946,57196,81142
1619423430000,23998,56942,80940
1619423730000,23950,56896,80846
1619424030000,23946,56906,80852
1619424330000,24019,56761,80780
1619424630000,24358,56388,80746
1619424930000,24419,56566,80985
1619425230000,24210,56473,80683
1619425530000,23992,56236,80228
1619425830000,24137,56203,80340
1619426130000,24162,56165,80327
1619426430000,24281,56059,80340
1619426730000,24322,56026,80348
1619427030000,24418,56123,80541
1619427330000,24465,56206,80671
1619427630000,24649,55945,80594
1619427930000,24608,55915,80523
1619428230000,24778,56105,80883
1619428530000,24855,55821,80676
1619428830000,24891,56141,81032
1619429130000,25035,56367,81402
1619429430000,24989,56347,81336
1619429730000,24764,56422,81186
1619430030000,24467,56573,81040
1619430330000,24236,56409,80645
1619430629000,23834,56724,80558
1619430930000,22943,56878,79821
1619431230000,19383,56717,76100
1619431530000,5959,56824,62783
1619431830000,12317,56762,69079
1619432130000,14963,56740,71703
1619432430000,16507,56804,73311
1619432730000,17811,56962,74773
1619433029000,18907,57170,76077
1619433330000,19946,57405,77351
1619433630000,20673,57675,78348
1619433931000,21408,58076,79484
1619434230000,22105,57993,80098
1619434530000,22711,58017,80728
1619434829000,23327,58250,81577
1619435130000,23871,58390,82261
1619435430000,24374,58611,82985
1619435730000,24776,59096,83872
1619436030000,25161,59377,84538
1619436330000,25558,59919,85477
1619436630000,25891,60276,86167
1619436930000,26176,60514,86690
1619437230000,26225,61316,87541
1619437530000,26585,61680,88265
1619437830000,27158,62201,89359
1619438130000,27665,62604,90269
1619438430000,28003,62843,90846
1619438730000,28360,63310,91670
1619439030000,28586,63874,92460
1619439330000,28846,64847,93693
1619439630000,29232,66172,95404
1619439929000,29486,65505,94991
1619440230000,29796,66437,96233
1619440530000,30075,66916,96991
1619440830000,30552,67757,98309
1619441130000,30892,68001,98893
1619441430000,31169,69096,100265
1619441730000,31538,69462,101000
1619442030000,31845,70342,102187
1619442330000,32116,70661,102777
1619442630000,32412,71461,103873
1619442930000,31575,72284,103859
1619443230000,31769,72864,104633
1619443530000,31980,72904,104884
1619443829000,32313,73284,105597
1619444129000,32269,73886,106155
1619444430000,32600,74365,106965
1619444730000,32858,73722,106580
1619445030000,33187,72998,106185
1619445330000,33417,73813,107230
1619445630000,33582,74367,107949
1619445930000,33832,74949,108781
1619446230000,34087,75593,109680
1619446530000,34419,76488,110907
1619446830000,34826,77460,112286
1619447130000,35122,78337,113459
1619447430000,35449,79265,114714
1619447730000,35603,80002,115605
1619448030000,35952,80770,116722
1619448330000,36249,81626,117875
1619448630000,36409,82123,118532
1619448930000,36644,82528,119172
1619449230000,36813,82673,119486
1619449530000,37179,83408,120587
1619449830000,37332,83739,121071
1619450129000,37730,84244,121974
1619450430000,38092,84646,122738
1619450730000,38304,84767,123071
1619451030000,38746,84799,123545
1619451330000,39132,85163,124295
1619451630000,39245,85426,124671
1619451929000,39598,85281,124879
1619452230000,39941,86428,126369
1619452530000,40207,85819,126026
1619452830000,40425,85879,126304
1619453130000,40902,85588,126490
1619453436000,41184,85942,127126
1619453730000,41315,86093,127408
1619454030000,41944,86559,128503
1619454330000,40612,86903,127515
1619454630000,40360,86871,127231
1619454930000,40983,87160,128143
1619455230000,42104,87352,129456
1619455530000,42180,87620,129800
1619455832000,42384,88055,130439
1619456130000,42576,88312,130888
1619456430000,42766,88350,131116
1619456730000,42876,88822,131698
1619457030000,42977,89144,132121
1619457329000,43121,89619,132740
1619457629000,43253,90139,133392
1619457930000,43415,90272,133687
1619458230000,43462,90417,133879
1619458533000,43714,91045,134759
1619458830000,44066,91684,135750
1619459130000,44216,91958,136174
1619459430000,44228,92515,136743
1619459730000,44441,92901,137342
1619460030000,45064,93439,138503
1619460330000,44494,93871,138365
1619460629000,44350,94339,138689
1619460930000,44619,94844,139463
1619461230000,44836,95317,140153
1619461529000,44968,95756,140724
1619461830000,45085,96194,141279
1619462130000,45251,96645,141896
1619462430000,45270,96768,142038
1619462730000,45441,96937,142378
1619463030000,45493,97109,142602
1619463330000,45653,97398,143051
1619463630000,45708,97328,143036
1619463930000,45736,97416,143152
1619464230000,45768,97647,143415
1619464530000,45879,98235,144114
1619464829000,45925,98456,144381
1619465130000,45948,98760,144708
1619465430000,45970,98572,144542
1619465730000,46834,98660,145494
1619466030000,45933,99016,144949
1619466330000,45988,99302,145290
1619466631000,45932,99414,145346
1619466930000,45821,99302,145123
1619467230000,45773,99344,145117
1619467530000,45664,99315,144979
1619467830000,45564,98732,144296
1619468130000,45454,99268,144722
1619468430000,45465,98905,144370
1619468730000,45557,98918,144475
1619469030000,45520,98540,144060
1619469330000,45348,98196,143544
1619469630000,45271,97941,143212
1619469930000,45139,98044,143183
1619470230000,44954,97910,142864
1619470530000,44876,97636,142512
1619470830000,44655,97123,141778
1619471130000,44334,96573,140907
1619471430000,44235,96136,140371
1619471730000,44098,95847,139945
1619472030000,43995,95494,139489
1619472330000,43835,95200,139035
1619472630000,43624,94976,138600
1619472930000,43466,94579,138045
1619473230000,43162,94200,137362
1619473530000,43110,93811,136921
1619473830000,42974,93677,136651
1619474130000,42876,93144,136020
1619474430000,42686,92818,135504
1619474730000,42357,92495,134852
1619475030000,42100,91985,134085
1619475330000,41970,91429,133399
1619475629000,41844,91406,133250
1619475930000,41465,90344,131809
1619476230000,41414,89976,131390
1619476530000,41268,90376,131644
1619476830000,41077,89686,130763
1619477129000,41034,89542,130576
1619477430000,40808,89284,130092
1619477730000,40650,89165,129815
1619478029000,40554,88339,128893
1619478330000,40380,88319,128699
1619478630000,40065,88092,128157
1619478930000,39990,87773,127763
1619479229000,39881,87380,127261
1619479530000,39895,87207,127102
1619479830000,39865,87473,127338
1619480130000,39891,87491,127382
1619480429000,39888,87472,127360
1619480730000,40007,87741,127748
1619481030000,40110,87574,127684
1619481330000,40075,87462,127537
1619481630000,40176,87434,127610
1619481930000,40930,87235,128165
1619482230000,41103,87267,128370
1619482530000,41333,87593,128926
1619482830000,41453,87675,129128
1619483130000,41436,87971,129407
1619483430000,41506,88086,129592
1619483730000,41392,88143,129535
1619484030000,41226,88533,129759
1619484330000,41240,88717,129957
1619484630000,41131,89138,130269
1619484930000,41098,89263,130361
1619485230000,40805,89400,130205
1619485530000,40602,89493,130095
1619485830000,40558,89548,130106
1619486129000,40412,89732,130144
1619486429000,40394,89763,130157
1619486730000,40178,89417,129595
1619487029000,40059,89439,129498
1619487330000,39959,89597,129556
1619487630000,39848,89717,129565
1619487930000,39766,89696,129462
1619488230000,39560,89565,129125
1619488530000,39465,89602,129067
1619488830000,39300,90020,129320
1619489130000,38932,88698,127630
1619489430000,38709,88328,127037
1619489729000,38498,88939,127437
1619490030000,38305,88588,126893
1619490330000,38040,88534,126574
1619490630000,37715,88424,126139
1619490930000,37544,88175,125719
1619491230000,37338,87766,125104
1619491530000,37075,87706,124781
1619491829000,36727,87272,123999
1619492130000,36501,86649,123150
1619492430000,36210,86082,122292
1619492729000,35882,85447,121329
1619493029000,35614,84845,120459
1619493330000,35308,84220,119528
1619493631000,35130,83711,118841
1619493930000,34586,83331,117917
1619494230000,34383,82546,116929
1619494530000,33999,81883,115882
1619494830000,33684,81246,114930
1619495130000,33417,80655,114072
1619495429000,33092,79824,112916
1619495730000,32763,78898,111661
1619496030000,32371,77947,110318
1619496330000,32124,77402,109526
1619496630000,31727,76295,108022
1619496930000,31399,75460,106859
1619497230000,31040,74922,105962
1619497530000,30729,74229,104958
1619497830000,30517,73460,103977
1619498130000,30232,72488,102720
1619498429000,29912,72113,102025
1619498730000,29566,71584,101150
1619499030000,29292,70837,100129
1619499330000,29016,70166,99182
1619499630000,28693,69430,98123
1619499930000,28467,68775,97242
1619500230000,28265,68394,96659
1619500530000,28051,67505,95556
1619500830000,27810,66856,94666
1619501130000,27530,66031,93561
1619501429000,27326,65518,92844
1619501730000,27251,64824,92075
1619502030000,26959,64218,91177
1619502329000,26925,63634,90559
1619502630000,26710,63098,89808
1619502930000,26913,62323,89236
1619503230000,25380,61649,87029
1619503530000,24370,61093,85463
1619503831000,24230,61376,85606
1619504130000,24359,61704,86063
1619504430000,24764,61043,85807
1619504730000,24322,59454,83776
1619505030000,24936,59148,84084
1619505329000,24865,58789,83654
1619505630000,24761,59215,83976
1619505929000,25737,59919,85656
1619506230000,25697,59902,85599
1619506530000,25660,59543,85203
1619506830000,25497,59240,84737
1619507130000,25462,58792,84254
1619507430000,25409,58305,83714
1619507730000,25351,57991,83342
1619508030000,25414,57763,83177
1619508330000,25372,57464,82836
1619508630000,25259,57218,82477
1619508930000,25356,57040,82396
1619509230000,25442,56709,82151
1619509530000,25561,56578,82139
1619509830000,25553,56420,81973
1619510130000,25684,56290,81974
1619510430000,25677,56188,81865
1619510730000,25782,56065,81847
1619511029000,25808,56022,81830
1619511330000,25839,56008,81847
1619511630000,25872,55901,81773
1619511930000,25896,55659,81555
1619512230000,26022,55918,81940
1619512530000,26095,55909,82004
1619512830000,26233,55810,82043
1619513130000,26331,55724,82055
1619513430000,26517,55784,82301
1619513731000,26689,55525,82214
1619514030000,26829,55325,82154
1619514330000,27036,55295,82331
1619514630000,27290,55587,82877
1619514930000,27497,55598,83095
1619515230000,27718,55734,83452
1619515530000,27909,55807,83716
1619515830000,28161,55841,84002
1619516130000,28271,56081,84352
1619516430000,27371,56201,83572
1619516730000,27407,56378,83785
1619517030000,27433,56387,83820
1619517330000,27480,56313,83793
1619517630000,27493,56453,83946
1619517930000,27657,56171,83828
1619518230000,27810,56328,84138
1619518530000,27862,56248,84110
1619518830000,27994,56625,84619
1619519130000,28046,57004,85050
1619519430000,27998,57232,85230
1619519730000,28143,57450,85593
1619520030000,28165,57684,85849
1619520329000,28300,57712,86012
1619520630000,28403,57815,86218
1619520930000,28413,57972,86385
1619521230000,28588,57948,86536
1619521530000,28769,58282,87051
1619521829000,28810,58468,87278
1619522130000,28957,59026,87983
1619522430000,29117,59583,88700
1619522730000,29365,60066,89431
1619523030000,29524,60482,90006
1619523330000,29742,60812,90554
1619523630000,29818,61654,91472
1619523930000,29955,62069,92024
1619524230000,30022,62559,92581
1619524530000,30333,62975,93308
1619524830000,30560,63559,94119
1619525130000,30736,63776,94512
1619525430000,30999,64208,95207
1619525730000,31268,64359,95627
1619526030000,31627,64963,96590
1619526330000,32040,65427,97467
1619526630000,32177,65933,98110
1619526930000,32564,66557,99121
1619527230000,32904,67344,100248
1619527530000,33213,67804,101017
1619527830000,33308,68546,101854
1619528130000,33668,69191,102859
1619528430000,34322,69632,103954
1619528730000,34114,70537,104651
1619529030000,34333,70739,105072
1619529330000,34698,71463,106161
1619529630000,34603,71726,106329
1619529930000,34784,70728,105512
1619530230000,34941,71002,105943
1619530530000,35225,71650,106875
1619530830000,35456,72139,107595
1619531130000,37180,72629,109809
1619531430000,35870,73298,109168
1619531730000,36070,73769,109839
1619532030000,36751,73836,110587
1619532330000,36700,74615,111315
1619532684000,36963,75228,112191
1619532930000,37500,75740,113240
1619533230000,37943,76634,114577
1619533530000,37438,77573,115011
1619533830000,37971,78271,116242
1619534130000,37974,79026,117000
1619534430000,37980,79605,117585
1619534730000,38201,80076,118277
1619535030000,38312,80661,118973
1619535330000,38653,81198,119851
1619535635000,38876,81045,119921
1619535930000,38827,81545,120372
1619536230000,38966,81903,120869
1619536530000,39096,82810,121906
1619536830000,39244,83620,122864
1619537130000,39440,84149,123589
1619537430000,39609,84458,124067
1619537730000,38169,84504,122673
1619538030000,38067,84867,122934
1619538330000,38245,85120,123365
1619538630000,38471,85126,123597
1619538930000,38717,85614,124331
1619539230000,38646,85596,124242
1619539530000,38743,85591,124334
1619539830000,39028,85726,124754
1619540130000,39781,85993,125774
1619540430000,40136,85713,125849
1619540730000,40408,86029,126437
1619541029000,41867,86163,128030
1619541329000,42086,85659,127745
1619541630000,42342,85861,128203
1619541930000,42682,86197,128879
1619542230000,42922,86725,129647
1619542530000,43391,86738,130129
1619542830000,43603,87049,130652
1619543130000,43900,87328,131228
1619543430000,44145,87679,131824
1619543730000,44520,88539,133059
1619544030000,42861,89024,131885
1619544330000,43142,89502,132644
1619544629000,43433,89727,133160
1619544930000,43984,90296,134280
1619545230000,44345,90655,135000
1619545530000,44652,90959,135611
1619545830000,44807,91334,136141
1619546130000,44771,91730,136501
1619546430000,45039,91638,136677
1619546730000,45296,91973,137269
1619547030000,45564,92629,138193
1619547330000,45854,93125,138979
1619547630000,46465,93359,139824
1619547930000,45176,93768,138944
1619548230000,45194,93791,138985
1619548530000,45389,94160,139549
1619548830000,45486,94517,140003
1619549130000,45600,94664,140264
1619549430000,45683,94757,140440
1619549730000,45823,94555,140378
1619550030000,45702,94599,140301
1619550330000,45673,94764,140437
1619550630000,45646,95631,141277
1619550931000,45488,94786,140274
1619551230000,45511,95098,140609
1619551529000,45439,95253,140692
1619551830000,45478,95466,140944
1619552130000,45751,95656,141407
1619552430000,45612,95834,141446
1619552730000,45678,95795,141473
1619553030000,45677,96050,141727
1619553330000,45702,96032,141734
1619553630000,45627,95879,141506
1619553930000,45451,95564,141015
1619554229000,45392,95549,140941
1619554529000,45316,95612,140928
1619554830000,45256,95605,140861
1619555130000,45182,95560,140742
1619555430000,44649,95322,139971
1619555730000,44826,95251,140077
1619556030000,44369,95002,139371
1619556330000,44489,94699,139188
1619556630000,44351,94453,138804
1619556930000,44192,94191,138383
1619557230000,44018,94153,138171
1619557530000,43830,93527,137357
1619557830000,43623,93210,136833
1619558130000,43484,92704,136188
1619558430000,43226,92523,135749
1619558730000,43084,92322,135406
1619559029000,42925,91789,134714
1619559330000,42749,91366,134115
1619559629000,42583,91161,133744
1619559932000,42483,90985,133468
1619560229000,41926,90657,132583
1619560530000,41849,90242,132091
1619560829000,41661,89519,131180
1619561129000,41539,89118,130657
1619561430000,41396,88600,129996
1619561730000,41195,88291,129486
1619562030000,41032,87995,129027
1619562330000,40945,87737,128682
1619562630000,40779,87355,128134
1619562930000,40690,86872,127562
1619563230000,40550,86595,127145
1619563530000,40397,86365,126762
1619563830000,40309,86304,126613
1619564130000,40325,86307,126632
1619564430000,40293,86308,126601
1619564730000,40268,86096,126364
1619565030000,40034,85686,125720
1619565330000,39979,85662,125641
1619565630000,39965,85603,125568
1619565930000,39871,85593,125464
1619566230000,39824,85395,125219
1619566530000,39865,85336,125201
1619566831000,39851,85321,125172
1619567129000,39806,85342,125148
1619567430000,39830,85457,125287
1619567730000,39876,85293,125169
1619568030000,40052,85150,125202
1619568330000,40703,85160,125863
1619568630000,40916,85321,126237
1619568930000,41057,85535,126592
1619569230000,41085,85812,126897
1619569530000,40996,86132,127128
1619569830000,41070,86337,127407
1619570130000,41043,86781,127824
1619570430000,41032,86992,128024
1619570730000,41148,87311,128459
1619571030000,41047,87487,128534
1619571329000,40882,87601,128483
1619571630000,40916,87830,128746
1619571930000,40811,87932,128743
1619572230000,40636,88130,128766
1619572530000,40663,88433,129096
1619572830000,40549,88468,129017
1619573130000,40490,88663,129153
1619573430000,40283,88800,129083
1619573730000,40074,88875,128949
1619574030000,39937,89171,129108
1619574330000,39799,89260,129059
1619574630000,39673,89146,128819
1619574930000,39437,88912,128349
1619575230000,39229,88888,128117
1619575530000,39044,88618,127662
1619575830000,38803,88431,127234
1619576130000,38601,88208,126809
1619576430000,38332,88020,126352
1619576730000,38060,87777,125837
1619577030000,37763,87446,125209
1619577330000,37269,87173,124442
1619577632000,36949,86819,123768
1619577929000,36678,86483,123161
1619578229000,36425,85983,122408
1619578530000,36115,85739,121854
1619578830000,35745,85141,120886
1619579130000,35404,84447,119851
1619579430000,35067,83771,118838
1619579730000,34787,83292,118079
1619580030000,34366,82467,116833
1619580330000,34050,81735,115785
1619580630000,33660,81132,114792
1619580929000,33473,80397,113870
1619581230000,33177,79780,112957
1619581530000,32922,78969,111891
1619581835000,32670,78376,111046
1619582129000,32383,77652,110035
1619582430000,31972,76853,108825
1619582729000,31651,76068,107719
1619583030000,31360,75133,106493
1619583330000,31021,74268,105289
1619583630000,30659,73489,104148
1619583930000,30240,72401,102641
1619584230000,30042,71608,101650
1619584530000,29684,71138,100822
1619584830000,29423,70429,99852
1619585129000,29108,69617,98725
1619585429000,28922,69030,97952
1619585730000,28539,68312,96851
1619586029000,28208,67514,95722
1619586330000,28077,66629,94706
1619586629000,27619,65806,93425
1619586930000,27450,65201,92651
1619587230000,27244,64625,91869
1619587530000,27093,64079,91172
1619587830000,26833,63524,90357
1619588130000,26707,62716,89423
1619588430000,26648,62153,88801
1619588730000,26232,61667,87899
1619589030000,26370,61046,87416
1619589330000,26479,60662,87141
1619589630000,24569,59962,84531
1619589930000,24093,59349,83442
1619590230000,24261,59495,83756
1619590530000,24314,59768,84082
1619590830000,24229,59751,83980
1619591129000,24122,57820,81942
1619591430000,24481,57357,81838
1619591730000,24122,57030,81152
1619592030000,24912,57393,82305
1619592330000,24867,58269,83136
1619592630000,24880,58216,83096
1619592930000,24910,57833,82743
1619593230000,24776,57561,82337
1619593530000,24788,56892,81680
1619593830000,24734,57052,81786
1619594130000,24697,55996,80693
1619594430000,24648,56556,81204
1619594730000,24634,55422,80056
1619595030000,24621,55884,80505
1619595330000,24662,55355,80017
1619595630000,24696,55493,80189
1619595930000,24654,55575,80229
1619596230000,24614,55274,79888
1619596530000,24715,54895,79610
1619596830000,24901,55300,80201
1619597129000,25078,54949,80027
1619597430000,25146,54915,80061
1619597730000,25297,54564,79861
1619598029000,25394,54793,80187
1619598330000,25579,54523,80102
1619598630000,25669,54499,80168
1619598930000,25675,54401,80076
1619599230000,25889,54557,80446
1619599530000,25935,54270,80205
1619599830000,25942,54539,80481
1619600130000,26045,54242,80287
1619600430000,26333,54571,80904
1619600730000,26435,54189,80624
1619601030000,26550,54552,81102
1619601330000,26935,54089,81024
1619601630000,27146,54644,81790
1619601930000,27326,54274,81600
1619602230000,27481,54670,82151
1619602530000,27623,54765,82388
1619602830000,27726,54622,82348
1619603130000,27788,54313,82101
1619603430000,27795,54347,82142
1619603730000,27947,54197,82144
1619604030000,28034,53980,82014
1619604330000,28141,52111,80252
1619604630000,28394,51767,80161
1619604929000,28377,50833,79210
1619605229000,28466,49421,77887
1619605530000,28498,46843,75341
1619605830000,28283,21847,50130
1619606130000,28744,17040,45784
1619606429000,28792,24165,52957
1619606730000,29004,28449,57453
1619607030000,28987,32440,61427
1619607330000,29086,35868,64954
1619607629000,29242,38545,67787
1619607930000,29248,39635,68883
1619608230000,29167,42807,71974
1619608530000,29090,42930,72020
1619608830000,29284,45431,74715
1619609130000,29501,45886,75387
1619609430000,29557,48183,77740
1619609730000,29842,48236,78078
1619610030000,30148,50318,80466
1619610330000,30520,50215,80735
1619610630000,30773,52077,82850
1619610930000,30991,51830,82821
1619611230000,31267,53588,84855
1619611530000,31488,53543,85031
1619611830000,31800,55054,86854
1619612130000,31934,54778,86712
1619612430000,32253,57098,89351
1619612730000,32580,57053,89633
1619613030000,32888,58755,91643
1619613330000,33262,58658,91920
1619613630000,33571,60360,93931
1619613930000,33850,60559,94409
1619614230000,34029,62468,96497
1619614530000,34225,62248,96473
1619614830000,34767,64015,98782
1619615130000,34994,63806,98800
1619615431000,35342,65683,101025
1619615730000,35742,65229,100971
1619616030000,35801,66785,102586
1619616329000,36045,66660,102705
1619616630000,36288,67846,104134
1619616930000,36522,66694,103216
1619617230000,36727,65960,102687
1619617530000,37035,65145,102180
1619617830000,37271,63913,101184
1619618130000,37517,61203,98720
1619618430000,37757,44609,82366
1619618729000,38095,25550,63645
1619619030000,38511,37294,75805
1619619330000,38805,44360,83165
1619619630000,39142,49966,89108
1619619930000,39277,55338,94615
1619620230000,39586,59231,98817
1619620530000,39922,61314,101236
1619620830000,37420,65310,102730
1619621130000,37645,66007,103652
1619621430000,38048,69024,107072
1619621729000,38286,69750,108036
1619622030000,38556,72011,110567
1619622330000,38749,72253,111002
1619622630000,39127,74643,113770
1619622930000,39360,75299,114659
1619623231000,39645,77399,117044
1619623530000,39927,77514,117441
1619623830000,40289,79525,119814
1619624130000,40543,79407,119950
1619624430000,40735,81150,121885
1619624729000,41139,80817,121956
1619625030000,41410,82324,123734
1619625330000,41721,81684,123405
1619625630000,41932,82670,124602
1619625930000,42089,81235,123324
1619626230000,42300,82351,124651
1619626530000,42549,82913,125462
1619626830000,42870,83606,126476
1619627130000,43014,83993,127007
1619627432000,43156,83816,126972
1619627487000,43236,83976,127212
1619627730000,43371,83980,127351
1619628031000,43599,84585,128184
1619628330000,43815,84749,128564
1619628630000,44119,85401,129520
1619628930000,44333,86062,130395
1619629230000,44696,86258,130954
1619629530000,44887,86107,130994
1619629829000,45058,86611,131669
1619630130000,45194,86917,132111
1619630430000,45371,87621,132992
1619630730000,42922,88055,130977
1619631030000,43015,88278,131293
1619631330000,43197,88614,131811
1619631630000,43475,89384,132859
1619631930000,43636,89940,133576
1619632230000,43826,90670,134496
1619632530000,43913,90604,134517
1619632830000,43983,89198,133181
1619633130000,44202,89507,133709
1619633430000,44157,90627,134784
1619633729000,44305,91771,136076
1619634030000,44494,92936,137430
1619634330000,44714,93499,138213
1619634630000,45015,94128,139143
1619634930000,44962,94395,139357
1619635230000,45003,94992,139995
1619635530000,45062,96313,141375
1619635830000,43887,95399,139286
1619636130000,44980,95580,140560
1619636430000,43879,95510,139389
1619636730000,43797,95716,139513
1619637030000,43508,95276,138784
1619637330000,43789,96229,140018
1619637630000,43739,96402,140141
1619637930000,44735,96257,140992
1619638230000,44869,96487,141356
1619638530000,45378,96351,141729
1619638830000,45083,96707,141790
1619639130000,44954,96664,141618
1619639430000,45354,96912,142266
1619639730000,44945,97095,142040
1619640030000,45218,96969,142187
1619640330000,45041,96671,141712
1619640630000,44666,96483,141149
1619640930000,44815,96584,141399
1619641230000,44627,96361,140988
1619641530000,44311,96228,140539
1619641830000,44208,96192,140400
1619642130000,44016,96009,140025
1619642430000,43979,96132,140111
1619642730000,43772,95906,139678
1619643030000,43772,95424,139196
1619643330000,43423,94923,138346
1619643630000,43357,94728,138085
1619643930000,43544,93936,137480
1619644230000,43057,93596,136653
1619644530000,42888,92894,135782
1619644830000,42753,92776,135529
1619645130000,42631,92652,135283
1619645430000,42452,92537,134989
1619645730000,42225,92448,134673
1619646030000,42035,92265,134300
1619646330000,41946,91906,133852
1619646630000,41979,91526,133505
1619646930000,41847,91250,133097
1619647230000,41735,90605,132340
1619647529000,41519,91096,132615
1619647830000,41245,90622,131867
1619648130000,40992,89339,130331
1619648430000,40719,89276,129995
1619648730000,40530,88807,129337
1619649030000,40222,88368,128590
1619649330000,39981,88280,128261
1619649634000,40015,88050,128065
1619649930000,39889,87922,127811
1619650230000,39817,87676,127493
1619650530000,39720,87395,127115
1619650830000,39571,87190,126761
1619651130000,39405,86925,126330
1619651430000,39358,87075,126433
1619651729000,39210,86940,126150
1619652030000,39031,87023,126054
1619652330000,38873,86650,125523
1619652630000,38832,86586,125418
1619652930000,38912,86313,125225
1619653230000,39031,86590,125621
1619653530000,39083,86597,125680
1619653830000,39185,86771,125956
1619654130000,39439,86836,126275
1619654430000,39645,86507,126152
1619654730000,40085,86458,126543
1619655030000,40331,86494,126825
1619655330000,40447,86853,127300
1619655630000,40427,87002,127429
1619655930000,40440,87117,127557
1619656230000,40418,87062,127480
1619656529000,40330,87306,127636
1619656829000,40294,87649,127943
1619657129000,40236,88118,128354
1619657429000,40216,88224,128440
1619657730000,40121,88379,128500
1619658030000,40062,88635,128697
1619658330000,39940,88393,128333
1619658630000,39777,88685,128462
1619658930000,39564,88335,127899
1619659229000,39495,88680,128175
1619659530000,39403,88598,128001
1619659830000,39353,88561,127914
1619660130000,39198,88605,127803
1619660430000,38987,88827,127814
1619660729000,38807,88854,127661
1619661029000,38661,88740,127401
1619661330000,38501,88839,127340
1619661629000,38250,88654,126904
1619661930000,38033,88256,126289
1619662231000,37780,88357,126137
1619662530000,37477,88043,125520
1619662830000,37391,87686,125077
1619663130000,37136,87284,124420
1619663430000,36936,87027,123963
1619663730000,36698,86632,123330
1619664030000,36497,86264,122761
1619664330000,36326,85957,122283
1619664630000,36107,85495,121602
1619664930000,35772,85121,120893
1619665230000,35506,84432,119938
1619665530000,35026,83728,118754
1619665830000,34729,83463,118192
1619666130000,34465,82995,117460
1619666439000,34234,82588,116822
1619666730000,34023,81829,115852
1619667030000,33726,81388,115114
1619667330000,33410,80911,114321
1619667630000,33102,80272,113374
1619667930000,32668,79607,112275
1619668230000,32305,78709,111014
1619668530000,31987,78191,110178
1619668830000,31643,77379,109022
1619669130000,31280,76587,107867
1619669430000,30924,75985,106909
1619669730000,30229,75135,105364
1619670030000,30181,74615,104796
1619670330000,29888,73675,103563
1619670630000,29570,72840,102410
1619670930000,29356,72232,101588
1619671230000,29055,71738,100793
1619671530000,28819,71185,100004
1619671830000,28644,70621,99265
1619672130000,28441,69924,98365
1619672430000,28110,69231,97341
1619672730000,27825,68237,96062
1619673030000,27635,67616,95251
1619673330000,27397,66658,94055
1619673630000,27183,65912,93095
1619673930000,26966,65035,92001
1619674230000,26785,64141,90926
1619674530000,26638,63405,90043
1619674829000,26552,62792,89344
1619675130000,26514,62176,88690
1619675429000,26006,60969,86975
1619675729000,25920,60325,86245
1619676030000,24307,59704,84011
1619676329000,23921,59280,83201
1619676630000,24274,59258,83532
1619676929000,23929,59480,83409
1619677231000,23779,59165,82944
1619677530000,23782,57660,81442
1619677830000,23643,57400,81043
1619678130000,23602,56996,80598
1619678430000,24802,57186,81988
1619678730000,24776,57987,82763
1619679030000,24768,57704,82472
1619679330000,24711,57448,82159
1619679630000,24646,57128,81774
1619679930000,24610,56745,81355
1619680229000,24171,56967,81138
1619680530000,23822,56030,79852
1619680830000,23680,56609,80289
1619681130000,23627,55723,79350
1619681430000,23569,56191,79760
1619681730000,23475,55633,79108
1619682030000,23536,55761,79297
1619682330000,23599,55527,79126
1619682630000,23797,55579,79376
1619682930000,23889,54970,78859
1619683230000,24027,55219,79246
1619683530000,24132,54946,79078
1619683830000,24321,54647,78968
1619684129000,24613,54520,79133
1619684430000,24770,54371,79141
1619684731000,24776,54179,78955
1619685029000,24956,54385,79341
1619685330000,25043,54189,79232
1619685630000,25172,54166,79338
1619685931000,25363,53939,79302
1619685989000,25350,53996,79346
1619686229000,25505,54300,79805
1619686530000,25524,54096,79620
1619686830000,25543,53937,79480
1619687130000,25766,53863,79629
1619687430000,25083,54377,79460
1619687729000,25195,54587,79782
1619688030000,25240,54668,79908
1619688330000,25804,53992,79796
1619688630000,25548,54704,80252
1619688930000,25792,54670,80462
1619689230000,25952,55185,81137
1619689530000,26029,55106,81135
1619689830000,26102,55307,81409
1619690130000,26180,55086,81266
1619690430000,26272,55119,81391
1619690729000,26364,54890,81254
1619691030000,26555,55157,81712
1619691330000,26735,54998,81733
1619691630000,26898,55199,82097
1619691929000,27068,55052,82120
1619692230000,27047,55542,82589
1619692530000,27119,55461,82580
1619692830000,27801,56080,83881
1619693130000,27496,56036,83532
1619693430000,27553,56051,83604
1619693730000,27577,55629,83206
1619694031000,27761,56103,83864
1619694330000,27994,55940,83934
1619694631000,28198,56711,84909
1619694930000,28354,56963,85317
1619695230000,28584,57899,86483
1619695530000,28845,57971,86816
1619695829000,29035,58476,87511
1619696130000,29359,58825,88184
1619696430000,28053,59481,87534
1619696731000,28293,59899,88192
1619697030000,28460,60485,88945
1619697330000,28767,60591,89358
1619697630000,28887,61087,89974
1619697929000,29232,61623,90855
1619698230000,29433,62347,91780
1619698530000,29296,62611,91907
1619698830000,29606,63479,93085
1619699130000,29835,63885,93720
1619699430000,30136,64490,94626
1619699730000,30472,65136,95608
1619700030000,30660,65999,96659
1619700330000,30836,66463,97299
1619700630000,31058,67134,98192
1619700930000,31371,67804,99175
1619701230000,31570,68472,100042
1619701530000,31918,68996,100914
1619701830000,32231,69681,101912
1619702130000,32486,70011,102497
1619702429000,32662,70290,102952
1619702729000,33039,70568,103607
1619703030000,33203,70906,104109
1619703330000,33492,71229,104721
1619703630000,33723,71520,105243
1619703929000,33949,71897,105846
1619704230000,34160,72474,106634
1619704530000,34493,73095,107588
1619704830000,34776,73549,108325
1619705130000,35147,74370,109517
1619705430000,35639,74831,110470
1619705730000,36020,75703,111723
1619706031000,36474,76355,112829
1619706330000,36688,76971,113659
1619706630000,37048,77623,114671
1619706930000,37403,78488,115891
1619707230000,37775,79514,117289
1619707530000,38149,80028,118177
1619707830000,38502,80536,119038
1619708130000,38783,80534,119317
1619708430000,38976,80658,119634
1619708730000,39418,81094,120512
1619709029000,39612,81613,121225
1619709330000,39902,81745,121647
1619709629000,40251,82018,122269
1619709930000,40773,82637,123410
1619710230000,40923,82840,123763
1619710530000,40860,83377,124237
1619710830000,40788,83762,124550
1619711130000,41277,84036,125313
1619711429000,41555,84076,125631
1619711730000,41917,84279,126196
1619712030000,40392,84407,124799
1619712330000,39641,84993,124634
1619712630000,39877,84270,124147
1619712931000,40028,84308,124336
1619713230000,40236,85111,125347
1619713530000,40245,85294,125539
1619713830000,40341,85767,126108
1619714130000,40468,86556,127024
1619714430000,40743,86681,127424
1619714730000,41024,86634,127658
1619715030000,41257,87716,128973
1619715329000,41374,88052,129426
1619715630000,41530,88249,129779
1619715930000,41633,87798,129431
1619716230000,41569,88874,130443
1619716530000,41725,89476,131201
1619716830000,41894,89997,131891
1619717130000,42122,90235,132357
1619717430000,42199,90642,132841
1619717730000,42411,91235,133646
1619718030000,42614,91619,134233
1619718330000,42683,92030,134713
1619718630000,42855,91763,134618
1619718930000,42992,92852,135844
1619719230000,42878,91218,134096
1619719530000,43044,91618,134662
1619719829000,43308,92161,135469
1619720130000,43533,93765,137298
1619720430000,43695,94786,138481
1619720730000,43690,95805,139495
1619721030000,43711,96053,139764
1619721330000,43901,96347,140248
1619721630000,43878,96894,140772
1619721930000,44073,96851,140924
1619722230000,44206,96803,141009
1619722530000,44181,96594,140775
1619722830000,44186,96413,140599
1619723130000,44265,96913,141178
1619723430000,44492,96718,141210
1619723730000,44577,97073,141650
1619724030000,44613,97569,142182
1619724330000,43243,97544,140787
1619724630000,43067,97617,140684
1619724930000,44204,97200,141404
1619725230000,43353,97391,140744
1619725529000,43366,97702,141068
1619725830000,43544,97694,141238
1619726130000,43375,97603,140978
1619726430000,44119,97480,141599
1619726730000,44195,97402,141597
1619727030000,43794,96945,140739
1619727330000,45044,97113,142157
1619727630000,45020,97021,142041
1619727930000,45117,96995,142112
1619728230000,44939,96612,141551
1619728530000,44863,96397,141260
1619728830000,44692,96302,140994
1619729130000,44635,95987,140622
1619729430000,44487,95870,140357
1619729729000,44421,95496,139917
1619730030000,44139,94936,139075
1619730330000,43987,94344,138331
1619730630000,43795,93747,137542
1619730930000,43693,93594,137287
1619731230000,43364,93054,136418
1619731530000,43183,92817,136000
1619731830000,42959,92726,135685
1619732130000,42712,92271,134983
1619732430000,42591,91949,134540
1619732730000,42344,91780,134124
1619733030000,42140,91568,133708
1619733330000,42106,91176,133282
1619733629000,41744,90631,132375
1619733931000,41476,90198,131674
1619734230000,41371,89598,130969
1619734530000,41084,89163,130247
1619734830000,40811,89151,129962
1619735130000,40766,89196,129962
1619735430000,40607,88941,129548
1619735730000,40453,88392,128845
1619736030000,40337,87927,128264
1619736330000,40255,88046,128301
1619736630000,40211,87552,127763
1619736930000,40122,87425,127547
1619737230000,39986,87386,127372
1619737529000,39591,87271,126862
1619737830000,39528,87108,126636
1619738131000,39281,87059,126340
1619738430000,39257,87174,126431
1619738730000,39220,87272,126492
1619739030000,39120,87076,126196
1619739330000,39116,87109,126225
1619739630000,39293,87729,127022
1619739930000,39260,87769,127029
1619740230000,39313,88020,127333
1619740530000,39394,87967,127361
1619740830000,39485,87689,127174
1619741130000,40083,87707,127790
1619741430000,40228,87947,128175
1619741730000,40280,87871,128151
1619742030000,40285,87777,128062
1619742330000,40260,87633,127893
1619742630000,40290,87629,127919
1619742930000,40224,87669,127893
1619743230000,40150,88105,128255
1619743530000,40036,88059,128095
1619743830000,40022,88066,128088
1619744130000,39937,88090,128027
1619744430000,39847,88156,128003
1619744730000,39741,87884,127625
1619745030000,39638,87759,127397
1619745330000,39724,88223,127947
1619745630000,39559,88001,127560
1619745930000,39437,88027,127464
1619746230000,39212,87771,126983
1619746530000,39273,87851,127124
1619746829000,39086,88222,127308
1619747129000,38922,88385,127307
1619747429000,38701,87888,126589
1619747730000,38576,87484,126060
1619748030000,38290,87271,125561
1619748330000,38186,87081,125267
1619748630000,37854,86528,124382
1619748930000,37729,86024,123753
1619749230000,37387,86060,123447
1619749530000,37166,85889,123055
1619749830000,36901,85563,122464
1619750130000,36624,85386,122010
1619750430000,36523,85297,121820
1619750730000,36337,85019,121356
1619751030000,36100,84791,120891
1619751330000,35804,83649,119453
1619751630000,35451,83127,118578
1619751930000,35107,82603,117710
1619752230000,34873,81957,116830
1619752530000,34548,81235,115783
1619752830000,34333,81235,115568
1619753129000,33990,80357,114347
1619753430000,33808,80137,113945
1619753730000,33505,79100,112605
1619754030000,33221,78531,111752
1619754330000,32838,77712,110550
1619754629000,32511,77143,109654
1619754930000,32320,76564,108884
1619755230000,32043,75625,107668
1619755530000,31689,74730,106419
1619755830000,31360,73969,105329
1619756130000,30974,73197,104171
1619756430000,30697,72439,103136
1619756730000,30399,71686,102085
1619757030000,30059,71186,101245
1619757339000,29712,70203,99915
1619757630000,29483,69817,99300
1619757930000,29215,69117,98332
1619758230000,28915,68473,97388
1619758530000,28712,67656,96368
1619758830000,28356,67055,95411
1619759130000,28105,66097,94202
1619759430000,27837,65481,93318
1619759730000,27701,64468,92169
1619760030000,27484,63926,91410
1619760330000,27283,63066,90349
1619760630000,27125,62149,89274
1619760930000,26878,61541,88419
1619761230000,26728,60826,87554
1619761530000,26563,60413,86976
1619761830000,26311,59606,85917
1619762130000,26258,59369,85627
1619762430000,25967,58698,84665
1619762729000,24400,57904,82304
1619763030000,24140,57668,81808
1619763330000,23597,58293,81890
1619763630000,23406,57835,81241
1619763930000,23410,55542,78952
1619764230000,23094,54996,78090
1619764530000,23563,54750,78313
1619764830000,23826,55129,78955
1619765129000,24805,55996,80801
1619765429000,24564,55989,80553
1619765730000,24602,55897,80499
1619766030000,24338,55338,79676
1619766330000,24096,54827,78923
1619766630000,24146,54989,79135
1619766930000,24290,54102,78392
1619767230000,24303,54721,79024
1619767530000,24140,53967,78107
1619767830000,24198,54393,78591
1619768129000,24132,53875,78007
1619768430000,24266,54043,78309
1619768730000,24299,53491,77790
1619769030000,24436,53593,78029
1619769329000,24590,53278,77868
1619769630000,24700,53147,77847
1619769930000,24781,52724,77505
1619770230000,24846,52812,77658
1619770530000,24990,52793,77783
1619770830000,25135,52691,77826
1619771130000,25211,52481,77692
1619771430000,24501,52588,77089
1619771730000,24624,52334,76958
1619772030000,24649,52521,77170
1619772330000,24745,52161,76906
1619772630000,24684,52256,76940
1619772930000,24733,51963,76696
1619773230000,24943,52014,76957
1619773530000,25080,51889,76969
1619773830000,25321,52035,77356
1619774130000,25456,51960,77416
1619774430000,25567,52328,77895
1619774729000,25673,52050,77723
1619775030000,25762,52129,77891
1619775330000,25580,51892,77472
1619775630000,25562,52254,77816
1619775930000,25603,52212,77815
1619776230000,25675,52559,78234
1619776530000,25766,52364,78130
1619776830000,25928,52616,78544
1619777130000,26066,52517,78583
1619777430000,26205,52692,78897
1619777729000,26371,52551,78922
1619778030000,26454,53152,79606
1619778330000,26578,53126,79704
1619778630000,26695,53491,80186
1619778930000,26768,53455,80223
1619779230000,26940,53686,80626
1619779530000,27149,53654,80803
1619779830000,27306,54236,81542
1619780133000,27528,54411,81939
1619780430000,27607,54800,82407
1619780730000,27866,54917,82783
1619781030000,28221,55439,83660
1619781330000,28385,55731,84116
1619781630000,27139,56327,83466
1619781929000,27598,56734,84332
1619782230000,27835,57297,85132
1619782530000,27990,57601,85591
1619782830000,28128,58155,86283
1619783130000,28314,58784,87098
1619783430000,28446,59420,87866
1619783730000,28561,59814,88375
1619784030000,28844,60200,89044
1619784330000,29145,60704,89849
1619784630000,29544,61402,90946
1619784930000,29759,61611,91370
1619785230000,30074,62166,92240
1619785530000,30434,62664,93098
1619785830000,30752,63550,94302
1619786130000,31194,64081,95275
1619786430000,31578,64829,96407
1619786729000,31832,65278,97110
1619787030000,31962,66011,97973
1619787329000,32340,66372,98712
1619787630000,32716,67101,99817
1619787930000,33160,67972,101132
1619788230000,33558,68758,102316
1619788530000,33937,69434,103371
1619788830000,34216,70097,104313
1619789129000,34538,70516,105054
1619789430000,34830,71021,105851
1619789730000,33825,71404,105229
1619790030000,34172,71802,105974
1619790330000,34540,72017,106557
1619790630000,34782,72349,107131
1619790944000,35107,72860,107967
1619791229000,35348,73119,108467
1619791529000,35643,73654,109297
1619791830000,36049,74201,110250
1619792130000,36428,74919,111347
1619792430000,36659,75850,112509
1619792730000,36978,76452,113430
1619793030000,37209,76998,114207
1619793330000,37347,77539,114886
1619793630000,37708,78126,115834
1619793930000,37987,78743,116730
1619794229000,38207,79219,117426
1619794530000,38448,79793,118241
1619794830000,38686,79916,118602
1619795130000,37266,80303,117569
1619795430000,37495,80697,118192
1619795730000,37631,81481,119112
1619796030000,37866,81882,119748
1619796330000,37993,82023,120016
1619796630000,38161,82006,120167
1619796930000,38172,82109,120281
1619797230000,38372,82668,121040
1619797530000,38557,82732,121289
1619797830000,38706,82625,121331
1619798129000,38769,82772,121541
1619798430000,38872,82806,121678
1619798730000,38945,82559,121504
1619799030000,39052,82511,121563
1619799330000,39179,82573,121752
1619799630000,39369,82691,122060
1619799930000,39428,82613,122041
1619800229000,39520,82725,122245
1619800530000,39576,82692,122268
1619800830000,39761,82991,122752
1619801132000,39800,83349,123149
1619801430000,39889,83646,123535
1619801730000,39940,83539,123479
1619802030000,40050,83780,123830
1619802330000,40146,84327,124473
1619802630000,40269,84443,124712
1619802929000,40361,84567,124928
1619803230000,40445,85180,125625
1619803530000,40631,85498,126129
1619803829000,40786,85846,126632
1619804130000,40941,86004,126945
1619804430000,41064,86560,127624
1619804730000,41080,86844,127924
1619805030000,41155,87410,128565
1619805330000,41347,87538,128885
1619805630000,41497,85677,127174
1619805930000,41530,85976,127506
1619806230000,41717,86607,128324
1619806529000,41853,87732,129585
1619806830000,41952,88625,130577
1619807130000,42041,88764,130805
1619807430000,42068,89180,131248
1619807730000,42222,89113,131335
1619808030000,42295,89426,131721
1619808330000,42483,89413,131896
1619808630000,42505,89683,132188
1619808930000,42646,89834,132480
1619809230000,42678,89784,132462
1619809530000,42799,89998,132797
1619809830000,41627,90480,132107
1619810130000,41428,90684,132112
1619810430000,40923,91054,131977
1619810730000,40906,91309,132215
1619811030000,40837,91605,132442
1619811329000,41060,91542,132602
1619811630000,41300,91685,132985
1619811930000,41414,91754,133168
1619812230000,42185,91950,134135
1619812530000,42248,92071,134319
1619812830000,42733,92177,134910
1619813130000,43123,92242,135365
1619813431000,43191,92090,135281
1619813730000,43148,91929,135077
1619814030000,43190,91967,135157
1619814330000,43201,91906,135107
1619814630000,43147,92055,135202
1619814930000,43082,92029,135111
1619815230000,43044,92153,135197
1619815530000,42988,92011,134999
1619815830000,42969,91953,134922
1619816130000,42789,91675,134464
1619816430000,42792,91272,134064
1619816730000,42633,90880,133513
1619817030000,42446,90785,133231
1619817330000,42367,90702,133069
1619817630000,42353,90717,133070
1619817930000,42201,90182,132383
1619818229000,42011,90066,132077
1619818530000,41846,89738,131584
1619818830000,41656,89584,131240
1619819130000,41568,89604,131172
1619819430000,41441,89432,130873
1619819730000,41292,89046,130338
1619820030000,41112,88709,129821
1619820330000,40938,88223,129161
1619820630000,40774,88044,128818
1619820930000,40672,87764,128436
1619821230000,40578,87551,128129
1619821530000,40410,87197,127607
1619821830000,40312,86879,127191
1619822130000,40133,86584,126717
1619822430000,40016,86415,126431
1619822730000,39971,86096,126067
1619823030000,39795,86121,125916
1619823330000,39635,85918,125553
1619823630000,39432,85835,125267
1619823930000,39330,85387,124717
1619824230000,39117,85153,124270
1619824530000,39019,84646,123665
1619824830000,39045,84771,123816
1619825130000,38996,84539,123535
1619825430000,38949,84398,123347
1619825730000,38820,84154,122974
1619826030000,38863,84252,123115
1619826339000,38847,84107,122954
1619826391000,38830,84136,122966
1619826630000,38815,84121,122936
1619826930000,38943,84235,123178
1619827230000,38991,84075,123066
1619827530000,39615,83841,123456
1619827830000,39811,83878,123689
1619828130000,39845,83814,123659
1619828430000,39737,83665,123402
1619828730000,39715,83644,123359
1619829030000,39726,83795,123521
1619829331000,39625,83780,123405
1619829630000,39452,83792,123244
1619829930000,39366,84062,123428
1619830229000,39288,84168,123456
1619830530000,39171,84268,123439
1619830830000,39187,84355,123542
1619831130000,39056,84003,123059
1619831430000,38873,84191,123064
1619831731000,38869,84458,123327
1619832030000,38792,84581,123373
1619832331000,38688,84792,123480
1619832630000,38530,84825,123355
1619832931000,38477,84701,123178
1619833230000,38303,84880,123183
1619833531000,38113,84907,123020
1619833830000,37953,84899,122852
1619834131000,37810,84982,122792
1619834430000,37739,84912,122651
1619834731000,37522,85097,122619
1619835030000,37373,84804,122177
1619835331000,37201,84908,122109
1619835630000,37085,84734,121819
1619835931000,36869,84617,121486
1619836230000,36686,84487,121173
1619836531000,36571,84436,121007
1619836829000,36439,84396,120835
1619837131000,36294,84214,120508
1619837430000,36270,83971,120241
1619837731000,36044,83608,119652
1619838030000,35764,83473,119237
1619838331000,35596,83063,118659
1619838630000,35294,82685,117979
1619838931000,35148,82378,117526
1619839230000,34922,82021,116943
1619839531000,34695,81376,116071
1619839830000,34508,80931,115439
1619840131000,34460,80391,114851
1619840429000,34265,80062,114327
1619840731000,34027,79684,113711
1619841030000,33753,79325,113078
1619841331000,33511,78878,112389
1619841630000,33292,78423,111715
1619841931000,33031,77668,110699
1619842230000,32874,77154,110028
1619842531000,32602,76278,108880
1619842830000,32433,75693,108126
1619843131000,32166,75170,107336
1619843430000,31880,74542,106422
1619843731000,31618,73890,105508
1619844029000,31304,73465,104769
1619844331000,31115,73161,104276
1619844630000,30946,72562,103508
1619844931000,30749,71508,102257
1619845229000,30436,70862,101298
1619845531000,30094,69991,100085
1619845830000,29868,69387,99255
1619846134000,29682,68312,97994
1619846430000,29485,67197,96682
1619846731000,29259,66339,95598
1619847030000,29141,65625,94766
1619847331000,28889,64837,93726
1619847629000,28719,64204,92923
1619847931000,28863,63668,92531
1619848230000,28520,62890,91410
1619848531000,28282,62419,90701
1619848829000,28041,61733,89774
1619849131000,26455,60953,87408
1619849429000,27031,61066,88097
1619849731000,25925,60988,86913
1619850030000,25332,60825,86157
1619850332000,25239,59028,84267
1619850630000,24854,58750,83604
1619850931000,24891,58251,83142
1619851230000,25548,58580,84128
1619851532000,25474,59247,84721
1619851829000,26266,59230,85496
1619852132000,26246,58557,84803
1619852429000,26115,58167,84282
1619852732000,26122,57389,83511
1619853030000,26197,57421,83618
1619853332000,26084,56578,82662
1619853630000,26061,57029,83090
1619853932000,26051,56616,82667
1619854230000,26078,56705,82783
1619854532000,26132,56292,82424
1619854830000,26118,56244,82362
1619855132000,26174,55831,82005
1619855430000,26195,55965,82160
1619855732000,26209,55946,82155
1619856030000,26267,55493,81760
1619856332000,26292,55076,81368
1619856630000,26330,54954,81284
1619856932000,26289,54617,80906
1619857229000,26349,54614,80963
1619857532000,26308,54336,80644
1619857830000,26329,54263,80592
1619858132000,26332,53923,80255
1619858430000,26404,54031,80435
1619858732000,26417,53805,80222
1619859030000,26380,53915,80295
1619859332000,26540,53857,80397
1619859630000,26496,53566,80062
1619859932000,26541,53446,79987
1619860229000,26420,53634,80054
1619860532000,26519,53483,80002
1619860830000,26522,53629,80151
1619861132000,26585,53540,80125
1619861430000,26541,53819,80360
1619861732000,26685,53846,80531
1619862030000,26791,54131,80922
1619862332000,26883,54192,81075
1619862630000,26907,54382,81289
1619862932000,27073,54454,81527
1619863230000,27087,54519,81606
1619863532000,27101,54315,81416
1619863829000,27208,54561,81769
1619864132000,27196,54777,81973
1619864429000,27412,55015,82427
1619864732000,27456,54913,82369
1619865030000,27663,55280,82943
1619865332000,27753,55402,83155
1619865629000,27554,55802,83356
1619865932000,27610,55868,83478
1619866230000,27784,56297,84081
1619866532000,27923,56467,84390
1619866829000,28032,56947,84979
1619867132000,28203,57094,85297
1619867430000,28457,57614,86071
1619867732000,28754,57875,86629
1619868030000,28960,58509,87469
1619868329000,29170,58880,88050
1619868630000,29259,59523,88782
1619868932000,29587,60147,89734
1619869230000,29730,60998,90728
1619869532000,29966,60892,90858
1619869830000,30176,61600,91776
1619870132000,30368,61839,92207
1619870429000,30616,62310,92926
1619870732000,30625,62564,93189
1619871030000,30889,63535,94424
1619871332000,31099,65394,96493
1619871630000,31444,64608,96052
1619871932000,31673,64579,96252
1619872230000,31979,65494,97473
1619872529000,32333,65855,98188
1619872830000,32456,66604,99060
1619873133000,32665,67015,99680
1619873429000,32925,67723,100648
1619873733000,33188,68424,101612
1619874030000,33446,69322,102768
1619874329000,33716,69667,103383
1619874630000,33985,70280,104265
1619874932000,34174,71024,105198
1619875230000,34307,71655,105962
1619875532000,34662,71784,106446
1619875829000,34929,72380,107309
1619876130000,35291,72540,107831
1619876430000,35605,73134,108739
1619876729000,35884,73548,109432
1619877030000,36155,74043,110198
1619877330000,36349,74239,110588
1619877696000,36521,74687,111208
1619877930000,36657,74733,111390
1619878230000,36896,75188,112084
1619878530000,37190,75958,113148
1619878830000,37364,76632,113996
1619879133000,37557,77259,114816
1619879429000,37712,77982,115694
1619879730000,38013,78522,116535
1619880029000,38234,79249,117483
1619880329000,38716,79956,118672
1619880630000,38970,80541,119511
1619880929000,38840,80898,119738
1619881230000,38958,80887,119845
1619881530000,39364,81454,120818
1619881830000,39451,82165,121616
1619882130000,39656,82616,122272
1619882429000,39898,83399,123297
1619882730000,40001,83897,123898
1619883030000,40156,84280,124436
1619883330000,40033,84177,124210
1619883630000,40178,84638,124816
1619883930000,40368,84835,125203
1619884229000,40483,85065,125548
1619884529000,40525,85280,125805
1619884830000,40637,85471,126108
1619885130000,40693,84802,125495
1619885430000,40785,85189,125974
1619885730000,40863,85465,126328
1619886030000,41047,85534,126581
1619886330000,41194,85727,126921
1619886630000,41350,85888,127238
1619886930000,41498,85744,127242
1619887230000,41549,85887,127436
1619887529000,41729,86307,128036
1619887830000,41735,86466,128201
1619888130000,41927,86919,128846
1619888430000,42084,87259,129343
1619888729000,42214,87718,129932
1619889030000,42281,88057,130338
1619889330000,42375,88442,130817
1619889630000,42561,88966,131527
1619889930000,42617,89321,131938
1619890230000,42802,89539,132341
1619890529000,42828,89962,132790
1619890830000,43068,90365,133433
1619891130000,43320,90054,133374
1619891430000,43197,90310,133507
1619891730000,41907,90321,132228
1619892030000,41822,88070,129892
1619892330000,43082,88932,132014
1619892629000,41539,89814,131353
1619892930000,41668,91455,133123
1619893230000,41891,92482,134373
1619893530000,42004,92641,134645
1619893830000,43012,92719,135731
1619894129000,43123,93704,136827
1619894430000,42808,93327,136135
1619894730000,44202,92612,136814
1619895030000,44171,93512,137683
1619895330000,44301,93570,137871
1619895630000,44193,94093,138286
1619895930000,44349,94645,138994
1619896230000,44356,94566,138922
1619896530000,44502,94439,138941
1619896829000,44553,95126,139679
1619897130000,44668,94929,139597
1619897430000,44666,94838,139504
1619897730000,44754,94441,139195
1619898030000,44942,94783,139725
1619898330000,44975,94131,139106
1619898630000,45379,94141,139520
1619898930000,45076,95152,140228
1619899230000,45188,95297,140485
1619899529000,45221,95031,140252
1619899830000,45208,95144,140352
1619900130000,45239,95169,140408
1619900430000,45273,95496,140769
1619900729000,45318,95192,140510
1619901029000,45405,94511,139916
1619901330000,45322,94763,140085
1619901630000,45278,94754,140032
1619901930000,45181,94858,140039
1619902230000,45124,95311,140435
1619902530000,44882,96108,140990
1619902830000,44966,95311,140277
1619903130000,44890,94991,139881
1619903430000,44838,94323,139161
1619903729000,44785,94221,139006
1619904030000,44627,94324,138951
1619904330000,44520,94312,138832
1619904630000,44396,94214,138610
1619904930000,44209,93228,137437
1619905229000,44195,92933,137128
1619905530000,44161,92897,137058
1619905830000,44002,92952,136954
1619906130000,43986,92755,136741
1619906430000,43815,92504,136319
1619906730000,43705,91210,134915
1619907030000,43403,90903,134306
1619907330000,43157,91060,134217
1619907629000,42885,90910,133795
1619907930000,42660,90623,133283
1619908230000,42454,89703,132157
1619908530000,42265,89394,131659
1619908829000,42064,90061,132125
1619909129000,41984,89518,131502
1619909430000,41858,88604,130462
1619909730000,41608,88887,130495
1619910029000,41406,88608,130014
1619910330000,41153,88106,129259
1619910629000,41107,87633,128740
1619910929000,40942,87230,128172
1619911230000,40775,87678,128453
1619911529000,40658,87417,128075
1619911830000,40544,87254,127798
1619912130000,40354,87197,127551
1619912429000,40286,86580,126866
1619912730000,40178,86230,126408
1619913030000,40133,85615,125748
1619913330000,40062,85446,125508
1619913629000,40063,85751,125814
1619913930000,40489,85497,125986
1619914230000,40534,85479,126013
1619914530000,40589,85221,125810
1619914830000,40565,85282,125847
1619915130000,40424,84475,124899
1619915430000,40200,84654,124854
1619915730000,40049,84488,124537
1619916030000,39906,85311,125217
1619916330000,39851,85297,125148
1619916630000,39719,85627,125346
1619916930000,39703,85571,125274
1619917230000,39666,85403,125069
1619917530000,39540,85537,125077
1619917830000,39319,86019,125338
1619918130000,39126,86670,125796
1619918430000,39000,86925,125925
1619918730000,39000,86953,125953
1619919030000,38882,86780,125662
1619919330000,38854,86774,125628
1619919629000,38679,86900,125579
1619919930000,38460,87139,125599
1619920230000,38575,87566,126141
1619920529000,38411,87119,125530
1619920829000,38328,86552,124880
1619921129000,38231,86361,124592
1619921430000,38116,86391,124507
1619921730000,37899,86357,124256
1619922030000,37685,86132,123817
1619922329000,37660,86749,124409
1619922629000,37490,87142,124632
1619922930000,37499,86255,123754
1619923230000,37303,86478,123781
1619923530000,37236,85844,123080
1619923830000,36978,85528,122506
1619924129000,36821,85318,122139
1619924430000,36633,85451,122084
1619924730000,36492,84926,121418
1619925029000,36302,84520,120822
1619925330000,35969,84707,120676
1619925630000,35772,84394,120166
1619925930000,35590,84362,119952
1619926230000,35342,83597,118939
1619926530000,35041,82726,117767
1619926830000,34865,82286,117151
1619927130000,34766,82055,116821
1619927429000,34537,81686,116223
1619927730000,34452,81362,115814
1619928030000,33932,80944,114876
1619928330000,33632,80509,114141
1619928630000,33350,79966,113316
1619928930000,33021,79248,112269
1619929230000,32648,79234,111882
1619929530000,32455,78402,110857
1619929830000,32198,77601,109799
1619930129000,31996,77339,109335
1619930430000,31841,76738,108579
1619930730000,31541,76524,108065
1619931029000,31315,75693,107008
1619931329000,31147,74465,105612
1619931630000,30924,74096,105020
1619931930000,30571,72662,103233
1619932230000,30296,72251,102547
1619932529000,30020,71724,101744
1619932829000,29806,71066,100872
1619933129000,29795,69829,99624
1619933430000,29712,68905,98617
1619933730000,29478,67879,97357
1619934030000,29375,67153,96528
1619934329000,29405,66687,96092
1619934630000,29293,65446,94739
1619934930000,29127,64868,93995
1619935230000,28746,64548,93294
1619935530000,27072,64428,91500
1619935830000,27945,64769,92714
1619936130000,26257,64962,91219
1619936430000,26386,64387,90773
1619936730000,26269,62721,88990
1619937029000,26820,62135,88955
1619937330000,26683,60422,87105
1619937629000,26612,60759,87371
1619937929000,27160,61790,88950
1619938230000,27086,61633,88719
1619938530000,27099,61973,89072
1619938830000,27102,61688,88790
1619939129000,27114,61183,88297
1619939429000,27135,60286,87421
1619939730000,26949,60656,87605
1619940030000,26974,60545,87519
1619940330000,27042,59319,86361
1619940629000,26982,59684,86666
1619940930000,26915,58711,85626
1619941230000,26850,59205,86055
1619941530000,26962,59483,86445
1619941830000,27021,58558,85579
1619942130000,26968,58068,85036
1619942430000,26756,58057,84813
1619942729000,26700,57592,84292
1619943030000,26724,57500,84224
1619943330000,26728,57526,84254
1619943630000,26724,57399,84123
1619943930000,26881,58219,85100
1619944229000,26969,58207,85176
1619944529000,27089,57883,84972
1619944830000,27122,57963,85085
1619945129000,27286,58014,85300
1619945430000,27393,57919,85312
1619945730000,27473,57468,84941
1619946029000,27508,57576,85084
1619946330000,27682,57710,85392
1619946629000,27817,57813,85630
1619946930000,27912,57854,85766
1619947229000,27955,57874,85829
1619947530000,28070,57902,85972
1619947830000,28115,58147,86262
1619948130000,28229,58009,86238
1619948430000,28255,58208,86463
1619948729000,28371,58187,86558
1619949030000,28537,58007,86544
1619949330000,28659,58129,86788
1619949629000,28650,58178,86828
1619949930000,28785,58347,87132
1619950230000,28865,58457,87322
1619950530000,28945,58617,87562
1619950829000,29028,58935,87963
1619951129000,29165,59191,88356
1619951430000,29253,59408,88661
1619951730000,29357,59420,88777
1619952030000,29413,58439,87852
1619952330000,29534,58586,88120
1619952630000,29594,58856,88450
1619952930000,29616,59152,88768
1619953230000,29787,59444,89231
1619953530000,29851,59648,89499
1619953830000,30104,59963,90067
1619954130000,30284,60272,90556
1619954429000,30599,60586,91185
1619954730000,30703,60922,91625
1619955030000,30899,60829,91728
1619955330000,31084,61436,92520
1619955630000,31276,62247,93523
1619955930000,31474,62744,94218
1619956230000,31688,63400,95088
1619956530000,31933,63715,95648
1619956829000,32255,64253,96508
1619957130000,32464,64650,97114
1619957430000,32508,65322,97830
1619957730000,32586,65611,98197
1619958030000,32794,66181,98975
1619958330000,33105,66470,99575
1619958630000,33254,66953,100207
1619958930000,33561,67200,100761
1619959230000,33944,67966,101910
1619959530000,34317,68462,102779
1619959829000,34604,69152,103756
1619960129000,34810,69722,104532
1619960430000,34952,70226,105178
1619960730000,35315,70476,105791
1619961030000,35635,70974,106609
1619961329000,35909,71771,107680
1619961630000,36111,72678,108789
1619961930000,36436,73193,109629
1619962230000,36811,73491,110302
1619962529000,37185,74035,111220
1619962830000,37448,74492,111940
1619963129000,37516,74893,112409
1619963430000,37703,75178,112881
1619963730000,37918,75583,113501
1619964030000,38227,76094,114321
1619964330000,38597,76545,115142
1619964630000,38864,77615,116479
1619964930000,39149,78293,117442
1619965230000,39307,79035,118342
1619965530000,39501,79877,119378
1619965829000,39840,80674,120514
1619966130000,40122,81417,121539
1619966430000,40420,82158,122578
1619966730000,40716,82820,123536
1619967030000,40921,83308,124229
1619967329000,41115,83787,124902
1619967630000,41375,84455,125830
1619967930000,41650,84884,126534
1619968230000,41829,85768,127597
1619968529000,42044,86277,128321
1619968830000,42119,86825,128944
1619969130000,42324,86924,129248
1619969430000,42451,86073,128524
1619969730000,42743,86333,129076
1619970030000,42985,86861,129846
1619970330000,43410,87293,130703
1619970630000,43665,87853,131518
1619970930000,43797,88116,131913
1619971230000,43648,88531,132179
1619971530000,43795,88872,132667
1619971830000,43901,89257,133158
1619972130000,44136,89637,133773
1619972430000,44336,89955,134291
1619972730000,44434,90298,134732
1619973029000,44557,90396,134953
1619973330000,44579,90296,134875
1619973630000,44716,90732,135448
1619973930000,44771,91078,135849
1619974230000,44900,91531,136431
1619974530000,45052,91951,137003
1619974830000,45156,92453,137609
1619975130000,45361,92577,137938
1619975430000,45652,93045,138697
1619975730000,45700,93512,139212
1619976030000,45851,93957,139808
1619976330000,46162,94443,140605
1619976629000,46328,94883,141211
1619976930000,46521,95637,142158
1619977229000,46611,96238,142849
1619977530000,46842,96115,142957
1619977829000,46836,96542,143378
1619978130000,47060,96935,143995
1619978429000,47135,95050,142185
1619978730000,47239,95533,142772
1619979029000,47347,96490,143837
1619979329000,47578,97946,145524
1619979630000,47836,98683,146519
1619979930000,46686,98941,145627
1619980230000,46647,97469,144116
1619980529000,46074,98109,144183
1619980834000,46308,98415,144723
1619981130000,46535,99632,146167
1619981429000,46366,100619,146985
1619981730000,46732,100932,147664
1619982030000,47632,100721,148353
1619982330000,47595,100523,148118
1619982629000,48797,101186,149983
1619982930000,48880,101628,150508
1619983229000,48725,101644,150369
1619983530000,48795,101269,150064
1619983830000,48818,99732,148550
1619984129000,49026,99436,148462
1619984430000,49067,99203,148270
1619984730000,49020,100195,149215
1619985030000,49084,101262,150346
1619985330000,49006,101616,150622
1619985629000,49019,101749,150768
1619985929000,48891,101490,150381
1619986229000,48839,101144,149983
1619986529000,48905,101305,150210
1619986830000,48677,100551,149228
1619987130000,48632,100469,149101
1619987430000,48473,100266,148739
1619987729000,48322,99778,148100
1619988030000,48188,99644,147832
1619988329000,48342,99274,147616
1619988630000,48155,98818,146973
1619988930000,47609,98428,146037
1619989229000,47580,97982,145562
1619989530000,47449,97586,145035
1619989830000,47294,97406,144700
1619990130000,47082,97107,144189
1619990430000,46914,97076,143990
1619990730000,46803,97124,143927
1619991030000,46591,96605,143196
1619991329000,46337,96514,142851
1619991630000,46052,95183,141235
1619991930000,45914,95159,141073
1619992229000,45766,95150,140916
1619992530000,45524,94456,139980
1619992830000,45357,94387,139744
1619993130000,45109,94262,139371
1619993430000,44984,93745,138729
1619993730000,44686,93534,138220
1619994030000,44476,93504,137980
1619994329000,44300,93342,137642
1619994630000,44027,92561,136588
1619994930000,43850,92486,136336
1619995230000,43710,92199,135909
1619995529000,43603,92171,135774
1619995829000,43422,92207,135629
1619996130000,43329,91914,135243
1619996430000,43021,91235,134256
1619996730000,42883,91956,134839
1619997030000,42771,91799,134570
1619997330000,42586,91902,134488
1619997630000,42578,90785,133363
1619997930000,42453,90614,133067
1619998230000,42405,90454,132859
1619998531000,42308,90385,132693
1619998830000,42311,90433,132744
1619999130000,42230,90423,132653
1619999429000,42233,90301,132534
1619999730000,42142,90227,132369
1620000029000,42141,90356,132497
1620000329000,42714,90370,133084
1620000630000,42710,90429,133139
1620000930000,42943,90442,133385
1620001230000,42663,90319,132982
1620001530000,42513,90419,132932
1620001830000,42425,90421,132846
1620002130000,42273,90520,132793
1620002430000,42296,90733,133029
1620002730000,42206,90491,132697
1620003030000,42129,90703,132832
1620003330000,41955,90526,132481
1620003629000,41800,90598,132398
1620003930000,41547,89489,131036
1620004230000,41548,87952,129500
1620004530000,41316,88172,129488
1620004830000,41253,88489,129742
1620005130000,41199,89690,130889
1620005430000,41056,90589,131645
1620005730000,40952,90498,131450
1620006029000,40729,88579,129308
1620006330000,40433,88451,128884
1620006630000,40257,88425,128682
1620006930000,40041,89204,129245
1620007230000,39935,89501,129436
1620007530000,39703,89059,128762
1620007830000,39438,87238,126676
1620008130000,39156,87025,126181
1620008430000,38932,86994,125926
1620008730000,38550,87695,126245
1620009030000,38211,87994,126205
1620009330000,37909,88408,126317
1620009630000,37651,85496,123147
1620009930000,37675,84964,122639
1620010230000,37330,85495,122825
1620010530000,37122,84845,121967
1620010830000,36814,84938,121752
1620011130000,36405,83561,119966
1620011430000,36079,82823,118902
1620011729000,35518,82209,117727
1620012029000,35263,81863,117126
1620012330000,34973,81353,116326
1620012630000,34680,81069,115749
1620012930000,34361,80262,114623
1620013229000,34180,79422,113602
1620013531000,33812,78767,112579
1620013830000,33565,78214,111779
1620014130000,33153,77449,110602
1620014430000,32744,76788,109532
1620014730000,32457,75355,107812
1620015029000,32115,74837,106952
1620015330000,31827,73773,105600
1620015630000,31562,73525,105087
1620015930000,31218,72832,104050
1620016229000,31023,72448,103471
1620016530000,30693,71495,102188
1620016829000,30321,70690,101011
1620017130000,29988,69879,99867
1620017430000,29721,69310,99031
1620017730000,29478,68553,98031
1620018030000,29231,67916,97147
1620018330000,28944,66785,95729
1620018630000,28529,66047,94576
1620018929000,28172,65280,93452
1620019230000,27895,64545,92440
1620019530000,27648,63804,91452
1620019830000,27403,63199,90602
1620020130000,27175,62723,89898
1620020430000,26926,62023,88949
1620020730000,26749,61578,88327
1620021030000,26642,60824,87466
1620021330000,26393,60169,86562
1620021629000,26103,60042,86145
1620021930000,25841,59281,85122
1620022230000,25713,59166,84879
1620022530000,25821,59104,84925
1620022830000,25771,58945,84716
1620023130000,25773,57381,83154
1620023430000,25670,57059,82729
1620023729000,25326,57692,83018
1620024030000,24067,57934,82001
1620024329000,23707,58319,82026
1620024630000,23719,58057,81776
1620024930000,23091,57770,80861
1620025230000,23038,57112,80150
1620025530000,23056,57214,80270
1620025830000,23047,57189,80236
1620026130000,23036,56972,80008
1620026430000,22908,56766,79674
1620026730000,23010,56749,79759
1620027030000,22969,56702,79671
1620027330000,23014,56160,79174
1620027630000,23023,56160,79183
1620027929000,23044,56042,79086
1620028230000,22980,55768,78748
1620028530000,22978,55466,78444
1620028830000,22907,55296,78203
1620029130000,22898,55136,78034
1620029430000,22885,55073,77958
1620029730000,23032,54919,77951
1620030030000,23172,54767,77939
1620030330000,23226,54661,77887
1620030630000,23310,54802,78112
1620030930000,23608,54620,78228
1620031230000,23824,54486,78310
1620031530000,24088,54538,78626
1620031829000,24132,54664,78796
1620032130000,24229,54800,79029
1620032430000,24263,54847,79110
1620032730000,24297,54946,79243
1620033030000,24388,54974,79362
1620033330000,24463,54006,78469
1620033630000,24619,54173,78792
1620033930000,24687,55260,79947
1620034230000,24904,55320,80224
1620034530000,24940,55345,80285
1620034830000,24941,55717,80658
1620035129000,25331,55667,80998
1620035430000,25187,55562,80749
1620035730000,25103,55760,80863
1620036029000,25180,55830,81010
1620036330000,25302,55727,81029
1620036630000,25395,55762,81157
1620036930000,25598,55949,81547
1620037229000,25603,56144,81747
1620037530000,25744,56347,82091
1620037830000,25879,56617,82496
1620038130000,26002,56719,82721
1620038430000,26039,57149,83188
1620038730000,26156,57242,83398
1620039030000,26330,57449,83779
1620039330000,26587,57850,84437
1620039629000,26704,58064,84768
1620039930000,26871,58377,85248
1620040230000,27056,58753,85809
1620040530000,27430,59124,86554
1620040830000,27780,59675,87455
1620041130000,28067,60009,88076
1620041430000,28245,60581,88826
1620041730000,28630,60934,89564
1620042030000,29021,61356,90377
1620042330000,29348,61749,91097
1620042630000,29593,62409,92002
1620042930000,29933,62857,92790
1620043230000,30282,63417,93699
1620043529000,31635,63913,95548
1620043830000,32715,64659,97374
1620044130000,33526,65248,98774
1620044430000,34240,65671,99911
1620044730000,34932,66232,101164
1620045029000,35491,66899,102390
1620045330000,36045,67489,103534
1620045630000,36582,67980,104562
1620045930000,37106,69663,106769
1620046230000,37654,69108,106762
1620046530000,38051,69838,107889
1620046830000,38372,70679,109051
1620047129000,38616,71170,109786
1620047429000,39032,72005,111037
1620047730000,39448,72747,112195
1620048030000,39880,73325,113205
1620048329000,40375,74059,114434
1620048630000,40731,74883,115614
1620048930000,41038,75409,116447
1620049229000,41403,76077,117480
1620049532000,41483,76462,117945
1620049829000,41865,77152,119017
1620050130000,42370,77499,119869
1620050430000,42638,78105,120743
1620050730000,42825,78550,121375
1620051030000,43188,79148,122336
1620051330000,43349,79812,123161
1620051629000,43730,80660,124390
1620051930000,44037,81535,125572
1620052230000,44220,82140,126360
1620052530000,44320,82969,127289
1620052830000,44699,83763,128462
1620053130000,45075,84266,129341
1620053430000,45296,84862,130158
1620053730000,45440,85524,130964
1620054030000,45636,86083,131719
1620054330000,45726,86298,132024
1620054630000,45982,87146,133128
1620054930000,46359,87557,133916
1620055230000,46573,87906,134479
1620055530000,46788,88798,135586
1620055830000,46749,88980,135729
1620056129000,46947,89432,136379
1620056431000,47267,89534,136801
1620056730000,47255,89893,137148
1620057034000,47783,90101,137884
1620057330000,48095,90482,138577
1620057630000,48003,90562,138565
1620057930000,48162,90298,138460
1620058230000,49619,90342,139961
1620058530000,49663,90809,140472
1620058830000,49835,91225,141060
1620059130000,49911,91289,141200
1620059430000,50017,91327,141344
1620059730000,50064,91501,141565
1620060030000,50210,91731,141941
1620060330000,50356,92074,142430
1620060630000,50754,92379,143133
1620060930000,51008,93037,144045
1620061230000,51060,93020,144080
1620061530000,50651,93007,143658
1620061830000,50877,93138,144015
1620062130000,51177,93656,144833
1620062430000,51146,93927,145073
1620062730000,51339,94219,145558
1620063030000,51471,94677,146148
1620063330000,51668,95214,146882
1620063630000,52033,95555,147588
1620063930000,52252,95759,148011
1620064229000,52333,96333,148666
1620064529000,52466,96845,149311
1620064830000,52761,95326,148087
1620065129000,52883,95630,148513
1620065429000,52887,96513,149400
1620065729000,53048,98066,151114
1620066030000,53083,98862,151945
1620066330000,53434,99066,152500
1620066630000,53526,99391,152917
1620066930000,53590,99470,153060
1620067230000,53847,100032,153879
1620067530000,53908,100296,154204
1620067830000,53957,100621,154578
1620068130000,54000,99782,153782
1620068430000,53949,100677,154626
1620068730000,53949,101062,155011
1620069030000,53804,101187,154991
1620069330000,53916,101392,155308
1620069630000,54111,101798,155909
1620069929000,54057,101795,155852
1620070230000,54061,101853,155914
1620070529000,54204,101915,156119
1620070830000,54242,102230,156472
1620071130000,54116,102519,156635
1620071429000,54153,101366,155519
1620071729000,54187,101614,155801
1620072030000,53977,101761,155738
1620072330000,53655,101549,155204
1620072630000,53504,101522,155026
1620072930000,53324,101393,154717
1620073230000,53169,101417,154586
1620073529000,52957,101191,154148
1620073829000,52711,100992,153703
1620074130000,52609,100398,153007
1620074430000,52478,100476,152954
1620074730000,52226,99914,152140
1620075030000,52024,99695,151719
1620075329000,51781,99302,151083
1620075629000,51358,98641,149999
1620075930000,50988,98105,149093
1620076230000,50633,97737,148370
1620076530000,50457,97457,147914
1620076830000,50255,97059,147314
1620077130000,50090,97310,147400
1620077430000,49814,96393,146207
1620077730000,49539,96320,145859
1620078030000,49303,95769,145072
1620078329000,49212,94943,144155
1620078630000,48873,94581,143454
1620078930000,48656,93902,142558
1620079230000,48309,93588,141897
1620079530000,48132,93289,141421
1620079830000,48046,93114,141160
1620080130000,47830,92650,140480
1620080430000,47725,92295,140020
1620080730000,47545,91997,139542
1620081030000,47495,91898,139393
1620081330000,47241,91546,138787
1620081630000,47119,91397,138516
1620081929000,47056,91157,138213
1620082230000,46906,91081,137987
1620082530000,46697,90981,137678
1620082830000,46601,90850,137451
1620083130000,46422,90540,136962
1620083429000,46285,90476,136761
1620083730000,46308,90239,136547
1620084030000,46148,90042,136190
1620084330000,46154,90025,136179
1620084630000,46092,90005,136097
1620084930000,45917,89830,135747
1620085230000,45844,90213,136057
1620085530000,45852,90456,136308
1620085830000,45847,90462,136309
1620086130000,45950,90549,136499
1620086430000,45951,89724,135675
1620086730000,46474,89994,136468
1620087030000,46674,89894,136568
1620087329000,46795,90247,137042
1620087629000,46717,90282,136999
1620087930000,46626,90364,136990
1620088230000,46515,90354,136869
1620088530000,46676,90534,137210
1620088830000,46748,90943,137691
1620089130000,46769,91276,138045
1620089430000,46873,91170,138043
1620089729000,47000,91271,138271
1620090030000,46687,91267,137954
1620090330000,46568,90967,137535
1620090630000,46603,91385,137988
1620090930000,46508,91432,137940
1620091230000,46343,91217,137560
1620091530000,46316,91195,137511
1620091830000,46231,91367,137598
1620092130000,46021,91136,137157
1620092430000,45766,91416,137182
1620092729000,45587,91469,137056
1620093030000,45312,91703,137015
1620093330000,45261,91479,136740
1620093630000,44950,91424,136374
1620093930000,44584,91072,135656
1620094230000,44311,91104,135415
1620094530000,43974,90732,134706
1620094830000,43704,90144,133848
1620095130000,43281,90660,133941
1620095430000,43146,90427,133573
1620095730000,42792,89210,132002
1620096030000,42485,89020,131505
1620096330000,42215,88374,130589
1620096630000,41829,87952,129781
1620096930000,41462,87205,128667
1620097230000,41113,86524,127637
1620097529000,40642,85841,126483
1620097830000,40171,85101,125272
1620098129000,39916,84393,124309
1620098430000,39488,83826,123314
1620098729000,39140,83190,122330
1620099031000,38713,82400,121113
1620099330000,38376,81697,120073
1620099630000,38108,81288,119396
1620099930000,37700,80599,118299
1620100230000,37343,79739,117082
1620100530000,37001,78915,115916
1620100830000,36696,78138,114834
1620101130000,36248,77155,113403
1620101429000,35871,76258,112129
1620101729000,35526,75657,111183
1620102029000,35198,74858,110056
1620102330000,34814,74130,108944
1620102629000,34461,73319,107780
1620102930000,34159,72835,106994
1620103230000,33814,72046,105860
1620103530000,33458,71418,104876
1620103830000,33106,70569,103675
1620104130000,32792,69824,102616
1620104430000,32418,69101,101519
1620104730000,31981,68334,100315
1620105030000,31691,67572,99263
1620105329000,31432,66807,98239
1620105630000,31135,66195,97330
1620105929000,30816,65376,96192
1620106230000,30437,64454,94891
1620106530000,30255,63482,93737
1620106829000,29979,62959,92938
1620107130000,29671,62302,91973
1620107437000,29331,61305,90636
1620107730000,29145,60679,89824
1620108029000,28893,60101,88994
1620108330000,28721,59599,88320
1620108630000,28465,59712,88177
1620108929000,28392,59928,88320
1620109230000,28210,60612,88822
1620109530000,28058,58722,86780
1620109830000,26668,58273,84941
1620110130000,26365,57887,84252
1620110429000,26190,58204,84394
1620110730000,26056,58882,84938
1620111030000,25856,59068,84924
1620111330000,25798,58740,84538
1620111630000,25715,58546,84261
1620111930000,25731,58253,83984
1620112230000,25636,57993,83629
1620112530000,25348,57537,82885
1620112830000,25349,57417,82766
1620113130000,25435,57132,82567
1620113430000,25480,56890,82370
1620113730000,25523,56778,82301
1620114030000,25652,56546,82198
1620114329000,25824,56329,82153
1620114630000,25815,56150,81965
1620114930000,25788,56464,82252
1620115230000,25844,56608,82452
1620115530000,25834,56116,81950
1620115830000,25990,56059,82049
1620116130000,26103,56142,82245
1620116429000,26099,56078,82177
1620116730000,26101,55824,81925
1620117030000,25953,55776,81729
1620117330000,25969,55727,81696
1620117630000,26001,55645,81646
1620117930000,26008,55637,81645
1620118230000,26060,55756,81816
1620118530000,25987,55716,81703
1620118830000,26116,55868,81984
1620119130000,26080,56087,82167
1620119430000,26042,56043,82085
1620119730000,26126,55820,81946
1620120030000,25995,56280,82275
1620120330000,26135,56310,82445
1620120630000,26176,56050,82226
1620120930000,26028,56102,82130
1620121230000,25862,56058,81920
1620121530000,25529,56207,81736
1620121835000,25202,56407,81609
1620122130000,24026,56412,80438
1620122430000,9099,56363,65462
1620122730000,8785,56376,65161
1620123030000,13919,56562,70481
1620123330000,16535,56412,72947
1620123630000,18102,56512,74614
1620123930000,19487,56659,76146
1620124230000,20862,57140,78002
1620124530000,22032,57363,79395
1620124829000,22944,57575,80519
1620125130000,23829,57613,81442
1620125430000,24438,57783,82221
1620125731000,25279,57951,83230
1620126029000,25969,58016,83985
1620126330000,26498,58351,84849
1620126630000,27027,58829,85856
1620126930000,27455,59256,86711
1620127230000,27857,59830,87687
1620127530000,28434,60369,88803
1620127830000,28791,60758,89549
1620128130000,29173,61156,90329
1620128430000,29637,61771,91408
1620128730000,29948,62263,92211
1620129030000,30457,62727,93184
1620129330000,30795,62910,93705
1620129630000,31055,63486,94541
1620129930000,31540,63763,95303
1620130229000,31939,64614,96553
1620130530000,32286,65073,97359
1620130830000,32568,65788,98356
1620131130000,33016,66544,99560
1620131430000,33262,67124,100386
1620131730000,33684,67687,101371
1620132030000,34189,68297,102486
1620132330000,34572,68785,103357
1620132630000,34988,69491,104479
1620132930000,35342,69608,104950
1620133230000,35710,70240,105950
1620133530000,35961,70633,106594
1620133830000,36525,71602,108127
1620134130000,36535,72318,108853
1620134429000,36928,72932,109860
1620134730000,37171,73384,110555
1620135029000,37614,73941,111555
1620135329000,38038,74428,112466
1620135630000,38403,74949,113352
1620135929000,38758,75612,114370
1620136230000,38993,76087,115080
1620136530000,39284,76482,115766
1620136830000,39635,75608,115243
1620137130000,40019,76045,116064
1620137430000,38958,76788,115746
1620137730000,39010,77465,116475
1620138030000,39183,78093,117276
1620138330000,39491,78726,118217
1620138630000,39759,79290,119049
1620138930000,39928,79963,119891
1620139229000,40257,78990,119247
1620139529000,40701,79565,120266
1620139830000,41077,80092,121169
1620140130000,41370,80276,121646
1620140429000,41652,80737,122389
1620140730000,42067,81405,123472
1620141030000,42309,81949,124258
1620141330000,42711,82636,125347
1620141630000,43075,83194,126269
1620141930000,43228,83849,127077
1620142229000,43440,84284,127724
1620142530000,43791,84752,128543
1620142830000,42854,85026,127880
1620143430000,43349,85419,128768
1620143729000,43710,85841,129551
1620144030000,43736,86039,129775
1620144330000,43690,86018,129708
1620144630000,44402,86054,130456
1620144930000,44148,86421,130569
1620145230000,44386,86835,131221
1620145530000,44916,86860,131776
1620145830000,45257,86996,132253
1620146130000,45869,87130,132999
1620146430000,46953,87471,134424
1620146730000,47661,87911,135572
1620147030000,47711,87890,135601
1620147330000,48103,88485,136588
1620147630000,48362,88875,137237
1620147929000,49042,89335,138377
1620148229000,49014,89685,138699
1620148530000,49524,90411,139935
1620148829000,50053,90753,140806
1620149130000,50294,91292,141586
1620149429000,50679,91552,142231
1620149730000,51126,92133,143259
1620150029000,49709,92431,142140
1620150330000,49727,92690,142417
1620150630000,49836,92913,142749
1620150930000,49988,93191,143179
1620151230000,49883,93335,143218
1620151530000,50098,93638,143736
1620151830000,50324,94298,144622
1620152130000,50391,94893,145284
1620152430000,50717,95454,146171
1620152730000,50965,95813,146778
1620153029000,51220,96328,147548
1620153330000,51198,96647,147845
1620153630000,51397,96923,148320
1620153930000,51495,97294,148789
1620154230000,51542,97859,149401
1620154530000,51693,97604,149297
1620154829000,51589,97501,149090
1620155130000,51422,97474,148896
1620155430000,51409,97698,149107
1620155730000,51521,97838,149359
1620156030000,51553,98037,149590
1620156330000,51317,97903,149220
1620156630000,51676,98012,149688
1620156930000,51727,98167,149894
1620157230000,51704,97989,149693
1620157530000,51707,97971,149678
1620157830000,51611,98127,149738
1620158129000,51612,98098,149710
1620158430000,51061,97939,149000
1620158730000,51037,97822,148859
1620159030000,51006,97790,148796
1620159330000,50910,97820,148730
1620159630000,50681,97607,148288
1620159930000,50526,97523,148049
1620160230000,50394,97335,147729
1620160530000,50282,97058,147340
1620160830000,50003,96743,146746
1620161130000,49815,96622,146437
1620161429000,49646,96122,145768
1620161730000,49332,95574,144906
1620162030000,48536,90018,138554
1620162330000,48299,90470,138769
1620162630000,48229,91316,139545
1620162930000,47968,91184,139152
1620163230000,48027,91289,139316
1620163535000,47870,91662,139532
1620163595000,47833,91534,139367
1620163832000,48045,91532,139577
1620163899000,47978,91517,139495
1620164134000,47831,91175,139006
1620164228000,47766,91082,138848
1620164430000,47745,91039,138784
1620164730000,47610,91011,138621
1620165029000,47512,90916,138428
1620165330000,47248,90401,137649
1620165630000,47065,90060,137125
1620165930000,46665,88447,135112
1620166230000,46567,87849,134416
1620166530000,46268,88743,135011
1620166830000,46232,88539,134771
1620167130000,46048,88157,134205
1620167429000,45864,87490,133354
1620167730000,45693,87084,132777
1620168030000,45604,86863,132467
1620168330000,45600,87090,132690
1620168630000,45396,86620,132016
1620168930000,45317,86485,131802
1620169230000,45200,86349,131549
1620169530000,45036,86384,131420
1620169830000,44972,86474,131446
1620170130000,44964,86633,131597
1620170430000,44754,86771,131525
1620170730000,44759,86545,131304
1620171030000,44633,86196,130829
1620171330000,44691,86354,131045
1620171630000,44819,86610,131429
1620171930000,44922,86605,131527
1620172230000,44746,86467,131213
1620172530000,44754,86383,131137
1620172830000,44728,86303,131031
1620173130000,45334,86193,131527
1620173430000,45360,86203,131563
1620173730000,45599,86357,131956
1620174030000,45191,86316,131507
1620174330000,45188,86574,131762
1620174630000,45118,86454,131572
1620174930000,45207,86893,132100
1620175230000,45445,87348,132793
1620175530000,45319,87593,132912
1620175830000,45187,87663,132850
1620176134000,45017,87818,132835
1620176430000,44916,87820,132736
1620176730000,44876,86763,131639
1620177030000,44860,87650,132510
1620177330000,44699,87700,132399
1620177632000,44470,86770,131240
1620177930000,44409,87397,131806
1620178229000,44252,87284,131536
1620178530000,44354,87626,131980
1620178830000,44118,87515,131633
1620179130000,43862,87313,131175
1620179431000,43451,87186,130637
1620179730000,43529,86962,130491
1620180029000,42998,86728,129726
1620180330000,42744,86383,129127
1620180630000,42490,86542,129032
1620180930000,42153,86496,128649
1620181230000,42186,86251,128437
1620181530000,41752,85568,127320
1620181829000,41563,85523,127086
1620182130000,41229,85060,126289
1620182430000,41053,84927,125980
1620182730000,40618,84257,124875
1620183030000,40349,83781,124130
1620183330000,40084,83226,123310
1620183630000,39692,82625,122317
1620183930000,39258,82308,121566
1620184230000,38872,82002,120874
1620184530000,38623,81536,120159
1620184830000,38281,80729,119010
1620185130000,37868,80160,118028
1620185430000,37479,79541,117020
1620185730000,37038,78865,115903
1620186030000,36809,78419,115228
1620186330000,36522,78061,114583
1620186634000,36237,77243,113480
1620186930000,35895,76350,112245
1620187230000,35311,75618,110929
1620187530000,35024,74935,109959
1620187830000,34745,74257,109002
1620188130000,34328,73798,108126
1620188430000,34024,72976,107000
1620188730000,33925,72269,106194
1620189029000,33556,71534,105090
1620189333000,33207,70627,103834
1620189694000,32753,69554,102307
1620189929000,32467,69162,101629
1620190230000,32161,68550,100711
1620190530000,31955,68091,100046
1620190830000,31548,67179,98727
1620191130000,31094,66700,97794
1620191429000,30955,65985,96940
1620191730000,30608,65147,95755
1620192029000,30336,64876,95212
1620192330000,30087,64310,94397
1620192630000,29737,63906,93643
1620192930000,29459,62937,92396
1620193230000,28884,62574,91458
1620193530000,28605,62208,90813
1620193829000,28378,61588,89966
1620194129000,28165,61034,89199
1620194430000,28046,60361,88407
1620194730000,27832,59494,87326
1620195029000,27640,59016,86656
1620195330000,26159,60068,86227
1620195630000,26058,59857,85915
1620195930000,25823,57767,83590
1620196230000,25835,57423,83258
1620196530000,25415,56699,82114
1620196830000,25748,57095,82843
1620197130000,25560,57791,83351
1620197430000,26515,57860,84375
1620197730000,26248,57651,83899
1620198030000,26100,57266,83366
1620198330000,26291,56800,83091
1620198630000,26201,56612,82813
1620198930000,26283,55156,81439
1620199230000,26271,55852,82123
1620199530000,26201,54809,81010
1620199830000,26134,55183,81317
1620200130000,26220,54617,80837
1620200430000,26344,55169,81513
1620200730000,26317,55517,81834
1620201030000,26301,55557,81858
1620201330000,26407,55474,81881
1620201630000,26313,55535,81848
1620201930000,24949,55402,80351
1620202230000,25677,55462,81139
1620202530000,25366,55410,80776
1620202830000,25768,55684,81452
1620203130000,25893,55264,81157
1620203430000,25870,55093,80963
1620203730000,25915,54667,80582
1620204030000,26045,54866,80911
1620204330000,26137,54954,81091
1620204630000,26110,55324,81434
1620204930000,26161,55473,81634
1620205230000,26151,55748,81899
1620205530000,26219,55021,81240
1620205830000,26282,55379,81661
1620206130000,26296,55297,81593
1620206430000,26216,55456,81672
1620206730000,26461,55235,81696
1620207030000,26394,55613,82007
1620207330000,26473,55191,81664
1620207630000,26608,55437,82045
1620207930000,26873,55342,82215
1620208230000,26994,55230,82224
1620208530000,27069,55155,82224
1620208830000,27146,55167,82313
1620209130000,27342,53729,81071
1620209430000,27331,53007,80338
1620209730000,27412,52004,79416
1620210030000,27657,50288,77945
1620210330000,27834,47175,75009
1620210630000,27531,17768,45299
1620210930000,28317,18750,47067
1620211229000,28486,25703,54189
1620211529000,28636,29790,58426
1620211829000,28761,33934,62695
1620212130000,28918,37416,66334
1620212430000,29052,40016,69068
1620212729000,29132,41114,70246
1620213029000,29351,43719,73070
1620213330000,29670,44368,74038
1620213630000,29913,46944,76857
1620213930000,30129,47087,77216
1620214230000,30323,49182,79505
1620214530000,30598,49420,80018
1620214830000,30835,51309,82144
1620215130000,31124,51763,82887
1620215430000,31409,53707,85116
1620215730000,31663,54043,85706
1620216030000,31852,55449,87301
1620216330000,32177,55457,87634
1620216630000,32428,58042,90470
1620216930000,32798,57719,90517
1620217231000,31502,59190,90692
1620217530000,31861,59298,91159
1620217830000,32125,60652,92777
1620218130000,32525,60530,93055
1620218430000,32893,62280,95173
1620218730000,33198,62290,95488
1620219030000,33489,63919,97408
1620219330000,33660,63769,97429
1620219630000,33996,65319,99315
1620219930000,34217,65839,100056
1620220230000,34460,66920,101380
1620220530000,34815,67854,102669
1620220830000,35070,68709,103779
1620221130000,35384,69160,104544
1620221430000,35703,70121,105824
1620221730000,36137,70589,106726
1620222030000,36367,71345,107712
1620222330000,36665,71821,108486
1620222630000,36816,72560,109376
1620222930000,37076,72857,109933
1620223230000,37252,73490,110742
1620223530000,37555,74162,111717
1620223830000,37837,75176,113013
1620224130000,38294,75670,113964
1620224430000,38633,76157,114790
1620224730000,38909,76722,115631
1620225030000,39197,78412,117609
1620225330000,39400,78376,117776
1620225630000,39682,79339,119021
1620225930000,40165,79891,120056
1620226230000,40428,80771,121199
1620226530000,40527,81064,121591
1620226829000,40716,81442,122158
1620227129000,40830,82842,123672
1620227429000,41028,83918,124946
1620227729000,41311,84323,125634
1620228030000,41369,85006,126375
1620228330000,41525,85320,126845
1620228630000,41695,85758,127453
1620228929000,41683,85890,127573
1620229230000,41937,85957,127894
1620229529000,42184,86018,128202
1620229830000,42410,86265,128675
1620230130000,42516,86306,128822
1620230430000,42575,85982,128557
1620230730000,42722,85930,128652
1620231030000,42788,86067,128855
1620231330000,43033,86363,129396
1620231630000,43238,86479,129717
1620231930000,43345,86608,129953
1620232230000,43485,86760,130245
1620232530000,43036,86102,129138
1620232830000,43234,86348,129582
1620233130000,43157,86233,129390
1620233430000,43513,86526,130039
1620233730000,43643,85195,128838
1620234030000,43702,85371,129073
1620234329000,43875,85723,129598
1620234630000,44176,86379,130555
1620234930000,44425,86935,131360
1620235230000,44690,86988,131678
1620235530000,44973,87466,132439
1620235830000,45170,88050,133220
1620236130000,45401,88438,133839
1620236430000,45589,88743,134332
1620236730000,45771,90388,136159
1620237030000,46097,90673,136770
1620237330000,46234,91597,137831
1620237630000,46389,91012,137401
1620237930000,46742,91677,138419
1620238230000,46904,92361,139265
1620238530000,47014,93148,140162
1620238830000,47225,93731,140956
1620239130000,47014,94089,141103
1620239430000,48004,94475,142479
1620239730000,47430,94738,142168
1620240030000,47653,94780,142433
1620240330000,47515,95072,142587
1620240630000,48778,95324,144102
1620240930000,48963,95257,144220
1620241230000,48970,94964,143934
1620241530000,48863,94668,143531
1620241830000,48874,94724,143598
1620242130000,49042,95122,144164
1620242430000,48936,95238,144174
1620242730000,48955,95112,144067
1620243030000,48955,94948,143903
1620243330000,48862,94992,143854
1620243629000,48960,95528,144488
1620243930000,48992,95600,144592
1620244230000,49063,95542,144605
1620244529000,48999,95537,144536
1620244829000,48827,95522,144349
1620245129000,48695,95126,143821
1620245430000,48604,94905,143509
1620245730000,48409,95036,143445
1620246030000,48194,94887,143081
1620246330000,48250,94439,142689
1620246630000,48082,94321,142403
1620246930000,47967,94304,142271
1620247231000,47902,94070,141972
1620247529000,47692,94032,141724
1620247830000,47510,93701,141211
1620248129000,47230,93204,140434
1620248430000,46980,92957,139937
1620248730000,46697,92634,139331
1620249029000,46470,90966,137436
1620249329000,46089,90612,136701
1620249629000,46042,91065,137107
1620249929000,45902,90606,136508
1620250230000,45864,90539,136403
1620250529000,45651,89385,135036
1620250829000,45550,88939,134489
1620251129000,45389,88419,133808
1620251429000,45179,88098,133277
1620251729000,45122,87701,132823
1620252030000,44769,87290,132059
1620252329000,44551,86754,131305
1620252630000,44416,86341,130757
1620252930000,44124,86104,130228
1620253229000,43970,85558,129528
1620253530000,43698,85520,129218
1620253829000,43432,85331,128763
1620254130000,43403,85086,128489
1620254429000,43354,85282,128636
1620254730000,43208,84814,128022
1620255031000,43053,84783,127836
1620255330000,43648,84543,128191
1620255629000,43108,83744,126852
1620255930000,42681,83993,126674
1620256230000,42568,83863,126431
1620256530000,42871,83854,126725
1620256830000,42615,83861,126476
1620257129000,42491,83271,125762
1620257430000,42449,83219,125668
1620257730000,42354,83093,125447
1620258030000,42445,83254,125699
1620258330000,42404,83296,125700
1620258633000,42278,83250,125528
1620258930000,42196,83262,125458
1620259230000,42273,83409,125682
1620259530000,42870,83283,126153
1620259830000,43288,83267,126555
1620260130000,43229,83438,126667
1620260430000,43184,83251,126435
1620260730000,43141,83445,126586
1620261029000,43081,83602,126683
1620261330000,43189,84015,127204
1620261630000,43058,84098,127156
1620261929000,43099,84326,127425
1620262230000,43016,84764,127780
1620262530000,43058,84775,127833
1620262830000,42997,84878,127875
1620263130000,42779,84878,127657
1620263430000,42761,85185,127946
1620263730000,42616,85083,127699
1620264030000,42542,85256,127798
1620264335000,42367,85224,127591
1620264629000,42360,85078,127438
1620264930000,42110,85141,127251
1620265230000,42022,85496,127518
1620265530000,41818,85317,127135
1620265830000,41647,85263,126910
1620266130000,41456,85289,126745
1620266430000,41342,85050,126392
1620266730000,41028,84889,125917
1620267030000,40785,84713,125498
1620267330000,40621,84620,125241
1620267630000,40272,84292,124564
1620267929000,40173,84230,124403
1620268229000,39881,84253,124134
1620268530000,39424,83628,123052
1620268830000,39300,83271,122571
1620269130000,39094,82958,122052
1620269430000,38837,82424,121261
1620269730000,38538,81987,120525
1620270030000,38113,81464,119577
1620270330000,37844,80726,118570
1620270630000,37491,80318,117809
1620270929000,37233,79864,117097
1620271230000,36838,79359,116197
1620271531000,36448,78848,115296
1620271829000,35983,78038,114021
1620272130000,35449,77650,113099
1620272430000,35264,77310,112574
1620272730000,34858,76451,111309
1620273030000,34529,75454,109983
1620273330000,34413,74733,109146
1620273630000,33760,73926,107686
1620273930000,33463,73276,106739
1620274230000,33177,72443,105620
1620274529000,32832,71884,104716
1620274830000,32508,71032,103540
1620275130000,32214,70450,102664
1620275430000,31905,69663,101568
1620275730000,31570,68869,100439
1620276030000,31242,68248,99490
1620276330000,30925,67615,98540
1620276629000,30656,66753,97409
1620276929000,30299,66294,96593
1620277230000,29822,65345,95167
1620277530000,29553,64229,93782
1620277830000,29274,63547,92821
1620278130000,29053,63038,92091
1620278430000,28774,62487,91261
1620278729000,28500,62012,90512
1620279030000,28112,61261,89373
1620279331000,27656,59964,87620
1620279630000,27606,59845,87451
1620279930000,27426,59716,87142
1620280229000,27245,59324,86569
1620280529000,27100,58850,85950
1620280830000,26848,58174,85022
1620281130000,25334,57451,82785
1620281430000,24905,57224,82129
1620281730000,25214,56714,81928
1620282030000,25052,56069,81121
1620282330000,25215,55805,81020
1620282630000,25557,55232,80789
1620282930000,25275,55023,80298
1620283230000,25701,54844,80545
1620283530000,26263,54759,81022
1620283829000,26330,54318,80648
1620284130000,26229,54160,80389
1620284430000,26276,53795,80071
1620284730000,26219,53759,79978
1620285030000,26204,53558,79762
1620285330000,26084,54434,80518
1620285630000,25926,54574,80500
1620285930000,26008,52799,78807
1620286230000,25964,52481,78445
1620286530000,25849,51935,77784
1620286830000,25882,52233,78115
1620287130000,25933,53292,79225
1620287430000,25822,53629,79451
1620287730000,25847,53527,79374
1620288030000,25940,53576,79516
1620288330000,26225,53339,79564
1620288630000,26467,53431,79898
1620288930000,26500,52972,79472
1620289230000,26548,53150,79698
1620289530000,26686,52722,79408
1620289830000,26847,53034,79881
1620290130000,26872,52425,79297
1620290430000,26989,52914,79903
1620290730000,27022,52451,79473
1620291032000,27067,52859,79926
1620291330000,27270,52568,79838
1620291630000,26223,52725,78948
1620291930000,26178,52536,78714
1620292229000,26246,52920,79166
1620292530000,26377,52968,79345
1620292829000,26469,53315,79784
1620293130000,26594,53138,79732
1620293430000,26613,53347,79960
1620293730000,26645,53159,79804
1620294030000,26791,53323,80114
1620294330000,26939,53197,80136
1620294630000,27022,53480,80502
1620294930000,27187,53385,80572
1620295230000,27280,53687,80967
1620295530000,27341,53416,80757
1620295830000,27449,53762,81211
1620296130000,27726,53883,81609
1620296429000,27913,54270,82183
1620296730000,27994,55461,83455
1620297030000,28125,56234,84359
1620297330000,28394,56216,84610
1620297630000,28574,56881,85455
1620297930000,28752,56723,85475
1620298230000,28941,57103,86044
1620298529000,28803,57000,85803
1620298830000,29090,57389,86479
1620299130000,29240,57517,86757
1620299430000,29386,57546,86932
1620299730000,29903,57744,87647
1620300030000,30205,58421,88626
1620300330000,30472,58761,89233
1620300630000,30695,59314,90009
1620300930000,30881,59604,90485
1620301230000,31143,60138,91281
1620301530000,31390,60371,91761
1620301830000,31629,61054,92683
1620302130000,31855,61430,93285
1620302430000,32022,62292,94314
1620303100000,32635,63453,96088
1620303330000,32741,63791,96532
1620303630000,33046,64524,97570
1620303930000,33391,65032,98423
1620304229000,33645,65984,99629
1620304530000,33824,66535,100359
1620304830000,34466,67317,101783
1620305130000,34518,67542,102060
1620305430000,34941,68328,103269
1620305731000,35301,68647,103948
1620306030000,35540,70825,106365
1620306329000,35820,70099,105919
1620306630000,36247,70865,107112
1620306930000,36695,71325,108020
1620307230000,37080,72063,109143
1620307530000,37399,72569,109968
1620307830000,37726,73152,110878
1620308130000,37813,73392,111205
1620308430000,37874,73971,111845
1620308730000,38295,74186,112481
1620309030000,38527,74958,113485
1620309330000,38908,75177,114085
1620309630000,39549,75937,115486
1620309930000,39793,76372,116165
1620310230000,40211,76307,116518
1620310530000,40591,76081,116672
1620310830000,40853,76713,117566
1620311130000,38876,77523,116399
1620311430000,38992,78354,117346
1620311729000,39219,78354,117573
1620312030000,39448,79341,118789
1620312330000,39609,79824,119433
1620312630000,39857,80218,120075
1620312930000,40047,80775,120822
1620313230000,40358,80964,121322
1620313530000,40682,81662,122344
1620313830000,41057,82434,123491
1620314130000,41448,83165,124613
1620314430000,41789,83685,125474
1620314730000,42018,84027,126045
1620315030000,42335,84247,126582
1620315330000,42569,84555,127124
1620315630000,42775,84874,127649
1620315930000,43044,84598,127642
1620316230000,43230,84961,128191
1620316530000,43428,85259,128687
1620316830000,43469,84961,128430
1620317130000,43492,84978,128470
1620317430000,43837,85077,128914
1620317730000,43936,85601,129537
1620318030000,44140,86003,130143
1620318330000,44348,86230,130578
1620318630000,44688,85864,130552
1620318930000,44962,86090,131052
1620319230000,45185,86347,131532
1620319530000,45479,86523,132002
1620319830000,45690,86865,132555
1620320130000,46002,87294,133296
1620320430000,46286,87474,133760
1620320730000,46393,87800,134193
1620321030000,46579,88125,134704
1620321330000,46974,88561,135535
1620321630000,47198,88747,135945
1620321930000,47521,89049,136570
1620322230000,47664,89439,137103
1620322530000,47916,89487,137403
1620322830000,48210,90219,138429
1620323130000,48390,90628,139018
1620323430000,48601,90682,139283
1620323730000,48728,90905,139633
1620324030000,48894,89933,138827
1620324330000,48912,90384,139296
1620324630000,49099,91292,140391
1620324929000,49307,92240,141547
1620325230000,49468,91315,140783
1620325530000,49545,92863,142408
1620325829000,49683,93226,142909
1620326129000,49869,93424,143293
1620326430000,49984,93702,143686
1620326730000,49042,93931,142973
1620327030000,48805,94405,143210
1620327329000,50039,94581,144620
1620327630000,48506,94489,142995
1620327930000,45284,94460,139744
1620328230000,45744,94656,140400
1620328530000,45863,94831,140694
1620328830000,46206,95059,141265
1620329130000,46156,95013,141169
1620329430000,46065,95107,141172
1620329730000,47407,95265,142672
1620330030000,47220,95384,142604
1620330330000,47342,95318,142660
1620330629000,47146,95070,142216
1620330930000,47083,95179,142262
1620331230000,47010,95094,142104
1620331529000,47155,94742,141897
1620331830000,46956,94824,141780
1620332130000,47056,95200,142256
1620332430000,46857,95410,142267
1620332730000,46752,95238,141990
1620333030000,46600,94061,140661
1620333330000,46476,93575,140051
1620333630000,46305,93785,140090
1620333930000,46164,94152,140316
1620334230000,45973,93866,139839
1620334530000,45752,93557,139309
1620334830000,45498,92353,137851
1620335130000,45085,91653,136738
1620335430000,44971,91493,136464
1620335730000,44819,91838,136657
1620336030000,44591,91442,136033
1620336330000,44547,91362,135909
1620336630000,44354,91324,135678
1620336930000,44150,90986,135136
1620337230000,44114,90864,134978
1620337530000,43922,90235,134157
1620337830000,43627,89807,133434
1620338130000,43459,89283,132742
1620338429000,43195,88748,131943
1620338730000,42866,87040,129906
1620339030000,42624,87766,130390
1620339330000,42435,87527,129962
1620339632000,42377,87334,129711
1620339929000,42204,86875,129079
1620340230000,42084,86391,128475
1620340530000,41862,86188,128050
1620340840000,41757,86285,128042
1620341129000,41670,86189,127859
1620341430000,41521,86151,127672
1620341730000,41379,85824,127203
1620342030000,41405,85523,126928
1620342329000,41115,85286,126401
1620342630000,41079,85300,126379
1620342930000,40888,85400,126288
1620343230000,40856,85688,126544
1620343529000,40874,85541,126415
1620343830000,40901,85349,126250
1620344130000,40923,85233,126156
1620344429000,40817,85609,126426
1620344730000,40865,85484,126349
1620345030000,40881,85665,126546
1620345330000,40451,85645,126096
1620345630000,40662,85553,126215
1620345930000,41475,85714,127189
1620346230000,41525,85692,127217
1620346530000,41616,85717,127333
1620346830000,41457,85848,127305
1620347129000,41546,85857,127403
1620347430000,41627,86137,127764
1620347730000,41670,86588,128258
1620348029000,41682,86742,128424
1620348330000,41749,87076,128825
1620348630000,41814,87440,129254
1620348930000,41828,87699,129527
1620349230000,41799,87756,129555
1620349530000,41670,87632,129302
1620349830000,41435,87689,129124
1620350130000,41308,87799,129107
1620350430000,41059,87981,129040
1620350730000,40777,88135,128912
1620351030000,40768,86888,127656
1620351330000,40733,87408,128141
1620351630000,40575,87752,128327
1620351930000,40405,88080,128485
1620352230000,40280,88364,128644
1620352530000,40111,88242,128353
1620352830000,39962,87266,127228
1620353130000,39543,87263,126806
1620353430000,39384,87444,126828
1620353730000,39154,87529,126683
1620354029000,38928,87865,126793
1620354330000,39038,87340,126378
1620354630000,38514,86848,125362
1620354929000,38373,86841,125214
1620355230000,38187,86357,124544
1620355530000,37891,84408,122299
1620355830000,37608,84478,122086
1620356130000,37367,84143,121510
1620356430000,37102,83797,120899
1620356730000,36663,83506,120169
1620357030000,36367,83218,119585
1620357330000,35966,82481,118447
1620357630000,35834,82471,118305
1620357930000,35643,81948,117591
1620358230000,35334,81322,116656
1620358530000,35025,80599,115624
1620358830000,34768,79771,114539
1620359130000,34401,79200,113601
1620359430000,34087,78573,112660
1620359730000,33872,78148,112020
1620360030000,33462,77454,110916
1620360330000,32999,76309,109308
1620360630000,32663,75561,108224
1620360930000,32399,74964,107363
1620361230000,32016,74234,106250
1620361530000,31664,73491,105155
1620361830000,31362,72690,104052
1620362130000,31089,72171,103260
1620362430000,30760,71517,102277
1620362730000,30400,71010,101410
1620363030000,30029,70352,100381
1620363330000,29670,69788,99458
1620363630000,29325,69011,98336
1620363930000,28956,68071,97027
1620364229000,28676,67460,96136
1620364529000,28318,66722,95040
1620364830000,28002,66241,94243
1620365129000,27740,65742,93482
1620365430000,27523,65200,92723
1620365730000,27429,64695,92124
1620366030000,27425,64212,91637
1620366330000,27090,63726,90816
1620366631000,27438,63271,90709
1620366930000,26954,62556,89510
1620367230000,26600,60929,87529
1620367530000,25020,60205,85225
1620367830000,25865,60068,85933
1620368130000,24601,60626,85227
1620368430000,24716,60676,85392
1620368730000,24327,58878,83205
1620369030000,25002,58334,83336
1620369330000,24912,57890,82802
1620369630000,25355,57445,82800
1620369930000,25729,57108,82837
1620370229000,25611,56823,82434
1620370529000,25382,56426,81808
1620370830000,25247,56273,81520
1620371129000,25104,55969,81073
1620371430000,24763,56270,81033
1620371730000,24678,57009,81687
1620372029000,24734,57378,82112
1620372329000,24763,55917,80680
1620372629000,24722,54039,78761
1620372929000,24659,53272,77931
1620373230000,24715,54146,78861
1620373530000,24751,54864,79615
1620373830000,24706,55248,79954
1620374130000,24669,55045,79714
1620374430000,24735,54865,79600
1620374730000,24661,54448,79109
1620375030000,24864,54652,79516
1620375330000,24966,54372,79338
1620375630000,25103,54409,79512
1620375930000,25180,54098,79278
1620376230000,25226,54127,79353
1620376532000,25287,53998,79285
1620376830000,25315,54114,79429
1620377130000,25427,54060,79487
1620377430000,25465,54064,79529
1620377730000,25475,53650,79125
1620378030000,25492,53496,78988
1620378330000,25585,53135,78720
1620378630000,25633,53172,78805
1620378930000,25739,53195,78934
1620379230000,25730,53319,79049
1620379530000,25742,53125,78867
1620379830000,25792,53409,79201
1620380130000,25899,53232,79131
1620380430000,26086,53585,79671
1620380730000,26053,53662,79715
1620381030000,25918,53745,79663
1620381330000,26017,53661,79678
1620381630000,26083,53843,79926
1620381930000,26220,54027,80247
1620382230000,26296,54504,80800
1620382530000,26427,54321,80748
1620382830000,26650,55021,81671
1620383130000,26834,55021,81855
1620383430000,27129,54588,81717
1620383730000,27427,54864,82291
1620384030000,26832,55173,82005
1620384330000,26936,55424,82360
1620384630000,27086,55779,82865
1620384931000,27172,55742,82914
1620385230000,27258,56098,83356
1620385530000,27380,56187,83567
1620385830000,27488,56348,83836
1620386130000,27734,56983,84717
1620386430000,28010,57695,85705
1620386730000,28307,57861,86168
1620387030000,28507,58448,86955
1620387330000,28698,58711,87409
1620387630000,28927,59365,88292
1620387930000,29112,59661,88773
1620388230000,29428,60192,89620
1620388530000,29790,60718,90508
1620388830000,30053,61103,91156
1620389130000,30452,61418,91870
1620389430000,30833,62130,92963
1620389730000,31292,62895,94187
1620390030000,31634,63726,95360
1620390330000,31933,64212,96145
1620390630000,32232,65081,97313
1620390930000,32587,65527,98114
1620391230000,33115,66327,99442
1620391530000,33544,67120,100664
1620391829000,33072,67718,100790
1620392130000,33192,68304,101496
1620392430000,33366,68894,102260
1620392730000,33669,69343,103012
1620393030000,34062,70178,104240
1620393330000,34420,70594,105014
1620393630000,34824,71369,106193
1620393930000,35235,71932,107167
1620394230000,35512,72523,108035
1620394529000,35892,72869,108761
1620394830000,36271,73200,109471
1620395130000,36519,73292,109811
1620395430000,36827,73456,110283
1620395730000,37088,73829,110917
1620396029000,37466,74164,111630
1620396330000,37796,74357,112153
1620396630000,36917,74870,111787
1620396930000,37159,75490,112649
1620397230000,37596,76233,113829
1620397530000,37936,76796,114732
1620397830000,38275,77644,115919
1620398130000,38731,78521,117252
1620398430000,39110,79383,118493
1620398730000,39421,79838,119259
1620399030000,39867,80726,120593
1620399330000,40041,81387,121428
1620399629000,40321,81652,121973
1620399930000,40516,82254,122770
1620400230000,40706,82756,123462
1620400530000,40879,83080,123959
1620400830000,41129,83186,124315
1620401130000,41284,83632,124916
1620401430000,40033,83922,123955
1620401730000,40075,84145,124220
1620402030000,40269,84527,124796
1620402330000,40371,84298,124669
1620402630000,40553,84712,125265
1620402930000,40706,84987,125693
1620403230000,40745,84613,125358
1620403530000,40702,84683,125385
1620403829000,40706,84846,125552
1620404130000,40636,84653,125289
1620404430000,40541,84974,125515
1620404730000,40661,84767,125428
1620405030000,40861,84807,125668
1620405330000,40877,84948,125825
1620405630000,40990,85055,126045
1620405930000,41142,84942,126084
1620406230000,41224,85010,126234
1620406530000,41149,84965,126114
1620406830000,41153,84902,126055
1620407130000,41447,85195,126642
1620407430000,41668,85578,127246
1620407730000,41745,85816,127561
1620408030000,41879,86325,128204
1620408330000,42186,86796,128982
1620408630000,42261,86967,129228
1620408930000,42378,87356,129734
1620409230000,42467,87682,130149
1620409530000,42553,87706,130259
1620409830000,42653,88216,130869
1620410130000,42871,88270,131141
1620410430000,43049,86228,129277
1620410729000,43152,86712,129864
1620411030000,43320,87671,130991
1620411330000,43407,89449,132856
1620411629000,43524,88573,132097
1620411930000,43717,89680,133397
1620412230000,43989,90346,134335
1620412530000,44089,91104,135193
1620412830000,44119,91242,135361
1620413130000,44219,91508,135727
1620413430000,43208,92136,135344
1620413730000,44040,92273,136313
1620414030000,43366,91943,135309
1620414330000,43183,92295,135478
1620414630000,43348,92929,136277
1620414929000,43368,93098,136466
1620415230000,43439,93418,136857
1620415530000,44695,93614,138309
1620415830000,44584,93571,138155
1620416130000,44763,94605,139368
1620416498000,44968,95339,140307
1620416730000,44981,94812,139793
1620417030000,45308,93880,139188
1620417329000,45257,94092,139349
1620417629000,45014,94410,139424
1620417930000,44922,94483,139405
1620418230000,44961,94672,139633
1620418530000,44929,94736,139665
1620418830000,44866,94458,139324
1620419130000,44929,94757,139686
1620419430000,45025,94814,139839
1620419730000,44944,94735,139679
1620420030000,44971,95110,140081
1620420330000,44994,94695,139689
1620420630000,44977,94663,139640
1620420930000,44780,94441,139221
1620421230000,44747,94141,138888
1620421530000,44581,93642,138223
1620421830000,44561,93785,138346
1620422130000,44500,93713,138213
1620422430000,44297,93296,137593
1620422730000,44167,93268,137435
1620423030000,43989,93160,137149
1620423330000,43818,92268,136086
1620423630000,43733,92800,136533
1620423929000,43675,92554,136229
1620424230000,43490,91630,135120
1620424530000,43448,91350,134798
1620424830000,43368,90907,134275
1620425130000,43188,90225,133413
1620425430000,43039,90437,133476
1620425730000,42999,89870,132869
1620426030000,42696,89581,132277
1620426330000,42527,89118,131645
1620426630000,42360,89225,131585
1620426930000,42035,89014,131049
1620427230000,41974,89090,131064
1620427530000,41735,88421,130156
1620427830000,41557,88076,129633
1620428130000,41505,88049,129554
1620428430000,41400,87735,129135
1620428730000,41303,87408,128711
1620429030000,41311,87197,128508
1620429330000,41238,87213,128451
1620429630000,41060,87070,128130
1620429930000,41036,86943,127979
1620430230000,40990,86640,127630
1620430529000,40936,86507,127443
1620430830000,40990,86472,127462
1620431129000,40799,86133,126932
1620431430000,40818,86143,126961
1620431730000,40822,85619,126441
1620432030000,40743,85540,126283
1620432330000,41109,85204,126313
1620432630000,41162,85149,126311
1620432930000,41163,85364,126527
1620433230000,41132,85355,126487
1620433530000,40977,85685,126662
1620433830000,40975,85365,126340
1620434130000,40951,85955,126906
1620434430000,40930,86330,127260
1620434730000,40886,86663,127549
1620435030000,40850,87112,127962
1620435330000,40821,87045,127866
1620435630000,40727,87089,127816
1620435930000,40641,87169,127810
1620436230000,40547,87408,127955
1620436530000,40495,87558,128053
1620436829000,40460,87666,128126
1620437130000,40376,87510,127886
1620437430000,40246,87730,127976
1620437730000,40144,87439,127583
1620438030000,40051,86831,126882
1620438330000,40185,87006,127191
1620438630000,40087,86876,126963
1620438930000,39917,86772,126689
1620439230000,39509,86741,126250
1620439530000,39422,86408,125830
1620439830000,39517,86269,125786
1620440130000,39169,85366,124535
1620440430000,38903,85609,124512
1620440730000,38780,85831,124611
1620441030000,38690,86059,124749
1620441330000,38666,86186,124852
1620441631000,38431,86217,124648
1620441930000,38324,86124,124448
1620442230000,38179,85937,124116
1620442529000,37965,85230,123195
1620442830000,37681,85104,122785
1620443130000,37523,84699,122222
1620443430000,37309,84605,121914
1620443730000,37039,84227,121266
1620444030000,36884,84038,120922
1620444330000,36624,83301,119925
1620444630000,36348,82883,119231
1620444930000,36171,82509,118680
1620445230000,35956,82100,118056
1620445530000,35428,81381,116809
1620445830000,34982,80636,115618
1620446130000,34702,80332,115034
1620446429000,34424,79903,114327
1620446730000,34079,79051,113130
1620447030000,33849,78485,112334
1620447330000,33530,77909,111439
1620447630000,33271,77352,110623
1620447930000,32969,76741,109710
1620448230000,32687,76154,108841
1620448529000,32470,75381,107851
1620448830000,32243,74955,107198
1620449130000,32083,74517,106600
1620449429000,31744,73974,105718
1620449730000,31511,73508,105019
1620450030000,31265,72890,104155
1620450329000,30984,72051,103035
1620450630000,30645,71251,101896
1620450930000,30459,70608,101067
1620451230000,29978,70114,100092
1620451530000,29797,69471,99268
1620451830000,29532,68926,98458
1620452130000,29361,68136,97497
1620452430000,29179,67633,96812
1620452729000,28942,67125,96067
1620453030000,28760,66398,95158
1620453330000,28419,65973,94392
1620453630000,28287,65238,93525
1620453930000,26632,64539,91171
1620454230000,26693,63938,90631
1620454530000,26224,63007,89231
1620454830000,26177,62501,88678
1620455130000,25793,61545,87338
1620455430000,26502,60998,87500
1620455730000,26380,60219,86599
1620456030000,26278,59654,85932
1620456359000,27273,59069,86342
1620456630000,26942,57861,84803
1620456930000,26842,57651,84493
1620457230000,26740,57249,83989
1620457530000,26666,56921,83587
1620457830000,26528,57410,83938
1620458130000,26381,58024,84405
1620458430000,26418,58004,84422
1620458730000,26393,56297,82690
1620459030000,26294,55795,82089
1620459330000,26296,54874,81170
1620459630000,26395,55226,81621
1620459930000,26485,56303,82788
1620460230000,26448,57535,83983
1620460530000,26481,57399,83880
1620460830000,26416,57159,83575
1620461130000,26484,56877,83361
1620461430000,26184,56750,82934
1620461730000,25798,56631,82429
1620462030000,25781,56640,82421
1620462329000,25764,56569,82333
1620462630000,25761,56709,82470
1620462930000,25861,56504,82365
1620463230000,26158,56491,82649
1620463530000,26219,56510,82729
1620463830000,26239,56429,82668
1620464130000,26377,56383,82760
1620464430000,26587,56270,82857
1620464730000,26742,56249,82991
1620465029000,26874,56468,83342
1620465330000,27083,56440,83523
1620465631000,27252,56408,83660
1620465930000,27448,56447,83895
1620466230000,27513,56476,83989
1620466529000,27646,56365,84011
1620466830000,27839,56675,84514
1620467129000,27926,56668,84594
1620467430000,28111,56902,85013
1620467731000,28249,56930,85179
1620468030000,28336,57010,85346
1620468330000,28349,56870,85219
1620468631000,28461,57033,85494
1620468930000,28449,57238,85687
1620469230000,28580,57379,85959
1620469530000,28849,57587,86436
1620469829000,29008,57763,86771
1620470130000,29214,58000,87214
1620470429000,29404,58147,87551
1620470730000,29552,58464,88016
1620471030000,29757,58297,88054
1620471330000,29750,58403,88153
1620471630000,29947,58959,88906
1620471929000,30065,59347,89412
1620472230000,30324,59881,90205
1620472530000,30531,60250,90781
1620472830000,30794,60690,91484
1620473130000,31065,61201,92266
1620473430000,31322,61160,92482
1620473730000,31530,61863,93393
1620474030000,31734,62184,93918
1620474330000,31986,62733,94719
1620474630000,32163,63363,95526
1620474930000,32336,63714,96050
1620475230000,32560,64298,96858
1620475530000,32764,64830,97594
1620475830000,33107,65290,98397
1620476130000,33291,65782,99073
1620476430000,33519,66029,99548
1620476730000,33761,66448,100209
1620477030000,33969,67073,101042
1620477330000,34353,67694,102047
1620477631000,34928,68252,103180
1620477930000,35237,68952,104189
1620478230000,35552,69131,104683
1620478529000,35793,69718,105511
1620478830000,35973,70047,106020
1620479130000,36200,70369,106569
1620479430000,36627,70894,107521
1620479730000,36981,71070,108051
1620480030000,37270,71594,108864
1620480330000,37438,72244,109682
1620480629000,37722,72792,110514
1620480930000,37823,73225,111048
1620481230000,38297,73779,112076
1620481530000,38586,74203,112789
1620481830000,38902,74620,113522
1620482130000,39111,75049,114160
1620482430000,39280,75505,114785
1620482730000,39561,76205,115766
1620483029000,39815,76364,116179
1620483330000,40091,77225,117316
1620483630000,40267,77894,118161
1620483929000,40484,78454,118938
1620484231000,40781,78783,119564
1620484530000,41069,79651,120720
1620484830000,41416,80142,121558
1620485130000,41611,81007,122618
1620485430000,41852,81445,123297
1620485729000,42087,81810,123897
1620486030000,42223,81926,124149
1620486330000,42395,82397,124792
1620486630000,42609,83168,125777
1620486930000,42796,83698,126494
1620487230000,42783,84132,126915
1620487530000,42851,84534,127385
1620487830000,43035,84800,127835
1620488130000,43158,85155,128313
1620488430000,43219,85535,128754
1620488730000,43389,85709,129098
1620489030000,43482,86042,129524
1620489329000,43645,86111,129756
1620489630000,43643,86242,129885
1620489930000,43737,86096,129833
1620490230000,43791,86183,129974
1620490530000,43886,85922,129808
1620490829000,44000,86429,130429
1620491130000,44000,86635,130635
1620491430000,44133,86877,131010
1620491730000,44284,87029,131313
1620492030000,44367,87338,131705
1620492330000,44471,87166,131637
1620492630000,44505,87357,131862
1620492929000,44696,87666,132362
1620493230000,44654,88111,132765
1620493530000,44796,88694,133490
1620493829000,44935,88347,133282
1620494129000,45002,88569,133571
1620494430000,45125,88916,134041
1620494730000,45221,89509,134730
1620495029000,45341,89748,135089
1620495330000,45495,90192,135687
1620495630000,45691,90693,136384
1620495930000,45862,90667,136529
1620496229000,45908,91196,137104
1620496530000,45894,91036,136930
1620496831000,46054,89767,135821
1620497130000,46220,89862,136082
1620497430000,46402,90505,136907
1620497729000,46389,91274,137663
1620498030000,46464,91764,138228
1620498330000,46629,91632,138261
1620498630000,46768,92187,138955
1620498930000,46964,92364,139328
1620499230000,47198,92587,139785
1620499529000,46933,92777,139710
1620499830000,46204,93174,139378
1620500130000,45852,93586,139438
1620500430000,45810,93726,139536
1620500730000,45443,93883,139326
1620501031000,45850,94011,139861
1620501330000,45897,94396,140293
1620501630000,46310,94565,140875
1620501930000,46663,94917,141580
1620502230000,46745,95074,141819
1620502530000,47822,95670,143492
1620502830000,47982,95541,143523
1620503130000,48035,96136,144171
1620503430000,48082,96107,144189
1620503730000,48048,96454,144502
1620504030000,48022,96476,144498
1620504330000,47953,96156,144109
1620504630000,48079,96523,144602
1620504929000,48084,96717,144801
1620505230000,48145,96308,144453
1620505529000,48069,96380,144449
1620505829000,48017,96471,144488
1620506130000,48001,96563,144564
1620506430000,47895,97149,145044
1620506729000,47802,97555,145357
1620507030000,47708,96124,143832
1620507330000,47658,95816,143474
1620507630000,47572,95574,143146
1620507930000,47465,95646,143111
1620508230000,47355,95213,142568
1620508530000,47211,95942,143153
1620508830000,47132,95626,142758
1620509130000,47004,95569,142573
1620509430000,46945,95387,142332
1620509730000,46925,95101,142026
1620510030000,46698,94864,141562
1620510330000,46620,94465,141085
1620510630000,46390,94027,140417
1620510930000,46283,93740,140023
1620511231000,45995,93264,139259
1620511529000,45813,92375,138188
1620511830000,45609,92339,137948
1620512130000,45358,91561,136919
1620512430000,45159,91271,136430
1620512730000,44893,91286,136179
1620513030000,44635,91063,135698
1620513330000,44433,90583,135016
1620513630000,44297,90192,134489
1620513930000,44113,90078,134191
1620514229000,43818,89849,133667
1620514529000,43662,89873,133535
1620514830000,43428,89629,133057
1620515130000,43234,89021,132255
1620515430000,43072,88775,131847
1620515729000,42860,88488,131348
1620516030000,42731,88240,130971
1620516330000,42555,87943,130498
1620516630000,42384,87836,130220
1620516930000,42348,87462,129810
1620517230000,42309,87583,129892
1620517530000,42269,86993,129262
1620517829000,42281,86670,128951
1620518130000,42182,86384,128566
1620518430000,42107,86206,128313
1620518730000,42423,86131,128554
1620519030000,42453,86158,128611
1620519330000,42419,86072,128491
1620519630000,42415,85879,128294
1620519930000,42395,85834,128229
1620520230000,42318,85872,128190
1620520530000,42222,86099,128321
1620520830000,42242,85829,128071
1620521130000,42322,85650,127972
1620521430000,42112,85773,127885
1620521730000,42000,85781,127781
1620522030000,41914,85701,127615
1620522329000,41733,85977,127710
1620522630000,41605,86289,127894
1620522930000,41613,86005,127618
1620523230000,41397,86258,127655
1620523530000,41281,85632,126913
1620523829000,41262,85757,127019
1620524130000,41277,85972,127249
1620524429000,41133,86664,127797
1620524730000,41071,86265,127336
1620525030000,40876,86421,127297
1620525330000,40771,86456,127227
1620525629000,40655,86063,126718
1620525930000,40580,86059,126639
1620526230000,40492,85969,126461
1620526530000,40302,86144,126446
1620526830000,40149,86296,126445
1620527130000,39908,86037,125945
1620527430000,39683,85991,125674
1620527730000,39550,85970,125520
1620528030000,39466,86232,125698
1620528330000,39293,86345,125638
1620528630000,39105,85226,124331
1620528930000,39106,85074,124180
1620529230000,38898,84855,123753
1620529530000,38661,84417,123078
1620529830000,38403,84105,122508
1620530130000,38177,83723,121900
1620530430000,37966,83296,121262
1620530730000,37636,83136,120772
1620531030000,37339,82497,119836
1620531330000,37075,81947,119022
1620531629000,36785,81436,118221
1620531929000,36618,81093,117711
1620532229000,36428,80507,116935
1620532530000,36109,80055,116164
1620532830000,35925,79555,115480
1620533130000,35598,78881,114479
1620533430000,35315,78352,113667
1620533730000,35019,77778,112797
1620534030000,34744,77295,112039
1620534330000,34444,76725,111169
1620534630000,34173,76176,110349
1620534930000,33892,75407,109299
1620535230000,33611,74849,108460
1620535530000,33395,74541,107936
1620535829000,33224,74454,107678
1620536129000,33041,74039,107080
1620536430000,32861,73389,106250
1620536730000,32616,72721,105337
1620537029000,32408,72099,104507
1620537330000,32166,71722,103888
1620537630000,31916,71017,102933
1620537930000,31695,70285,101980
1620538230000,31358,69682,101040
1620538530000,31094,68930,100024
1620538830000,30750,68139,98889
1620539130000,30931,67518,98449
1620539430000,30398,67102,97500
1620539730000,30023,66630,96653
1620540030000,28468,66075,94543
1620540330000,29064,64852,93916
1620540630000,27978,64168,92146
1620540930000,27468,63328,90796
1620541230000,27424,62892,90316
1620541530000,27726,62130,89856
1620541829000,27317,61685,89002
1620542130000,28298,61078,89376
1620542430000,28405,60797,89202
1620542729000,28160,60446,88606
1620543029000,27986,59911,87897
1620543330000,27936,59468,87404
1620543630000,27735,59068,86803
1620543930000,27564,58591,86155
1620544230000,27181,58975,86156
1620544530000,27022,59445,86467
1620544830000,27028,59424,86452
1620545130000,27121,57747,84868
1620545430000,27022,57210,84232
1620545729000,27032,57081,84113
1620546030000,27089,57393,84482
1620546329000,26984,58134,85118
1620546630000,27030,58916,85946
1620546930000,26970,58439,85409
1620547230000,27021,58394,85415
1620547529000,27235,58122,85357
1620547830000,27281,57927,85208
1620548130000,27275,57643,84918
1620548430000,27378,57713,85091
1620548730000,27494,57452,84946
1620549030000,27135,57465,84600
1620549330000,26901,57351,84252
1620549630000,26988,57615,84603
1620549930000,27002,57525,84527
1620550230000,27078,57853,84931
1620550530000,27136,57788,84924
1620550830000,27275,57320,84595
1620551130000,27435,57152,84587
1620551430000,27589,57344,84933
1620551730000,27711,57392,85103
1620552029000,27797,57357,85154
1620552330000,27864,57442,85306
1620552630000,27887,57487,85374
1620552930000,27969,57513,85482
1620553230000,28063,57580,85643
1620553530000,28185,57627,85812
1620553830000,28263,57745,86008
1620554130000,28362,57664,86026
1620554430000,28518,57793,86311
1620554730000,28608,57791,86399
1620555030000,28740,58076,86816
1620555329000,28919,58172,87091
1620555629000,29099,58185,87284
1620555930000,29313,58204,87517
1620556229000,29460,58308,87768
1620556530000,29655,58346,88001
1620556830000,29799,58732,88531
1620557130000,29900,58768,88668
1620557430000,30045,59000,89045
1620557730000,30315,59139,89454
1620558029000,30401,59334,89735
1620558330000,30340,59633,89973
1620558630000,30527,60000,90527
1620558930000,30665,60578,91243
1620559230000,30874,60885,91759
1620559529000,31009,60843,91852
1620559830000,31115,60963,92078
1620560130000,31302,61186,92488
1620560430000,31539,61682,93221
1620560730000,31700,62110,93810
1620561030000,31917,62607,94524
1620561329000,32081,63246,95327
1620561630000,32366,63530,95896
1620561930000,32593,63607,96200
1620562230000,32814,63752,96566
1620562530000,32891,64069,96960
1620562830000,33072,64524,97596
1620563130000,33298,64985,98283
1620563430000,33582,65324,98906
1620563729000,33832,65834,99666
1620564030000,34192,66332,100524
1620564330000,34473,66736,101209
1620564630000,34774,67318,102092
1620564930000,34928,67727,102655
1620565230000,35173,68059,103232
1620565530000,35218,68453,103671
1620565829000,35535,69114,104649
1620566130000,35890,69629,105519
1620566430000,36106,70150,106256
1620566730000,36341,70620,106961
1620567030000,36640,71397,108037
1620567330000,36926,71997,108923
1620567629000,37282,72516,109798
1620567930000,37617,72909,110526
1620568230000,37839,73301,111140
1620568530000,38000,73486,111486
1620568830000,38204,73933,112137
1620569130000,38401,74178,112579
1620569430000,38735,73833,112568
1620569730000,39060,74456,113516
1620570030000,39260,75326,114586
1620570329000,39467,75870,115337
1620570630000,39655,76603,116258
1620570930000,39824,77041,116865
1620571229000,40063,77354,117417
1620571530000,40197,78131,118328
1620571830000,40543,78560,119103
1620572130000,40874,79190,120064
1620572430000,40986,79586,120572
1620572730000,41280,80271,121551
1620573030000,41479,80859,122338
1620573330000,41808,81252,123060
1620573630000,41938,81663,123601
1620573930000,42197,81912,124109
1620574230000,42363,82236,124599
1620574530000,42611,82600,125211
1620574830000,42918,82957,125875
1620575130000,43002,83397,126399
1620575430000,43063,83582,126645
1620575730000,43269,83763,127032
1620576030000,43353,83913,127266
1620576330000,43561,84377,127938
1620576630000,43640,84332,127972
1620576930000,43794,84744,128538
1620577230000,43928,84916,128844
1620577530000,44264,85274,129538
1620577830000,44420,85429,129849
1620578130000,44568,85594,130162
1620578430000,44578,85902,130480
1620578730000,44683,85774,130457
1620579029000,44830,86025,130855
1620579330000,45067,86707,131774
1620579630000,45269,86868,132137
1620579930000,45424,87164,132588
1620580230000,45474,87330,132804
1620580530000,45578,87682,133260
1620580830000,45779,88238,134017
1620581130000,45785,88777,134562
1620581430000,46034,89011,135045
1620581730000,46131,88961,135092
1620582030000,46428,88849,135277
1620582330000,46695,88925,135620
1620582630000,46881,89290,136171
1620582930000,47037,89503,136540
1620583230000,47048,88912,135960
1620583530000,47346,89402,136748
1620583892000,47362,90461,137823
1620584130000,47542,91207,138749
1620584430000,47702,91547,139249
1620584730000,47861,91717,139578
1620585030000,48034,92335,140369
1620585330000,48216,92586,140802
1620585630000,48253,92915,141168
1620585929000,48526,93132,141658
1620586230000,47152,92955,140107
1620586530000,47605,93120,140725
1620586830000,47172,93232,140404
1620587130000,46946,93410,140356
1620587429000,47252,93573,140825
1620587730000,46933,93850,140783
1620588030000,47765,93818,141583
1620588330000,47595,93825,141420
1620588630000,48587,93800,142387
1620588930000,48898,94152,143050
1620589230000,48929,94118,143047
1620589530000,48939,94393,143332
1620589830000,49003,94453,143456
1620590130000,48900,94729,143629
1620590430000,48821,94785,143606
1620590730000,48653,94880,143533
1620591030000,48584,94773,143357
1620591330000,48488,94681,143169
1620591630000,48228,94377,142605
1620591930000,48169,94280,142449
1620592230000,47994,93629,141623
1620592530000,47892,93236,141128
1620592830000,47642,92979,140621
1620593130000,47656,92764,140420
1620593429000,47404,92493,139897
1620593730000,47202,92416,139618
1620594030000,46856,92369,139225
1620594330000,46678,92088,138766
1620594629000,46332,91765,138097
1620594930000,46105,91359,137464
1620595230000,45974,90977,136951
1620595530000,45758,90928,136686
1620595830000,45533,90535,136068
1620596130000,45416,90776,136192
1620596430000,45135,89920,135055
1620596730000,44852,89516,134368
1620597030000,44563,89017,133580
1620597330000,44302,88611,132913
1620597629000,43898,88440,132338
1620597929000,43699,88079,131778
1620598230000,43468,87410,130878
1620598530000,43301,87231,130532
1620598830000,42982,86603,129585
1620599130000,42830,86281,129111
1620599430000,42707,85644,128351
1620599730000,42518,85601,128119
1620600030000,42273,85318,127591
1620600330000,42103,84975,127078
1620600630000,41875,85336,127211
1620600930000,41816,85031,126847
1620601230000,41655,84794,126449
1620601530000,41426,84435,125861
1620601830000,41309,84522,125831
1620602130000,41232,84788,126020
1620602429000,41147,84584,125731
1620602730000,41126,84537,125663
1620603030000,40928,84569,125497
1620603329000,40885,84125,125010
1620603630000,40878,84284,125162
1620603930000,40945,83978,124923
1620604230000,40939,84078,125017
1620604529000,40995,84105,125100
1620604830000,41043,84235,125278
1620605130000,41496,83798,125294
1620605430000,41560,83849,125409
1620605730000,41623,84192,125815
1620606030000,41625,84347,125972
1620606330000,41717,84927,126644
1620606630000,41714,84760,126474
1620606930000,41732,84834,126566
1620607230000,41671,85226,126897
1620607530000,41618,85365,126983
1620607830000,41568,85203,126771
1620608130000,41477,85299,126776
1620608430000,41440,85196,126636
1620608730000,41309,85254,126563
1620609029000,41473,85616,127089
1620609329000,41358,85643,127001
1620609630000,41078,85313,126391
1620609930000,40993,85666,126659
1620610230000,41151,85980,127131
1620610530000,40904,86109,127013
1620610894000,40827,86406,127233
1620611130000,40779,86554,127333
1620611430000,40576,86105,126681
1620611730000,40430,85007,125437
1620612095000,40100,85127,125227
1620612330000,39947,85249,125196
1620612631000,39501,84384,123885
1620612930000,39132,84684,123816
1620613230000,38838,84285,123123
1620613530000,38652,84849,123501
1620613896000,38460,84082,122542
1620614130000,38308,84349,122657
1620614430000,38283,84806,123089
1620614730000,38108,83087,121195
1620615030000,37977,82553,120530
1620615330000,37928,82419,120347
1620615630000,37542,82381,119923
1620615993000,37073,82130,119203
1620616230000,36812,80695,117507
1620616529000,36568,80314,116882
1620616830000,36109,79842,115951
1620617130000,35830,79466,115296
1620617430000,35457,79076,114533
1620617730000,35153,78566,113719
1620618030000,34819,78102,112921
1620618329000,34508,77442,111950
1620618630000,34188,76681,110869
1620618930000,33826,75941,109767
1620619293000,33360,75251,108611
1620619530000,33008,74309,107317
1620619830000,32576,73806,106382
1620620130000,32278,72743,105021
1620620430000,32002,72086,104088
1620620790000,31663,71339,103002
1620621030000,31338,71031,102369
1620621330000,31048,70006,101054
1620621630000,30747,69885,100632
1620621930000,30294,68914,99208
1620622289000,29897,68245,98142
1620622597000,29674,68065,97739
1620622829000,29464,66871,96335
1620623187000,29070,66155,95225
1620623430000,28771,65711,94482
1620623729000,28490,65555,94045
1620624030000,28160,65005,93165
1620624330000,27892,64410,92302
1620624629000,27610,63690,91300
1620624930000,27351,62673,90024
1620625230000,27150,62473,89623
1620625529000,26880,62135,89015
1620625830000,26697,61683,88380
1620626130000,26537,61433,87970
1620626430000,26183,60893,87076
1620626729000,25853,60427,86280
1620627030000,25767,59126,84893
1620627330000,25750,58657,84407
1620627630000,25667,57586,83253
1620627929000,25501,57120,82621
1620628229000,25178,56773,81951
1620628530000,25152,56755,81907
1620628830000,25109,56654,81763
1620629130000,24003,56332,80335
1620629430000,24858,55922,80780
1620629730000,23296,55458,78754
1620630030000,23050,55314,78364
1620630330000,22992,55363,78355
1620630630000,22922,55518,78440
1620630929000,22850,56130,78980
1620631230000,22806,56102,78908
1620631530000,22907,54431,77338
1620631830000,22887,53626,76513
1620632129000,22928,53050,75978
1620632430000,23000,54263,77263
1620632730000,23004,54682,77686
1620633030000,23090,55455,78545
1620633330000,23121,55379,78500
1620633630000,23365,55380,78745
1620633930000,23572,55301,78873
1620634230000,23828,55382,79210
1620634530000,23227,55127,78354
1620634830000,23257,55457,78714
1620635130000,23416,55216,78632
1620635430000,23496,55332,78828
1620635730000,23648,54962,78610
1620636032000,23897,55447,79344
1620636095000,23829,55530,79359
1620636228000,23933,54591,78524
1620636330000,24048,55100,79148
1620636630000,24256,55405,79661
1620636930000,24459,54868,79327
1620637230000,24561,54837,79398
1620637533000,24753,54548,79301
1620637596000,24841,54665,79506
1620637830000,24926,54874,79800
1620638130000,25196,54881,80077
1620638430000,25247,55322,80569
1620638730000,25352,54952,80304
1620639030000,24655,55274,79929
1620639330000,24361,54893,79254
1620639629000,23726,55372,79098
1620639930000,23335,55203,78538
1620640230000,23015,55658,78673
1620640530000,22335,54699,77034
1620640830000,19134,54590,73724
1620641130000,5336,54637,59973
1620641430000,11530,54976,66506
1620641730000,14107,55135,69242
1620642030000,15941,55666,71607
1620642330000,17486,55974,73460
1620642630000,18692,56037,74729
1620642932000,19579,56099,75678
1620643230000,20301,56631,76932
1620643530000,21289,56478,77767
1620643830000,21892,56401,78293
1620644130000,22364,56384,78748
1620644430000,22760,56617,79377
1620644730000,22943,56746,79689
1620645030000,23429,57076,80505
1620645330000,23972,57273,81245
1620645630000,24545,57675,82220
1620645930000,24967,57795,82762
1620646229000,25356,58392,83748
1620646530000,25675,58597,84272
1620646830000,26096,58956,85052
1620647129000,26499,59087,85586
1620647430000,26800,59702,86502
1620647730000,27143,59983,87126
1620648030000,27476,60264,87740
1620648330000,27913,60579,88492
1620648630000,28129,61230,89359
1620648930000,28312,61948,90260
1620649229000,28721,62462,91183
1620649530000,29096,62947,92043
1620649830000,29474,63748,93222
1620650130000,29938,64011,93949
1620650430000,30356,64830,95186
1620650730000,30729,65700,96429
1620651030000,31131,66619,97750
1620651329000,31437,67087,98524
1620651630000,31785,67829,99614
1620651930000,32092,68118,100210
1620652230000,32429,68960,101389
1620652530000,32690,69286,101976
1620652830000,33102,70833,103935
1620653130000,33352,71051,104403
1620653430000,33786,71183,104969
1620653729000,34111,71384,105495
1620654030000,34485,71853,106338
1620654333000,34779,72496,107275
1620654630000,35084,72860,107944
1620654930000,35279,72649,107928
1620655230000,35620,73131,108751
1620655530000,35839,73526,109365
1620655830000,34493,74056,108549
1620656130000,34712,74181,108893
1620656430000,34893,74620,109513
1620656730000,35303,74920,110223
1620657030000,35682,75463,111145
1620657332000,35565,75256,110821
1620657630000,36068,75805,111873
1620657930000,36139,75938,112077
1620658230000,36347,76270,112617
1620658530000,36675,76834,113509
1620658830000,36712,77252,113964
1620659130000,37099,77509,114608
1620659430000,37376,78319,115695
1620659730000,37726,78614,116340
1620660030000,38135,78678,116813
1620660330000,38520,79136,117656
1620660630000,38743,79474,118217
1620660930000,39165,79587,118752
1620661230000,39501,80095,119596
1620661530000,39925,80417,120342
1620661830000,40106,80633,120739
1620662130000,40342,80719,121061
1620662430000,40391,80815,121206
1620662730000,40603,80862,121465
1620663030000,40848,81211,122059
1620663330000,41220,81704,122924
1620663630000,41693,81951,123644
1620663930000,39869,82104,121973
1620664230000,40033,82212,122245
1620664530000,40342,82054,122396
1620664830000,40710,82552,123262
1620665130000,40974,82778,123752
1620665430000,41238,83368,124606
1620665730000,42404,83775,126179
1620666030000,42539,83792,126331
1620666330000,42653,84201,126854
1620666630000,42960,84358,127318
1620666930000,43038,84541,127579
1620667230000,43273,85402,128675
1620667530000,43518,85783,129301
1620667830000,43625,86244,129869
1620668130000,43928,87339,131267
1620668429000,44217,87825,132042
1620668730000,44440,88459,132899
1620669030000,44985,88172,133157
1620669330000,44799,88798,133597
1620669630000,44859,86731,131590
1620669930000,44986,87268,132254
1620670230000,45130,88006,133136
1620670530000,45232,89614,134846
1620670830000,45489,90742,136231
1620671130000,45656,90797,136453
1620671430000,45777,91052,136829
1620671729000,45904,91165,137069
1620672030000,45960,91377,137337
1620672330000,46112,92030,138142
1620672630000,46331,92549,138880
1620672930000,46531,92562,139093
1620673230000,46583,92355,138938
1620673530000,46542,92225,138767
1620673830000,46624,92424,139048
1620674129000,46821,92905,139726
1620674430000,46784,93463,140247
1620674730000,46895,93451,140346
1620675030000,46910,93775,140685
1620675330000,46856,93323,140179
1620675630000,46874,93234,140108
1620675930000,46946,93287,140233
1620676230000,46939,93739,140678
1620676530000,46892,93167,140059
1620676830000,46602,93554,140156
1620677130000,46472,93026,139498
1620677430000,46394,93538,139932
1620677730000,46388,93078,139466
1620678030000,46234,93036,139270
1620678330000,46087,92941,139028
1620678688000,45880,92968,138848
1620678930000,45654,92576,138230
1620679230000,45558,92552,138110
1620679530000,45398,92195,137593
1620679829000,45252,92213,137465
1620680130000,45173,91336,136509
1620680430000,44954,91176,136130
1620680730000,44663,91391,136054
1620681030000,44483,91241,135724
1620681330000,44230,89417,133647
1620681629000,44093,89372,133465
1620681930000,43944,88911,132855
1620682230000,43849,88541,132390
1620682530000,43726,88044,131770
1620682830000,43663,87918,131581
1620683130000,43455,87439,130894
1620683430000,43236,87258,130494
1620683729000,43034,86755,129789
1620684030000,42861,86597,129458
1620684330000,42713,86063,128776
1620684630000,42483,86049,128532
1620684930000,42350,85531,127881
1620685230000,42305,85410,127715
1620685529000,42139,85167,127306
1620685830000,42018,85462,127480
1620686130000,41958,84872,126830
1620686430000,41959,84667,126626
1620686730000,41796,84416,126212
1620687030000,41781,84530,126311
1620687330000,41652,84351,126003
1620687630000,41516,84156,125672
1620687930000,41406,84306,125712
1620688230000,41233,84041,125274
1620688530000,41230,83795,125025
1620688830000,41211,83343,124554
1620689130000,41213,83739,124952
1620689430000,41252,84143,125395
1620689730000,41242,83599,124841
1620690030000,41273,83554,124827
1620690330000,41376,83680,125056
1620690629000,41378,83670,125048
1620690930000,41386,83708,125094
1620691230000,41362,83210,124572
1620691530000,41769,82780,124549
1620691830000,41781,83030,124811
1620692130000,41839,83253,125092
1620692430000,41830,83356,125186
1620692729000,41865,83814,125679
1620693030000,41864,84135,125999
1620693330000,41786,84181,125967
1620693630000,41876,84339,126215
1620693930000,41756,84740,126496
1620694230000,41842,84779,126621
1620694530000,41742,84959,126701
1620694830000,41709,84921,126630
1620695130000,41625,84980,126605
1620695430000,41432,85018,126450
1620695730000,41308,84778,126086
1620696030000,41149,84742,125891
1620696330000,41055,84535,125590
1620696630000,41018,84949,125967
1620696929000,40817,84860,125677
1620697229000,40788,85031,125819
1620697530000,40533,84585,125118
1620697830000,40503,85097,125600
1620698130000,40349,84582,124931
1620698430000,40031,84179,124210
1620698730000,39718,83720,123438
1620699030000,39689,83064,122753
1620699330000,39482,83061,122543
1620699631000,39106,83160,122266
1620699930000,39001,83198,122199
1620700230000,38819,83139,121958
1620700530000,38682,82958,121640
1620700830000,38258,81883,120141
1620701130000,37677,81921,119598
1620701430000,37268,81088,118356
1620701730000,36961,80542,117503
1620702030000,36419,79820,116239
1620702330000,36325,79237,115562
1620702630000,36208,78780,114988
1620702930000,35958,78571,114529
1620703230000,35696,78255,113951
1620703530000,35315,77621,112936
1620703831000,35001,77085,112086
1620704130000,34692,76518,111210
1620704430000,34372,75207,109579
1620704729000,34052,74685,108737
1620705087000,33544,73559,107103
1620705330000,33334,72967,106301
1620705629000,33051,72159,105210
1620705930000,32609,71404,104013
1620706230000,32281,70954,103235
1620706530000,31961,69879,101840
1620706830000,31614,69357,100971
1620707130000,31201,68534,99735
1620707430000,30857,68248,99105
1620707730000,30429,66288,96717
1620708030000,30190,65725,95915
1620708330000,29822,65148,94970
1620708630000,29443,64750,94193
1620708930000,29223,64015,93238
1620709229000,28893,63763,92656
1620709530000,28621,63171,91792
1620709830000,28348,62834,91182
1620710130000,28137,62358,90495
1620710430000,27913,61795,89708
1620710730000,26751,59886,86637
1620711030000,27120,60185,87305
1620711330000,27057,59786,86843
1620711630000,26851,59264,86115
1620711930000,26729,58856,85585
1620712233000,26703,58433,85136
1620712530000,26855,58300,85155
1620712830000,26677,58342,85019
1620713130000,26248,57405,83653
1620713430000,24775,56551,81326
1620713730000,24358,56084,80442
1620714030000,24227,55841,80068
1620714330000,24871,54957,79828
1620714629000,24139,54574,78713
1620714931000,24088,53964,78052
1620715230000,24276,53527,77803
1620715530000,24131,53081,77212
1620715830000,23989,52318,76307
1620716130000,24838,52095,76933
1620716429000,24743,51681,76424
1620716730000,24710,51261,75971
1620717030000,24504,51598,76102
1620717330000,24436,52087,76523
1620717630000,24359,52032,76391
1620717930000,24228,50399,74627
1620718230000,24187,49908,74095
1620718530000,24218,50005,74223
1620718830000,24240,50510,74750
1620719130000,24115,51495,75610
1620719430000,24099,51707,75806
1620719730000,24124,51469,75593
1620720030000,24143,51457,75600
1620720330000,24100,51178,75278
1620720630000,24449,51329,75778
1620720930000,24722,50938,75660
1620721230000,24650,51012,75662
1620721530000,24814,51030,75844
1620721830000,24825,51152,75977
1620722130000,24434,51110,75544
1620722430000,24540,51342,75882
1620722730000,24869,51181,76050
1620723030000,25147,51132,76279
1620723330000,25206,50654,75860
1620723630000,25301,50392,75693
1620723930000,25353,50381,75734
1620724230000,25406,50450,75856
1620724529000,25520,50653,76173
1620724830000,25373,50951,76324
1620725130000,25505,50930,76435
1620725430000,25425,51146,76571
1620725730000,25456,51135,76591
1620726030000,25570,51233,76803
1620726330000,25581,51129,76710
1620726630000,25595,51415,77010
1620726930000,25627,51218,76845
1620727229000,25660,51350,77010
1620727530000,25549,51191,76740
1620727830000,25635,51005,76640
1620728130000,25747,50978,76725
1620728430000,25775,51215,76990
1620728730000,25907,51406,77313
1620729030000,26104,51673,77777
1620729329000,26233,51780,78013
1620729630000,26420,52312,78732
1620729930000,26491,52435,78926
1620730230000,26588,52724,79312
1620730530000,26643,52732,79375
1620730830000,26720,53047,79767
1620731130000,26883,53375,80258
1620731430000,26870,53949,80819
1620731730000,27156,54300,81456
1620732029000,27510,54814,82324
1620732330000,27668,55239,82907
1620732630000,27796,55680,83476
1620732930000,28065,56026,84091
1620733230000,28457,56183,84640
1620733529000,28556,56612,85168
1620733830000,28655,57142,85797
1620734130000,28928,57434,86362
1620734430000,29190,57799,86989
1620734730000,29440,57557,86997
1620735030000,29616,57997,87613
1620735330000,29739,58443,88182
1620735630000,30103,59229,89332
1620735934000,30372,59746,90118
1620736230000,30562,60339,90901
1620736530000,30856,61082,91938
1620736830000,31199,62005,93204
1620737130000,31351,62580,93931
1620737430000,31744,62839,94583
1620737730000,31946,63267,95213
1620738030000,32141,64015,96156
1620738330000,32500,64521,97021
1620738630000,32916,65479,98395
1620738930000,33310,66044,99354
1620739229000,33739,66849,100588
1620739530000,34062,67249,101311
1620739830000,34394,67690,102084
1620740130000,34757,68090,102847
1620740430000,35174,68547,103721
1620740730000,35592,68658,104250
1620741030000,35936,69147,105083
1620741330000,36255,69493,105748
1620741629000,36655,70049,106704
1620741930000,36933,70485,107418
1620742230000,37340,71235,108575
1620742530000,37746,71821,109567
1620742830000,38047,72471,110518
1620743130000,38385,73399,111784
1620743430000,38539,74089,112628
1620743730000,38820,74576,113396
1620744030000,39147,75394,114541
1620744330000,39438,76210,115648
1620744630000,39675,76831,116506
1620744930000,39982,77378,117360
1620745230000,39991,77702,117693
1620745530000,38597,78254,116851
1620745830000,38695,78789,117484
1620746131000,38908,79236,118144
1620746430000,39022,79560,118582
1620746730000,39367,80089,119456
1620747030000,39685,80442,120127
1620747329000,39984,80727,120711
1620747630000,40368,79823,120191
1620747930000,40663,80091,120754
1620748230000,40907,80221,121128
1620748530000,41240,80452,121692
1620748830000,41422,80125,121547
1620749130000,41618,80233,121851
1620749431000,41906,80089,121995
1620749730000,42077,80161,122238
1620750030000,41519,80631,122150
1620750330000,41278,80971,122249
1620750630000,41289,81301,122590
1620750930000,41446,81354,122800
1620751230000,41572,81335,122907
1620751530000,41677,81342,123019
1620751830000,41785,81456,123241
1620752130000,42036,81665,123701
1620752430000,42114,81729,123843
1620752730000,42147,82037,124184
1620753029000,42265,82390,124655
1620753330000,42468,83133,125601
1620753630000,42689,83662,126351
1620753929000,42861,84154,127015
1620754229000,42946,84755,127701
1620754530000,43329,85355,128684
1620754830000,43518,85546,129064
1620755130000,43669,86085,129754
1620755430000,43784,86319,130103
1620755729000,43885,86616,130501
1620756030000,43971,85031,129002
1620756330000,44190,85479,129669
1620756630000,44362,86479,130841
1620756930000,44807,88181,132988
1620757230000,45233,88946,134179
1620757530000,45094,89356,134450
1620757830000,45128,89763,134891
1620758130000,44016,90184,134200
1620758430000,45185,90499,135684
1620758730000,44337,91001,135338
1620759030000,44532,91352,135884
1620759330000,44391,91308,135699
1620759629000,45123,91628,136751
1620759930000,45271,91785,137056
1620760230000,46450,92216,138666
1620760529000,46607,92314,138921
1620760830000,46632,92486,139118
1620761130000,46776,92641,139417
1620761430000,46835,92965,139800
1620761729000,46841,92826,139667
1620762030000,46729,92747,139476
1620762330000,46655,92761,139416
1620762630000,46569,92901,139470
1620762930000,46474,92900,139374
1620763230000,46439,92716,139155
1620763530000,46340,92413,138753
1620763830000,46132,92527,138659
1620764130000,46139,92588,138727
1620764430000,45967,92286,138253
1620764730000,45884,92059,137943
1620765030000,45712,92143,137855
1620765330000,45540,91849,137389
1620765630000,45417,91679,137096
1620765930000,45262,91479,136741
1620766230000,45027,91340,136367
1620766530000,44778,90832,135610
1620766830000,44512,90406,134918
1620767130000,44195,90077,134272
1620767430000,44035,89733,133768
1620767731000,43912,89349,133261
1620768030000,43730,89135,132865
1620768330000,43478,88755,132233
1620768630000,43311,88482,131793
1620768930000,43207,88467,131674
1620769230000,43083,88057,131140
1620769530000,42757,86983,129740
1620769830000,42690,86962,129652
1620770130000,42496,86489,128985
1620770430000,42294,85988,128282
1620770730000,42088,85476,127564
1620771030000,41851,84798,126649
1620771330000,41666,84680,126346
1620771630000,41574,84160,125734
1620771930000,41411,83931,125342
1620772230000,41248,83649,124897
1620772530000,41260,83481,124741
1620772830000,41105,83389,124494
1620773130000,40900,83279,124179
1620773429000,40870,83184,124054
1620773730000,40760,82979,123739
1620774030000,40725,82752,123477
1620774330000,40663,82598,123261
1620774630000,40497,82611,123108
1620774930000,40594,82465,123059
1620775230000,40405,82435,122840
1620775530000,40511,82481,122992
1620775830000,40457,82405,122862
1620776130000,40389,82340,122729
1620776430000,40458,82331,122789
1620776730000,40559,82592,123151
1620777030000,40539,82492,123031
1620777330000,40527,81834,122361
1620777630000,40691,82674,123365
1620777930000,41295,82153,123448
1620778232000,41522,82535,124057
1620778530000,41650,82725,124375
1620778830000,41674,82424,124098
1620779130000,41897,82687,124584
1620779429000,42000,82930,124930
1620779730000,41859,83370,125229
1620780030000,41980,83642,125622
1620780330000,42219,83775,125994
1620780630000,41941,84031,125972
1620780930000,41903,84171,126074
1620781230000,41941,84429,126370
1620781530000,41978,84365,126343
1620781830000,41769,84341,126110
1620782130000,41727,84477,126204
1620782429000,41591,84567,126158
1620782730000,41482,84853,126335
1620783030000,41286,84916,126202
1620783330000,41128,84991,126119
1620783630000,41016,84977,125993
1620783930000,40892,85251,126143
1620784230000,40657,85060,125717
1620784530000,40422,84999,125421
1620784830000,40288,84784,125072
1620785130000,40066,84552,124618
1620785430000,39868,84337,124205
1620785730000,39793,84381,124174
1620786030000,39460,83962,123422
1620786330000,39156,84256,123412
1620786630000,38889,83713,122602
1620786930000,38616,83427,122043
1620787230000,38394,82956,121350
1620787530000,38161,82546,120707
1620787829000,37862,82068,119930
1620788130000,37673,81752,119425
1620788498000,37340,81155,118495
1620788730000,37082,80582,117664
1620789030000,36739,80020,116759
1620789330000,36346,79398,115744
1620789630000,35995,78739,114734
1620789930000,35608,78334,113942
1620790230000,35213,77629,112842
1620790530000,34814,77021,111835
1620790830000,34601,76381,110982
1620791129000,34252,75606,109858
1620791429000,33918,74896,108814
1620791730000,33697,74172,107869
1620792030000,33461,73204,106665
1620792330000,33013,72388,105401
1620792629000,32693,71615,104308
1620792930000,32414,70869,103283
1620793229000,31996,69921,101917
1620793530000,31575,69234,100809
1620793830000,31250,67768,99018
1620794130000,30942,67918,98860
1620794430000,30624,67411,98035
1620794730000,30361,66745,97106
1620795030000,30016,66072,96088
1620795330000,29629,65410,95039
1620795629000,29212,64701,93913
1620795930000,28901,64041,92942
1620796230000,28598,63450,92048
1620796530000,28407,62735,91142
1620796830000,28238,62155,90393
1620797130000,27984,61660,89644
1620797430000,27664,61017,88681
1620797730000,27480,60568,88048
1620798030000,27361,60052,87413
1620798330000,27045,59564,86609
1620798629000,27199,58877,86076
1620798930000,26693,58224,84917
1620799230000,26380,57678,84058
1620799529000,24740,56969,81709
1620799830000,24995,56283,81278
1620800130000,24392,55496,79888
1620800430000,24425,54989,79414
1620800733000,23780,54301,78081
1620801029000,24427,53687,78114
1620801330000,24461,53195,77656
1620801630000,25587,52640,78227
1620801930000,25446,52335,77781
1620802230000,25236,51670,76906
1620802530000,25152,51402,76554
1620802830000,25077,50883,75960
1620803129000,24998,50379,75377
1620803430000,24953,50828,75781
1620803730000,24477,51400,75877
1620804030000,24493,51562,76055
1620804330000,24528,50350,74878
1620804630000,24547,49429,73976
1620804930000,24515,49250,73765
1620805230000,24575,49710,74285
1620805530000,24534,50770,75304
1620805829000,24596,50902,75498
1620806130000,24545,50435,74980
1620806430000,24561,50146,74707
1620806730000,24800,50027,74827
1620807030000,24974,50112,75086
1620807330000,24974,50103,75077
1620807630000,25070,50030,75100
1620807930000,25046,50478,75524
1620808230000,25183,50435,75618
1620808529000,25159,50198,75357
1620808830000,25223,50199,75422
1620809130000,25310,50059,75369
1620809429000,25338,50269,75607
1620809730000,25298,50285,75583
1620810030000,25468,50068,75536
1620810330000,25611,50011,75622
1620810630000,25682,49839,75521
1620810930000,25916,49945,75861
1620811230000,25930,49871,75801
1620811530000,26089,49978,76067
1620811829000,26265,50088,76353
1620812130000,25975,50067,76042
1620812430000,25974,49950,75924
1620812729000,26129,49919,76048
1620813030000,26222,50068,76290
1620813330000,25715,50204,75919
1620813630000,25765,50195,75960
1620813930000,25856,50337,76193
1620814230000,26046,50518,76564
1620814530000,26082,50424,76506
1620814830000,26091,50558,76649
1620815130000,26115,50746,76861
1620815429000,26370,50701,77071
1620815730000,26513,50990,77503
1620816030000,26590,51205,77795
1620816330000,26733,51333,78066
1620816629000,26730,51586,78316
1620816931000,26850,51790,78640
1620817230000,26954,51896,78850
1620817530000,26784,52007,78791
1620817830000,26912,52415,79327
1620818130000,27074,52814,79888
1620818430000,27235,53218,80453
1620818729000,27403,53640,81043
1620819030000,27617,54034,81651
1620819330000,27742,54368,82110
1620819630000,27837,54906,82743
1620819930000,28121,55091,83212
1620820230000,28301,55448,83749
1620820530000,28534,56062,84596
1620820830000,28860,56365,85225
1620821130000,29117,56768,85885
1620821430000,29357,57145,86502
1620821730000,29589,57662,87251
1620822030000,29637,58347,87984
1620822330000,29996,59034,89030
1620822630000,30212,59640,89852
1620822929000,30385,60113,90498
1620823230000,30745,60795,91540
1620823530000,30872,61244,92116
1620823830000,31126,61593,92719
1620824130000,31368,61923,93291
1620824430000,31649,62530,94179
1620824731000,31893,63167,95060
1620825031000,32171,64037,96208
1620825330000,32406,64453,96859
1620825630000,32753,64933,97686
1620825929000,33003,65571,98574
1620826230000,33399,66308,99707
1620826530000,33464,66623,100087
1620826830000,33821,67001,100822
1620827129000,34115,67316,101431
1620827430000,34454,67799,102253
1620827730000,34659,68235,102894
1620828031000,34831,68496,103327
1620828330000,35024,69426,104450
1620828630000,35171,70027,105198
1620828930000,35412,70599,106011
1620829230000,35861,71178,107039
1620829530000,36235,71720,107955
1620829830000,36568,72293,108861
1620830130000,36837,72676,109513
1620830430000,37184,73080,110264
1620830729000,37488,72891,110379
1620831030000,37697,72923,110620
1620831330000,38008,73205,111213
1620831630000,38181,73654,111835
1620831930000,38453,73950,112403
1620832230000,38683,74326,113009
1620832530000,39013,74754,113767
1620832830000,39210,75197,114407
1620833130000,39504,75487,114991
1620833430000,39675,75637,115312
1620833730000,39912,75670,115582
1620834030000,40206,76099,116305
1620834330000,40351,76201,116552
1620834630000,40546,75872,116418
1620834930000,40693,75976,116669
1620835230000,40755,75820,116575
1620835530000,40844,75831,116675
1620835830000,41032,75810,116842
1620836129000,41273,76385,117658
1620836430000,41556,76621,118177
1620836730000,41765,76889,118654
1620837086000,42009,77565,119574
1620837330000,42308,77386,119694
1620837630000,42455,77735,120190
1620837930000,42727,77908,120635
1620838229000,42936,78234,121170
1620838530000,43208,78779,121987
1620838830000,43493,79081,122574
1620839130000,43723,79755,123478
1620839430000,43787,79980,123767
1620839730000,44166,80535,124701
1620840030000,44324,81040,125364
1620840330000,44639,81521,126160
1620840630000,44896,81900,126796
1620840930000,45149,82577,127726
1620841230000,45168,79430,124598
1620841530000,45492,80184,125676
1620841830000,45849,80786,126635
1620842130000,46086,81922,128008
1620842430000,46368,80226,126594
1620842730000,45063,81025,126088
1620843030000,44777,82121,126898
1620843330000,42179,83793,125972
1620843630000,42527,84881,127408
1620843929000,42443,85564,128007
1620844230000,43234,85762,128996
1620844530000,43337,86092,129429
1620844830000,44524,86669,131193
1620845129000,44658,87221,131879
1620845430000,44686,87483,132169
1620845730000,44772,87656,132428
1620846030000,44837,87779,132616
1620846330000,44899,88135,133034
1620846630000,45028,88332,133360
1620846929000,45017,88780,133797
1620847230000,45094,89111,134205
1620847529000,45220,89409,134629
1620847830000,45318,89587,134905
1620848130000,45340,89824,135164
1620848430000,45432,89869,135301
1620848730000,45401,89724,135125
1620849030000,45346,89820,135166
1620849330000,45265,90105,135370
1620849630000,45244,90079,135323
1620849930000,45143,90181,135324
1620850230000,45076,90457,135533
1620850530000,45104,90836,135940
1620850829000,44995,90569,135564
1620851130000,44866,89865,134731
1620851430000,44772,89769,134541
1620851730000,44713,89767,134480
1620852030000,44633,89905,134538
1620852330000,44620,90128,134748
1620852630000,44470,89866,134336
1620852930000,44347,89585,133932
1620853229000,44214,89279,133493
1620853530000,43937,88671,132608
1620853830000,43694,88488,132182
1620854130000,43601,88186,131787
1620854430000,43518,87936,131454
1620854730000,43409,87805,131214
1620855030000,43370,87459,130829
1620855330000,43304,87304,130608
1620855630000,43288,87074,130362
1620855929000,43177,86985,130162
1620856230000,42985,86610,129595
1620856530000,42861,86145,129006
1620856830000,42686,85724,128410
1620857130000,42452,85214,127666
1620857430000,42293,85082,127375
1620857730000,42086,84615,126701
1620858030000,42027,84549,126576
1620858330000,41861,84374,126235
1620858630000,41744,84131,125875
1620858930000,41652,83852,125504
1620859230000,41540,83799,125339
1620859530000,41430,82852,124282
1620859829000,41277,82775,124052
1620860130000,41182,82437,123619
1620860429000,41125,82329,123454
1620860730000,40887,81600,122487
1620861030000,40858,81168,122026
1620861330000,40829,81040,121869
1620861629000,40758,81049,121807
1620861930000,40645,81148,121793
1620862230000,40473,80832,121305
1620862530000,39977,79911,119888
1620862830000,40155,80027,120182
1620863130000,40331,79659,119990
1620863430000,40275,79655,119930
1620863730000,40319,79761,120080
1620864030000,40423,79828,120251
1620864330000,40874,79994,120868
1620864630000,41099,79942,121041
1620864929000,41206,79958,121164
1620865230000,41075,80357,121432
1620865530000,41137,80554,121691
1620865830000,41069,80512,121581
1620866130000,41055,80721,121776
1620866430000,41147,80909,122056
1620866730000,41029,81146,122175
1620867030000,40865,81283,122148
1620867330000,40795,81451,122246
1620867630000,40770,81404,122174
1620867930000,40884,81686,122570
1620868230000,40536,82111,122647
1620868530000,40397,81955,122352
1620868830000,40323,82064,122387
1620869130000,40252,82294,122546
1620869430000,40148,81752,121900
1620869730000,40024,82466,122490
1620870029000,39908,82371,122279
1620870330000,39797,82349,122146
1620870630000,39681,82364,122045
1620870929000,39491,82471,121962
1620871230000,39299,82352,121651
1620871530000,39250,82224,121474
1620871830000,38972,82028,121000
1620872130000,38730,81579,120309
1620872430000,38510,81242,119752
1620872730000,38277,80930,119207
1620873030000,38019,80642,118661
1620873330000,37732,80178,117910
1620873630000,37450,79809,117259
1620873930000,37269,79666,116935
1620874230000,36842,79058,115900
1620874530000,36624,78474,115098
1620874830000,36210,77056,113266
1620875129000,35821,77120,112941
1620875430000,35507,76576,112083
1620875729000,35233,75979,111212
1620876030000,34954,75440,110394
1620876330000,34557,74961,109518
1620876630000,34300,74324,108624
1620876930000,33965,73717,107682
1620877230000,33709,73050,106759
1620877530000,33358,72252,105610
1620877830000,33095,71514,104609
1620878130000,32775,71133,103908
1620878430000,32373,70306,102679
1620878730000,31995,69429,101424
1620879030000,31711,68862,100573
1620879330000,31325,68022,99347
1620879629000,30995,67278,98273
1620879930000,30702,66614,97316
1620880230000,30439,65999,96438
1620880530000,30128,65089,95217
1620880830000,29766,64503,94269
1620881130000,29402,63889,93291
1620881430000,29155,63308,92463
1620881730000,28838,62648,91486
1620882030000,28484,61699,90183
1620882330000,28174,60986,89160
1620882630000,27916,60587,88503
1620882930000,27621,59895,87516
1620883230000,27270,59262,86532
1620883530000,27119,58653,85772
1620883830000,26986,58185,85171
1620884130000,26742,57094,83836
1620884430000,26555,56544,83099
1620884729000,26291,56492,82783
1620885029000,26153,55978,82131
1620885330000,25855,55367,81222
1620885629000,25645,54681,80326
1620885930000,24075,53876,77951
1620886230000,24971,53078,78049
1620886530000,23652,52488,76140
1620886830000,23548,52130,75678
1620887130000,23194,51671,74865
1620887430000,23531,51156,74687
1620887730000,23841,50557,74398
1620888030000,24801,50095,74896
1620888330000,24663,49592,74255
1620888630000,24618,48750,73368
1620888930000,24515,48303,72818
1620889230000,24478,48054,72532
1620889530000,24396,47780,72176
1620889830000,24390,48112,72502
1620890130000,24341,48988,73329
1620890430000,24035,48894,72929
1620890730000,24039,47390,71429
1620891029000,23933,46569,70502
1620891331000,24033,46363,70396
1620891630000,24124,47015,71139
1620891930000,24029,48126,72155
1620892230000,24057,48219,72276
1620892530000,24030,48241,72271
1620892830000,24174,48041,72215
1620893130000,24244,48128,72372
1620893430000,24328,47951,72279
1620893730000,24454,48220,72674
1620894030000,24659,48084,72743
1620894329000,24867,47951,72818
1620894630000,24682,48157,72839
1620894930000,24986,48157,73143
1620895230000,25347,48354,73701
1620895529000,25499,48176,73675
1620895830000,25511,48268,73779
1620896130000,25602,48121,73723
1620896430000,25728,48149,73877
1620896730000,25877,48319,74196
1620897029000,25972,47997,73969
1620897330000,25942,48139,74081
1620897630000,26047,48331,74378
1620897930000,26170,48457,74627
1620898230000,26271,48300,74571
1620898530000,26373,48427,74800
1620898829000,26571,48581,75152
1620899131000,26653,48654,75307
1620899429000,26770,48700,75470
1620899730000,26850,48889,75739
1620900030000,26964,48956,75920
1620900329000,27033,49031,76064
1620900629000,27207,49076,76283
1620900930000,27389,49281,76670
1620901229000,27206,49442,76648
1620901530000,27065,49576,76641
1620901830000,27006,49782,76788
1620902130000,27135,50183,77318
1620902430000,27191,50405,77596
1620902730000,27280,50636,77916
1620903030000,27376,50789,78165
1620903330000,27448,51100,78548
1620903630000,27592,51334,78926
1620903930000,27699,51431,79130
1620904230000,27893,51870,79763
1620904530000,27999,52151,80150
1620904830000,28068,52492,80560
1620905131000,28268,52651,80919
1620905430000,28378,53055,81433
1620905730000,28508,53713,82221
1620906030000,28744,54176,82920
1620906330000,28991,54725,83716
1620906630000,29323,55128,84451
1620906930000,29582,55714,85296
1620907230000,29756,56014,85770
1620907530000,29942,56630,86572
1620907830000,30199,57409,87608
1620908130000,30426,57836,88262
1620908430000,30603,58423,89026
1620908730000,30740,59067,89807
1620909030000,31052,59501,90553
1620909329000,31394,60159,91553
1620909630000,31651,61064,92715
1620909929000,31778,61471,93249
1620910230000,32039,62083,94122
1620910536000,32180,62717,94897
1620910830000,32496,63291,95787
1620911129000,32803,63963,96766
1620911430000,33136,64527,97663
1620911730000,33419,65647,99066
1620912030000,33747,66459,100206
1620912330000,34084,66758,100842
1620912630000,34329,67155,101484
1620912930000,34539,67783,102322
1620913230000,34856,68285,103141
1620913530000,34950,69083,104033
1620913830000,35101,69836,104937
1620914130000,35321,70043,105364
1620914429000,35621,70211,105832
1620914730000,35809,70797,106606
1620915030000,35954,71206,107160
1620915330000,36256,71831,108087
1620915630000,36439,72317,108756
1620915929000,36632,73266,109898
1620916230000,36784,73684,110468
1620916529000,36908,74240,111148
1620916830000,37083,74801,111884
1620917129000,37219,75190,112409
1620917430000,37427,75799,113226
1620917730000,37654,76123,113777
1620918030000,37840,76081,113921
1620918330000,38093,76496,114589
1620918630000,38379,77037,115416
1620918930000,38625,77672,116297
1620919230000,38950,77894,116844
1620919530000,39171,78271,117442
1620919829000,39467,78586,118053
1620920130000,39585,78703,118288
1620920430000,39805,78947,118752
1620920730000,39994,78900,118894
1620921030000,40222,79100,119322
1620921330000,40521,79093,119614
1620921629000,39144,79047,118191
1620921930000,39289,78606,117895
1620922230000,39483,78892,118375
1620922530000,39658,78727,118385
1620922830000,39920,79079,118999
1620923130000,40255,79240,119495
1620923430000,40514,79402,119916
1620923730000,40744,79596,120340
1620924030000,40977,79899,120876
1620924330000,41199,80254,121453
1620924630000,41371,80321,121692
1620924930000,41675,80715,122390
1620925230000,41839,80746,122585
1620925530000,40403,80667,121070
1620925830000,40734,80698,121432
1620926130000,40811,80932,121743
1620926430000,41012,81361,122373
1620926730000,41244,81793,123037
1620927030000,41504,82206,123710
1620927330000,41642,82781,124423
1620927630000,41810,83212,125022
1620927930000,41970,83219,125189
1620928230000,42127,83569,125696
1620928530000,42211,83935,126146
1620928829000,42088,82246,124334
1620929130000,42240,82720,124960
1620929430000,42298,83684,125982
1620929729000,42379,85020,127399
1620930030000,42464,86228,128692
1620930330000,42635,86753,129388
1620930630000,42770,87146,129916
1620930929000,42999,87473,130472
1620931230000,41759,87603,129362
1620931530000,41731,86724,128455
1620931830000,41805,86251,128056
1620932130000,41780,87113,128893
1620932430000,42111,87654,129765
1620932730000,42272,88201,130473
1620933030000,42379,88516,130895
1620933330000,42924,88917,131841
1620933630000,43057,89296,132353
1620933930000,43316,89730,133046
1620934230000,44263,90058,134321
1620934530000,44387,90584,134971
1620934830000,44429,90825,135254
1620935130000,44389,90911,135300
1620935430000,44366,90772,135138
1620935729000,44393,91529,135922
1620936030000,44307,90815,135122
1620936330000,44152,90785,134937
1620936630000,44330,91017,135347
1620936930000,44506,91011,135517
1620937229000,44495,90951,135446
1620937530000,44694,90942,135636
1620937829000,44728,90497,135225
1620938130000,44804,90394,135198
1620938430000,44754,90269,135023
1620938730000,44776,90258,135034
1620939030000,44886,89505,134391
1620939330000,44796,89936,134732
1620939630000,44677,89635,134312
1620939930000,44588,89399,133987
1620940230000,42939,88751,131690
1620940530000,42797,88579,131376
1620940830000,42594,88318,130912
1620941130000,42293,88127,130420
1620941429000,42166,87827,129993
1620941730000,41952,87679,129631
1620942030000,41836,87354,129190
1620942330000,41706,87051,128757
1620942629000,41416,86754,128170
1620942930000,41342,86361,127703
1620943230000,41131,85846,126977
1620943530000,41042,85382,126424
1620943829000,40770,84986,125756
1620944130000,40747,84625,125372
1620944430000,40535,84094,124629
1620944729000,40364,83872,124236
1620945029000,40216,83640,123856
1620945330000,40124,83322,123446
1620945630000,39973,82996,122969
1620945930000,39857,82837,122694
1620946230000,39852,82353,122205
1620946530000,39773,81945,121718
1620946830000,39582,81488,121070
1620947130000,39467,81238,120705
1620947430000,39321,80885,120206
1620947729000,39345,80814,120159
1620948030000,39172,80777,119949
1620948330000,39121,80704,119825
1620948630000,38939,80752,119691
1620948929000,38849,80627,119476
1620949230000,38867,80789,119656
1620949530000,38870,80840,119710
1620949830000,38927,80978,119905
1620950130000,39002,80049,119051
1620950430000,39137,80533,119670
1620950730000,39504,80476,119980
1620951030000,39574,80956,120530
1620951329000,39593,81300,120893
1620951630000,39553,81207,120760
1620951930000,39542,81561,121103
1620952230000,39443,81597,121040
1620952530000,39571,81774,121345
1620952830000,39515,82134,121649
1620953130000,39372,82499,121871
1620953430000,39257,82732,121989
1620953730000,39210,82808,122018
1620954030000,39187,82730,121917
1620954330000,39065,82848,121913
1620954630000,38990,82959,121949
1620954930000,38976,83146,122122
1620955230000,38882,83483,122365
1620955529000,38810,83727,122537
1620955830000,38607,83706,122313
1620956130000,38467,83627,122094
1620956430000,38532,83696,122228
1620956729000,38528,83552,122080
1620957029000,38379,83359,121738
1620957329000,38234,83527,121761
1620957630000,38049,83561,121610
1620957930000,37757,83168,120925
1620958230000,37482,82262,119744
1620958530000,37302,82645,119947
1620958830000,37096,82391,119487
1620959129000,36954,82238,119192
1620959431000,36843,82246,119089
1620959730000,36680,82085,118765
1620960029000,36377,81866,118243
1620960330000,36182,81213,117395
1620960630000,35890,80012,115902
1620960930000,35648,80081,115729
1620961230000,35389,79873,115262
1620961529000,35028,79449,114477
1620961830000,34651,79211,113862
1620962130000,34451,78903,113354
1620962429000,34122,78244,112366
1620962730000,33773,77701,111474
1620963030000,33518,77157,110675
1620963330000,33155,76567,109722
1620963629000,32992,76029,109021
1620963930000,32704,75675,108379
1620964230000,32415,74834,107249
1620964531000,32076,74073,106149
1620964829000,31804,73180,104984
1620965130000,31461,72475,103936
1620965430000,31118,71734,102852
1620965730000,30772,70967,101739
1620966031000,30446,70296,100742
1620966330000,30139,69642,99781
1620966630000,29679,69087,98766
1620966930000,29011,68421,97432
1620967230000,28758,67903,96661
1620967530000,28477,67158,95635
1620967830000,28092,66508,94600
1620968130000,27860,65718,93578
1620968430000,27609,64989,92598
1620968730000,27343,64422,91765
1620969030000,27130,63788,90918
1620969330000,27248,63310,90558
1620969630000,27059,62523,89582
1620969929000,26896,61946,88842
1620970230000,26601,61211,87812
1620970530000,26490,60480,86970
1620970830000,26295,59937,86232
1620971130000,26115,59398,85513
1620971430000,25955,59007,84962
1620971730000,25800,58610,84410
1620972030000,25539,57973,83512
1620972330000,25334,57399,82733
1620972630000,23744,56708,80452
1620972930000,23595,56401,79996
1620973230000,23396,55847,79243
1620973530000,23149,55396,78545
1620973830000,22989,54537,77526
1620974130000,22686,53979,76665
1620974430000,22679,53630,76309
1620974730000,23285,53373,76658
1620975030000,23078,52366,75444
1620975330000,23717,52177,75894
1620975630000,23647,51772,75419
1620975930000,23582,51299,74881
1620976230000,23672,51650,75322
1620976530000,23750,52309,76059
1620976829000,23769,52080,75849
1620977130000,23760,50861,74621
1620977430000,23890,49570,73460
1620977730000,23988,49668,73656
1620978029000,24020,50540,74560
1620978330000,24086,51615,75701
1620978630000,24052,51743,75795
1620978930000,24092,51529,75621
1620979230000,24222,51414,75636
1620979530000,24449,51236,75685
1620979830000,23968,51073,75041
1620980130000,24214,51258,75472
1620980430000,24309,51870,76179
1620980729000,24341,51619,75960
1620981030000,24347,51541,75888
1620981330000,24371,50702,75073
1620981629000,24322,51378,75700
1620981930000,24272,51472,75744
1620982230000,24341,51393,75734
1620982530000,24485,51171,75656
1620982830000,24684,51175,75859
1620983130000,24594,51171,75765
1620983430000,19182,40421,59603
1620983730000,24610,51119,75729
1620984030000,24802,51212,76014
1620984330000,24912,51263,76175
1620984629000,25013,51256,76269
1620984930000,25272,51343,76615
1620985229000,25512,51751,77263
1620985530000,25695,51518,77213
1620985830000,25819,51569,77388
1620986130000,25920,51591,77511
1620986430000,26041,51677,77718
1620986729000,26143,51497,77640
1620987030000,26266,51665,77931
1620987330000,26476,52187,78663
1620987630000,26709,52042,78751
1620987930000,26959,52509,79468
1620988230000,27102,52923,80025
1620988530000,27239,53128,80367
1620988830000,27437,53115,80552
1620989130000,27659,53049,80708
1620989430000,27862,53305,81167
1620989730000,28032,53601,81633
1620990030000,28189,53825,82014
1620990330000,28435,54122,82557
1620990630000,28671,54448,83119
1620990930000,28977,54938,83915
1620991230000,29128,55331,84459
1620991530000,29372,55747,85119
1620991829000,29585,56220,85805
1620992129000,29728,56354,86082
1620992429000,30124,56851,86975
1620992730000,30419,57168,87587
1620993029000,30668,57379,88047
1620993330000,30861,57963,88824
1620993630000,31041,58399,89440
1620993930000,31323,58827,90150
1620994230000,31587,59102,90689
1620994530000,31705,59630,91335
1620994830000,32106,60083,92189
1620995129000,32482,60721,93203
1620995429000,32759,61235,93994
1620995730000,33100,61917,95017
1620996030000,33518,62661,96179
1620996330000,33749,63485,97234
1620996630000,33915,63792,97707
1620996930000,34151,64677,98828
1620997229000,32417,65269,97686
1620997530000,32632,65965,98597
1620997830000,32882,66382,99264
1620998130000,33083,66958,100041
1620998430000,33372,67326,100698
1620998730000,33700,68040,101740
1620999030000,34130,68867,102997
1620999330000,34520,69513,104033
1620999630000,34844,69680,104524
1620999930000,35067,70229,105296
1621000230000,35367,70625,105992
1621000530000,35579,71011,106590
1621000830000,35917,71142,107059
1621001130000,36147,71798,107945
1621001430000,36541,72453,108994
1621001730000,36814,73020,109834
1621002030000,37172,73415,110587
1621002330000,36264,73739,110003
1621002630000,36360,74174,110534
1621002929000,36631,74985,111616
1621003230000,36777,75430,112207
1621003530000,36937,75929,112866
1621003830000,37057,76327,113384
1621004130000,37266,76775,114041
1621004430000,37512,77086,114598
1621004730000,37704,77379,115083
1621005029000,37879,77486,115365
1621005330000,38180,77813,115993
1621005630000,38491,77963,116454
1621005930000,38739,78270,117009
1621006230000,39000,78588,117588
1621006530000,39050,78386,117436
1621006830000,39343,79072,118415
1621007130000,39458,79259,118717
1621007430000,39600,79266,118866
1621007730000,38323,79260,117583
1621008030000,38431,79252,117683
1621008329000,38380,78880,117260
1621008630000,38502,78896,117398
1621008930000,38551,79277,117828
1621009230000,38607,79455,118062
1621009530000,38626,79343,117969
1621009830000,38722,79572,118294
1621010130000,38890,79886,118776
1621010431000,38780,80088,118868
1621010730000,39017,80400,119417
1621011029000,39085,80428,119513
1621011330000,39296,80393,119689
1621011630000,39372,80561,119933
1621011930000,39315,80492,119807
1621012230000,39378,80998,120376
1621012530000,39578,81422,121000
1621012830000,39711,81468,121179
1621013130000,39841,81788,121629
1621013430000,40103,81936,122039
1621013730000,40341,82381,122722
1621014030000,40418,82828,123246
1621014329000,40484,82924,123408
1621014629000,40596,83243,123839
1621014929000,40780,83188,123968
1621015230000,40774,81330,122104
1621015530000,40920,81607,122527
1621015830000,41088,82217,123305
1621016130000,41216,83875,125091
1621016430000,41298,84953,126251
1621016730000,41444,85026,126470
1621017030000,41323,85534,126857
1621017329000,40418,85634,126052
1621017630000,41285,85969,127254
1621017930000,40170,86366,126536
1621018230000,40258,86794,127052
1621018530000,40465,86713,127178
1621018830000,40784,86713,127497
1621019130000,41155,86929,128084
1621019430000,41239,86782,128021
1621019730000,42433,86874,129307
1621020030000,42565,87727,130292
1621020331000,42614,87842,130456
1621020630000,42596,88190,130786
1621020930000,42718,87867,130585
1621021229000,42738,88625,131363
1621021530000,42808,88647,131455
1621021830000,42924,88729,131653
1621022130000,42881,88611,131492
1621022430000,42839,88594,131433
1621022730000,42760,88633,131393
1621023030000,42847,88909,131756
1621023330000,42916,88865,131781
1621023630000,43008,89043,132051
1621023930000,42988,88946,131934
1621024230000,42905,88881,131786
1621024530000,42925,88866,131791
1621024830000,42914,89130,132044
1621025130000,42854,88956,131810
1621025430000,42699,88552,131251
1621025730000,42590,88478,131068
1621026030000,42365,88169,130534
1621026330000,42172,88028,130200
1621026630000,42054,87782,129836
1621026930000,41932,87512,129444
1621027230000,41843,87385,129228
1621027531000,41737,87031,128768
1621027830000,41731,86982,128713
1621028129000,41712,86910,128622
1621028430000,41594,87110,128704
1621028730000,41426,86904,128330
1621029030000,41290,86530,127820
1621029330000,41182,86446,127628
1621029630000,40971,85552,126523
1621029929000,40804,85043,125847
1621030230000,40540,84851,125391
1621030530000,40418,84733,125151
1621030830000,40365,84728,125093
1621031130000,40227,84402,124629
1621031430000,40031,84091,124122
1621031730000,39872,83414,123286
1621032030000,39819,83294,123113
1621032330000,39645,83126,122771
1621032630000,39565,83144,122709
1621032930000,39448,82341,121789
1621033230000,39325,81904,121229
1621033530000,39158,81640,120798
1621033830000,39031,80909,119940
1621034130000,38818,80633,119451
1621034430000,38617,80662,119279
1621034730000,38611,80455,119066
1621035030000,38596,80467,119063
1621035330000,38482,80140,118622
1621035630000,38422,80087,118509
1621035929000,38342,80174,118516
1621036230000,38205,80110,118315
1621036530000,38180,80118,118298
1621036830000,38186,79257,117443
1621037130000,38424,79071,117495
1621037430000,38608,78923,117531
1621037730000,38596,78979,117575
1621038030000,38824,79351,118175
1621038330000,38717,79400,118117
1621038630000,38649,79497,118146
1621038930000,38448,79733,118181
1621039230000,38581,79794,118375
1621039530000,38473,79899,118372
1621039829000,38467,80133,118600
1621040130000,38418,80326,118744
1621040430000,38496,80352,118848
1621040730000,38344,80588,118932
1621041030000,38162,80527,118689
1621041330000,38051,80641,118692
1621041630000,37943,80908,118851
1621041930000,37843,80760,118603
1621042230000,37803,80941,118744
1621042530000,37714,81018,118732
1621042830000,37723,81189,118912
1621043130000,37682,81286,118968
1621043429000,37536,81080,118616
1621043729000,37254,80679,117933
1621044030000,36928,80404,117332
1621044330000,36928,80528,117456
1621044630000,36791,80713,117504
1621044930000,36597,80967,117564
1621045229000,36505,80821,117326
1621045530000,36330,80471,116801
1621045830000,36144,80335,116479
1621046130000,36041,80515,116556
1621046430000,36088,80838,116926
1621046730000,35908,81023,116931
1621047030000,35600,80375,115975
1621047330000,35403,79803,115206
1621047629000,35224,79317,114541
1621047930000,35023,79220,114243
1621048230000,34771,79210,113981
1621048530000,34556,79074,113630
1621048830000,34306,78730,113036
1621049130000,34099,77998,112097
1621049430000,33904,78054,111958
1621049730000,33617,77518,111135
1621050029000,33387,77448,110835
1621050330000,33202,77005,110207
1621050630000,33005,76904,109909
1621050930000,32800,76307,109107
1621051230000,32647,75366,108013
1621051529000,32452,74802,107254
1621051830000,32194,74317,106511
1621052130000,31923,73828,105751
1621052429000,31687,73352,105039
1621052730000,31494,72322,103816
1621053030000,31300,71815,103115
1621053330000,31071,71655,102726
1621053629000,30789,70392,101181
1621053930000,30543,70268,100811
1621054230000,30286,69832,100118
1621054529000,30087,69281,99368
1621054830000,29832,68747,98579
1621055130000,29568,68185,97753
1621055430000,29239,67488,96727
1621055729000,28971,66296,95267
1621056030000,28747,65758,94505
1621056330000,28527,65340,93867
1621056630000,28234,65045,93279
1621056930000,28041,64468,92509
1621057230000,27824,63933,91757
1621057530000,27584,63285,90869
1621057829000,27473,62726,90199
1621058130000,27132,62018,89150
1621058430000,26981,61098,88079
1621058730000,25244,60589,85833
1621059030000,24998,59779,84777
1621059330000,24753,59079,83832
1621059629000,24822,57661,82483
1621059930000,24247,57888,82135
1621060230000,25023,57336,82359
1621060530000,24556,56747,81303
1621060829000,25658,56097,81755
1621061129000,25784,55788,81572
1621061430000,25705,55476,81181
1621061729000,25595,55291,80886
1621062029000,25398,54691,80089
1621062330000,25274,54243,79517
1621062630000,25145,54534,79679
1621062930000,25064,55191,80255
1621063230000,24933,55021,79954
1621063530000,24861,53896,78757
1621063830000,24784,52932,77716
1621064129000,24729,52655,77384
1621064430000,24690,53185,77875
1621064730000,24636,54147,78783
1621065030000,24568,54286,78854
1621065329000,24582,54177,78759
1621065630000,24613,54062,78675
1621065930000,24678,53888,78566
1621066230000,24773,53608,78381
1621066530000,24866,53458,78324
1621066830000,24896,53176,78072
1621067130000,24988,53238,78226
1621067429000,24901,53983,78884
1621067730000,24905,53829,78734
1621068030000,24917,53780,78697
1621068330000,24991,53739,78730
1621068630000,25066,53763,78829
1621068930000,25159,53633,78792
1621069230000,25204,53592,78796
1621069530000,25298,53575,78873
1621069829000,25468,53548,79016
1621070130000,25667,53544,79211
1621070430000,25838,53581,79419
1621070730000,25947,53669,79616
1621071030000,26102,53636,79738
1621071329000,26118,53685,79803
1621071629000,25912,53801,79713
1621071930000,26010,53845,79855
1621072230000,26233,53969,80202
1621072530000,26485,54072,80557
1621072831000,26598,54069,80667
1621073130000,26674,54169,80843
1621073430000,26764,54108,80872
1621073730000,26915,54400,81315
1621074030000,27039,54717,81756
1621074330000,27173,54920,82093
1621074629000,27349,55397,82746
1621074929000,27443,55805,83248
1621075230000,27612,56205,83817
1621075529000,27605,56593,84198
1621075830000,27724,56897,84621
1621076130000,27907,56978,84885
1621076430000,28013,57128,85141
1621076730000,28221,57630,85851
1621077030000,28441,57947,86388
1621077330000,28490,58294,86784
1621077630000,28696,58912,87608
1621077930000,28873,59147,88020
1621078229000,29066,59589,88655
1621078530000,29212,60066,89278
1621078829000,29067,60654,89721
1621079129000,29378,60952,90330
1621079430000,29627,61384,91011
1621079730000,29845,61750,91595
1621080030000,30100,62031,92131
1621080329000,30023,62300,92323
1621080630000,30107,63001,93108
1621080930000,30265,63422,93687
1621081230000,30469,63928,94397
1621081530000,30715,64621,95336
1621081829000,30945,64687,95632
1621082132000,31124,65168,96292
1621082430000,31423,65728,97151
1621082729000,31711,66231,97942
1621083030000,31969,66735,98704
1621083329000,32152,67282,99434
1621083630000,32509,67652,100161
1621083929000,32830,68329,101159
1621084230000,33070,68906,101976
1621084530000,33364,69394,102758
1621084830000,33655,69716,103371
1621085130000,33826,70387,104213
1621085430000,34216,71059,105275
1621085730000,34473,71258,105731
1621086030000,34677,71653,106330
1621086329000,34840,72442,107282
1621086630000,35087,73042,108129
1621086930000,35495,73322,108817
1621087230000,35860,73903,109763
1621087529000,36020,74293,110313
1621087830000,36205,74745,110950
1621088130000,36473,75257,111730
1621088430000,36738,75749,112487
1621088730000,36915,76113,113028
1621089030000,37054,76560,113614
1621089330000,37301,76772,114073
1621089630000,37601,77420,115021
1621089930000,37763,77704,115467
1621090230000,37999,78071,116070
1621090530000,38195,78387,116582
1621090830000,38397,78596,116993
1621091130000,38523,79008,117531
1621091430000,38570,79822,118392
1621091730000,38568,80316,118884
1621092030000,38731,80712,119443
1621092330000,39005,81336,120341
1621092630000,39022,81924,120946
1621092930000,39145,81684,120829
1621093230000,39011,82122,121133
1621093530000,39542,82189,121731
1621093830000,39334,81973,121307
1621094130000,39452,81576,121028
1621094430000,39822,81149,120971
1621094730000,39808,81861,121669
1621095030000,39860,81825,121685
1621095330000,39944,82255,122199
1621095630000,39962,81701,121663
1621095930000,40141,82028,122169
1621096230000,40154,82042,122196
1621096530000,40308,82287,122595
1621096830000,40415,82616,123031
1621097130000,40445,82554,122999
1621097430000,40566,83000,123566
1621097730000,40607,83034,123641
1621098030000,40162,83122,123284
1621098330000,40497,83169,123666
1621098630000,40686,83473,124159
1621098930000,40758,84041,124799
1621099230000,40808,84294,125102
1621099530000,40969,84686,125655
1621099831000,41070,84835,125905
1621100130000,41186,84841,126027
1621100431000,41323,85144,126467
1621100730000,41210,85212,126422
1621101031000,41438,85257,126695
1621101330000,41536,85438,126974
1621101631000,41590,83672,125262
1621101930000,41816,83898,125714
1621102231000,41733,84565,126298
1621102530000,41893,85860,127753
1621102831000,42142,86506,128648
1621103130000,42250,86788,129038
1621103431000,41033,87383,128416
1621103730000,41106,87895,129001
1621104031000,41211,88111,129322
1621104331000,41404,88564,129968
1621104631000,41239,88879,130118
1621104929000,42194,89278,131472
1621105231000,42097,89389,131486
1621105530000,43089,89651,132740
1621105831000,43536,89906,133442
1621106129000,43684,90174,133858
1621106431000,43722,90701,134423
1621106730000,43855,90693,134548
1621107031000,44051,91174,135225
1621107330000,44033,91182,135215
1621107631000,44093,91110,135203
1621107929000,44040,91519,135559
1621108231000,44131,91569,135700
1621108530000,44146,91687,135833
1621108831000,44094,91277,135371
1621109130000,44223,91191,135414
1621109431000,44071,91072,135143
1621109730000,44253,91377,135630
1621110031000,44280,91187,135467
1621110330000,44219,91406,135625
1621110631000,44229,91289,135518
1621110930000,44146,91377,135523
1621111231000,43949,91242,135191
1621111530000,43894,91110,135004
1621111831000,43888,90914,134802
1621112130000,43807,90993,134800
1621112431000,43859,90845,134704
1621112730000,43775,90401,134176
1621113031000,43631,90091,133722
1621113330000,43582,90054,133636
1621113631000,43389,89714,133103
1621113930000,43262,89793,133055
1621114231000,43234,89413,132647
1621114529000,43043,89129,132172
1621114831000,42963,89077,132040
1621115130000,42807,88831,131638
1621115431000,42606,88661,131267
1621115730000,42402,88314,130716
1621116031000,42250,88051,130301
1621116330000,42135,87931,130066
1621116631000,41856,87519,129375
1621116930000,41747,87248,128995
1621117231000,41507,87060,128567
1621117530000,41436,87033,128469
1621117831000,41242,86694,127936
1621118130000,41001,86325,127326
1621118431000,40876,86180,127056
1621118730000,40674,85874,126548
1621119031000,40512,85530,126042
1621119329000,40265,85180,125445
1621119631000,40127,84595,124722
1621119930000,39801,83923,123724
1621120231000,39666,83655,123321
1621120530000,39676,83757,123433
1621120831000,39544,83180,122724
1621121130000,39371,82932,122303
1621121431000,39404,82594,121998
1621121730000,39214,82093,121307
1621122032000,38850,80403,119253
1621122330000,38705,80575,119280
1621122631000,38591,80738,119329
1621122930000,38774,80832,119606
1621123231000,38726,80950,119676
1621123530000,39085,80751,119836
1621123832000,39175,80720,119895
1621124130000,39023,80681,119704
1621124459000,38910,80493,119403
1621124730000,38893,81079,119972
1621125032000,38681,81307,119988
1621125330000,38579,81702,120281
1621125632000,38451,81903,120354
1621125930000,38428,82145,120573
1621126232000,38382,82118,120500
1621126529000,38321,82137,120458
1621126832000,38302,81863,120165
1621127130000,38223,82106,120329
1621127432000,38093,82303,120396
1621127730000,37985,82539,120524
1621128032000,38057,82777,120834
1621128330000,38059,82910,120969
1621128632000,37990,83087,121077
1621128930000,37934,83227,121161
1621129232000,37912,83459,121371
1621129530000,37892,83590,121482
1621129832000,37805,83697,121502
1621130130000,37653,83672,121325
1621130432000,37458,83715,121173
1621130730000,37406,83497,120903
1621131032000,37315,83787,121102
1621131330000,37139,83871,121010
1621131632000,36998,83656,120654
1621131929000,36922,83519,120441
1621132232000,36787,83636,120423
1621132530000,36569,83466,120035
1621132832000,36542,83454,119996
1621133130000,36403,82945,119348
1621133432000,36232,82486,118718
1621133729000,36154,82073,118227
1621134032000,35899,82109,118008
1621134330000,35720,81663,117383
1621134632000,35517,81579,117096
1621134930000,35328,81223,116551
1621135232000,35182,80910,116092
1621135529000,34981,80576,115557
1621135832000,34739,80262,115001
1621136130000,34544,80000,114544
1621136432000,34522,79663,114185
1621136790000,34196,79155,113351
1621137032000,33986,78810,112796
1621137329000,33716,78059,111775
1621137632000,33407,77685,111092
1621137930000,33194,77179,110373
1621138232000,32924,76581,109505
1621138530000,32699,75943,108642
1621138832000,32486,75579,108065
1621139130000,32285,75166,107451
1621139432000,32025,74683,106708
1621139730000,31702,74012,105714
1621140032000,31446,73545,104991
1621140329000,31194,72947,104141
1621140632000,30923,71941,102864
1621140930000,30707,71747,102454
1621141232000,30568,71392,101960
1621141530000,30305,70786,101091
1621141832000,29955,70575,100530
1621142130000,29829,69540,99369
1621142429000,29504,68744,98248
1621142730000,29334,68209,97543
1621143032000,29127,67613,96740
1621143330000,28975,67065,96040
1621143632000,28705,66511,95216
1621143930000,28515,65747,94262
1621144232000,28343,65041,93384
1621144529000,28058,64296,92354
1621144832000,27845,63771,91616
1621145130000,27626,62909,90535
1621145432000,27288,62258,89546
1621145729000,25911,61564,87475
1621146029000,25764,60962,86726
1621146330000,25516,60088,85604
1621146630000,25416,59574,84990
1621146929000,25597,58674,84271
1621147232000,25469,58110,83579
1621147530000,26433,57883,84316
1621147830000,26330,57390,83720
1621148130000,26131,57297,83428
1621148429000,25833,56686,82519
1621148730000,25661,56201,81862
1621149030000,25414,56239,81653
1621149330000,25371,57027,82398
1621149629000,25170,56632,81802
1621149929000,25241,55500,80741
1621150229000,25219,54694,79913
1621150530000,25209,54533,79742
1621150830000,25260,54959,80219
1621151130000,25199,55922,81121
1621151433000,25134,56034,81168
1621151730000,25054,55890,80944
1621152030000,25132,55679,80811
1621152330000,25278,55682,80960
1621152630000,25376,55540,80916
1621152930000,25422,55355,80777
1621153230000,25528,55320,80848
1621153530000,25591,55292,80883
1621153830000,25782,55138,80920
1621154130000,25710,55190,80900
1621154429000,25796,55031,80827
1621154730000,26005,55522,81527
1621155030000,26184,55548,81732
1621155330000,26304,55479,81783
1621155630000,26429,55599,82028
1621155930000,26595,55718,82313
1621156230000,26707,55715,82422
1621156530000,26833,55733,82566
1621156829000,26885,55822,82707
1621157130000,27065,55852,82917
1621157429000,27214,55162,82376
1621157730000,27415,55967,83382
1621158030000,27448,56097,83545
1621158330000,27483,56152,83635
1621158630000,27253,56172,83425
1621158930000,27399,56237,83636
1621159230000,27643,56509,84152
1621159530000,27767,56507,84274
1621159830000,27979,56552,84531
1621160130000,28165,56764,84929
1621160430000,28272,57099,85371
1621160730000,28468,57318,85786
1621161029000,28569,57746,86315
1621161330000,28743,57962,86705
1621161630000,28901,58074,86975
1621161930000,29014,58449,87463
1621162230000,29129,58724,87853
1621162530000,29221,59011,88232
1621162830000,29323,59153,88476
1621163130000,29507,59380,88887
1621163429000,29322,59753,89075
1621163730000,29280,60444,89724
1621164030000,29422,60618,90040
1621164330000,29624,60667,90291
1621164630000,29750,60842,90592
1621164930000,29753,61069,90822
1621165229000,29871,61226,91097
1621165529000,30187,61581,91768
1621165830000,30341,61973,92314
1621166129000,30615,62309,92924
1621166430000,31001,62793,93794
1621166730000,31277,63166,94443
1621167030000,31544,63869,95413
1621167330000,31865,64114,95979
1621167630000,32043,64256,96299
1621167930000,32364,64943,97307
1621168230000,32682,65527,98209
1621168530000,32847,65747,98594
1621168829000,33056,66337,99393
1621169130000,33377,66718,100095
1621169430000,33563,67298,100861
1621169730000,33786,67734,101520
1621170030000,34020,68577,102597
1621170330000,34401,69120,103521
1621170630000,34609,69480,104089
1621170930000,34978,70285,105263
1621171230000,35345,70759,106104
1621171530000,35622,71249,106871
1621171830000,35952,72340,108292
1621172130000,36260,72892,109152
1621172430000,36587,73122,109709
1621172730000,36867,74082,110949
1621173034000,37003,74511,111514
1621173330000,37271,74972,112243
1621173630000,37516,75566,113082
1621173930000,37688,76312,114000
1621174230000,38095,77172,115267
1621174530000,38329,77806,116135
1621174830000,38621,78165,116786
1621175130000,39024,78737,117761
1621175431000,39182,79787,118969
1621175730000,39480,79823,119303
1621176030000,39659,80212,119871
1621176330000,39943,80654,120597
1621176630000,40133,81431,121564
1621176930000,40414,82013,122427
1621177229000,40727,82547,123274
1621177530000,40957,82825,123782
1621177829000,41121,83375,124496
1621178130000,41328,84002,125330
1621178430000,41496,84484,125980
1621178729000,41663,84992,126655
1621179030000,41895,85654,127549
1621179330000,42003,85877,127880
1621179630000,42177,86383,128560
1621179929000,42347,86626,128973
1621180230000,42484,86740,129224
1621180530000,42571,86828,129399
1621180830000,42733,87150,129883
1621181129000,42957,87134,130091
1621181430000,43108,87420,130528
1621181730000,43278,87779,131057
1621182030000,43382,87751,131133
1621182330000,43470,88740,132210
1621182630000,43608,88019,131627
1621182930000,43556,88299,131855
1621183230000,43745,88182,131927
1621183530000,43966,88418,132384
1621183830000,44061,89167,133228
1621184130000,44150,89399,133549
1621184486000,44262,89467,133729
1621184730000,44435,89690,134125
1621185030000,44534,89970,134504
1621185329000,44745,90213,134958
1621185629000,44906,90432,135338
1621185930000,45055,90490,135545
1621186230000,45213,91215,136428
1621186530000,45419,91458,136877
1621186830000,45566,92038,137604
1621187130000,45751,92543,138294
1621187430000,45838,92975,138813
1621187730000,45922,93255,139177
1621188029000,46210,91854,138064
1621188330000,46372,92306,138678
1621188630000,46373,93460,139833
1621188930000,45303,94890,140193
1621189230000,45349,95597,140946
1621189529000,45585,96066,141651
1621189830000,45697,96329,142026
1621190130000,45938,96858,142796
1621190430000,45842,97047,142889
1621190730000,46545,97373,143918
1621191030000,46712,97958,144670
1621191330000,47975,98517,146492
1621191629000,48088,98375,146463
1621191930000,48152,98520,146672
1621192230000,48167,98759,146926
1621192529000,48163,98913,147076
1621192830000,48181,99423,147604
1621193130000,48350,99642,147992
1621193430000,48425,100149,148574
1621193729000,48484,99983,148467
1621194030000,48467,99977,148444
1621194330000,48395,99761,148156
1621194629000,48473,99906,148379
1621194930000,48414,99984,148398
1621195230000,48392,99528,147920
1621195530000,48300,99490,147790
1621195830000,48102,99355,147457
1621196129000,48042,99238,147280
1621196430000,47876,99013,146889
1621196730000,47799,98801,146600
1621197030000,47553,95835,143388
1621197330000,47645,96195,143840
1621197630000,47465,96596,144061
1621197929000,47390,96638,144028
1621198230000,47121,96493,143614
1621198529000,46888,96105,142993
1621198830000,46752,95782,142534
1621199130000,46544,95510,142054
1621199430000,46413,95205,141618
1621199730000,46309,95037,141346
1621200030000,45908,94860,140768
1621200330000,45637,94162,139799
1621200629000,45433,93581,139014
1621200930000,45135,93546,138681
1621201230000,44854,93164,138018
1621201530000,44775,92959,137734
1621201830000,44460,92554,137014
1621202130000,44107,92009,136116
1621202430000,43732,91359,135091
1621202729000,43411,90765,134176
1621203029000,43151,90226,133377
1621203330000,42806,90029,132835
1621203630000,42616,89480,132096
1621203930000,42446,89047,131493
1621204230000,42166,88601,130767
1621204531000,41963,88130,130093
1621204829000,41971,88293,130264
1621205130000,41749,88262,130011
1621205430000,41565,87710,129275
1621205730000,41279,87697,128976
1621206030000,41154,86911,128065
1621206330000,40803,86237,127040
1621206630000,40452,85473,125925
1621206930000,40428,85135,125563
1621207230000,40329,85184,125513
1621207530000,40108,84247,124355
1621207830000,40067,84137,124204
1621208129000,39875,83916,123791
1621208430000,39817,83688,123505
1621208730000,39701,83333,123034
1621209030000,39753,83469,123222
1621209330000,39949,83738,123687
1621209629000,40015,83754,123769
1621209930000,40410,83787,124197
1621210230000,40662,83695,124357
1621210530000,40805,83482,124287
1621210830000,40854,83383,124237
1621211130000,40773,83274,124047
1621211430000,40599,83307,123906
1621211730000,40580,83925,124505
1621212029000,40552,84128,124680
1621212330000,40457,83962,124419
1621212630000,40442,84072,124514
1621212929000,40430,84362,124792
1621213230000,40429,84451,124880
1621213530000,40274,84746,125020
1621213830000,40138,84779,124917
1621214130000,40149,84919,125068
1621214430000,40037,84856,124893
1621214730000,39996,85303,125299
1621215030000,39952,85381,125333
1621215329000,39852,85458,125310
1621215630000,39603,85594,125197
1621215930000,39621,85838,125459
1621216230000,39585,86012,125597
1621216530000,39438,85827,125265
1621216830000,39237,85164,124401
1621217130000,39191,84952,124143
1621217430000,38994,85102,124096
1621217730000,38542,84938,123480
1621218031000,38342,84893,123235
1621218330000,38172,84348,122520
1621218629000,37925,84435,122360
1621218930000,37722,83987,121709
1621219230000,37417,83573,120990
1621219530000,37171,83343,120514
1621219830000,36902,83155,120057
1621220130000,36578,82062,118640
1621220430000,36232,82248,118480
1621220730000,35880,81745,117625
1621221030000,35617,81188,116805
1621221330000,35323,80546,115869
1621221630000,34932,79941,114873
1621221930000,34622,79277,113899
1621222230000,34249,78685,112934
1621222530000,33877,77900,111777
1621222830000,33616,77165,110781
1621223130000,33278,76928,110206
1621223430000,32928,76258,109186
1621223729000,32572,75680,108252
1621224030000,32137,74663,106800
1621224329000,31706,73687,105393
1621224630000,31508,73096,104604
1621224930000,31258,72666,103924
1621225230000,31068,71977,103045
1621225529000,30725,71250,101975
1621225829000,30451,70900,101351
1621226130000,30160,70437,100597
1621226430000,29760,69593,99353
1621226730000,29503,68946,98449
1621227030000,29265,68171,97436
1621227330000,29012,67598,96610
1621227630000,28636,66963,95599
1621227930000,28305,66249,94554
1621228230000,28039,65445,93484
1621228530000,27701,64891,92592
1621228830000,27362,64306,91668
1621229130000,27167,63612,90779
1621229430000,26949,62875,89824
1621229732000,26607,62150,88757
1621230030000,26280,61498,87778
1621230330000,26145,60989,87134
1621230630000,25931,60369,86300
1621230930000,25728,59790,85518
1621231230000,25409,58968,84377
1621231529000,25141,58102,83243
1621231830000,25009,57293,82302
1621232130000,25008,56760,81768
1621232430000,24943,55872,80815
1621232730000,24897,55226,80123
1621233030000,24844,54767,79611
1621233330000,24723,54441,79164
1621233630000,23509,54472,77981
1621233929000,22792,54059,76851
1621234230000,22709,53701,76410
1621234530000,22330,53234,75564
1621234830000,22244,52894,75138
1621235132000,22240,52619,74859
1621235430000,22259,52979,75238
1621235729000,22242,53610,75852
1621236030000,22224,53331,75555
1621236330000,22098,52102,74200
1621236630000,22037,51218,73255
1621236930000,21889,51330,73219
1621237230000,21865,51768,73633
1621237530000,21830,52755,74585
1621237830000,21711,52984,74695
1621238130000,21760,52863,74623
1621238430000,21808,52606,74414
1621238729000,21984,52410,74394
1621239030000,22427,52410,74837
1621239330000,22657,52306,74963
1621239630000,22741,52099,74840
1621239930000,22840,51945,74785
1621240230000,23012,51785,74797
1621240530000,23059,51879,74938
1621240830000,23149,52255,75404
1621241130000,23210,52823,76033
1621241430000,23257,52948,76205
1621241730000,23072,52877,75949
1621242030000,23163,52889,76052
1621242330000,23400,53002,76402
1621242630000,22812,53115,75927
1621242930000,22891,53256,76147
1621243230000,22949,52970,75919
1621243530000,22985,52713,75698
1621243830000,23079,52767,75846
1621244130000,23157,52820,75977
1621244430000,23334,52888,76222
1621244730000,23333,53075,76408
1621245030000,23334,53134,76468
1621245330000,23458,53205,76663
1621245630000,23464,53152,76616
1621245929000,23554,53018,76572
1621246230000,23605,53148,76753
1621246530000,23780,53250,77030
1621246830000,23828,53218,77046
1621247130000,23861,53454,77315
1621247430000,24001,53350,77351
1621247730000,23887,53636,77523
1621248030000,23824,53841,77665
1621248330000,23757,54294,78051
1621248630000,23089,54603,77692
1621248930000,21776,54893,76669
1621249230000,8155,54948,63103
1621249530000,6887,55193,62080
1621249830000,12006,55639,67645
1621250130000,14764,56014,70778
1621250430000,16476,56613,73089
1621250729000,17788,56995,74783
1621251030000,18873,57029,75902
1621251330000,19821,57354,77175
1621251629000,20894,57885,78779
1621251929000,21700,58268,79968
1621252230000,22419,58875,81294
1621252530000,23088,59293,82381
1621252830000,23696,59614,83310
1621253130000,24237,59775,84012
1621253430000,24750,60572,85322
1621253730000,25225,61303,86528
1621254029000,25846,61378,87224
1621254330000,26413,62246,88659
1621254630000,26876,62504,89380
1621254930000,27393,63064,90457
1621255230000,27801,63759,91560
1621255529000,28176,64318,92494
1621255830000,28607,65039,93646
1621256130000,28888,65672,94560
1621256430000,28928,66221,95149
1621256730000,29253,66949,96202
1621257031000,29733,67616,97349
1621257330000,30118,68431,98549
1621257630000,30557,68852,99409
1621257930000,30885,69717,100602
1621258229000,30449,70481,100930
1621258529000,30736,71112,101848
1621258830000,31173,71608,102781
1621259130000,31533,72122,103655
1621259429000,31807,72656,104463
1621259730000,32084,73167,105251
1621260030000,32312,73547,105859
1621260330000,32604,73948,106552
1621260630000,32871,74313,107184
1621260930000,33068,75076,108144
1621261230000,33318,75734,109052
1621261530000,33694,76227,109921
1621261829000,33795,76926,110721
1621262130000,34024,77345,111369
1621262430000,34264,78244,112508
1621262729000,34590,78862,113452
1621263030000,34831,79254,114085
1621263330000,35050,79532,114582
1621263629000,35394,80785,116179
1621263930000,35493,80209,115702
1621264230000,35476,80476,115952
1621264530000,35864,80991,116855
1621264830000,36092,80941,117033
1621265130000,36333,81455,117788
1621265430000,36568,81545,118113
1621265730000,36890,82094,118984
1621266030000,37288,82870,120158
1621266330000,37532,83355,120887
1621266630000,37749,83406,121155
1621266930000,36647,83514,120161
1621267230000,36763,83749,120512
1621267530000,36688,83261,119949
1621267830000,36850,83228,120078
1621268130000,36920,83739,120659
1621268430000,36947,83867,120814
1621268730000,37533,84146,121679
1621269030000,38075,84401,122476
1621269330000,38190,84450,122640
1621269630000,38562,84638,123200
1621269930000,39826,84995,124821
1621270230000,39964,85613,125577
1621270530000,40052,85692,125744
1621270830000,40248,85661,125909
1621271129000,40366,85667,126033
1621271430000,40561,85861,126422
1621271729000,40792,86384,127176
1621272030000,40894,86789,127683
1621272330000,41230,87336,128566
1621272629000,41484,86810,128294
1621272930000,41724,88087,129811
1621273230000,42397,88596,130993
1621273530000,42528,88805,131333
1621273830000,42665,89204,131869
1621274129000,42841,89418,132259
1621274430000,43022,87815,130837
1621274730000,43147,88204,131351
1621275030000,43278,89000,132278
1621275330000,43596,90540,134136
1621275630000,43771,91117,134888
1621275930000,43946,91603,135549
1621276230000,44002,92256,136258
1621276530000,44032,92465,136497
1621276830000,44212,92936,137148
1621277130000,44272,93099,137371
1621277430000,44361,93451,137812
1621277730000,44442,93785,138227
1621278030000,44520,93799,138319
1621278330000,44496,93905,138401
1621278630000,44649,94026,138675
1621278930000,44734,94395,139129
1621279230000,44744,94540,139284
1621279530000,44787,94553,139340
1621279830000,44870,94616,139486
1621280129000,44656,94737,139393
1621280430000,44603,92351,136954
1621280730000,44739,93224,137963
1621281030000,44734,93880,138614
1621281329000,44637,94444,139081
1621281630000,44573,94590,139163
1621281929000,44554,94620,139174
1621282230000,44410,94620,139030
1621282530000,44442,94882,139324
1621282830000,44427,94732,139159
1621283130000,44236,94829,139065
1621283430000,44105,94535,138640
1621283730000,43912,94246,138158
1621284030000,43904,94212,138116
1621284330000,43730,93885,137615
1621284630000,43609,93772,137381
1621284930000,43298,93534,136832
1621285230000,43028,92909,135937
1621285530000,42782,92541,135323
1621285830000,42499,92282,134781
1621286130000,42387,91791,134178
1621286429000,42252,91261,133513
1621286730000,42105,90985,133090
1621287030000,41950,90607,132557
1621287330000,41871,90169,132040
1621287629000,41674,89632,131306
1621287929000,41452,89114,130566
1621288230000,41344,88895,130239
1621288531000,41191,88713,129904
1621288830000,41051,88421,129472
1621289130000,40818,87935,128753
1621289429000,40508,87709,128217
1621289730000,40357,87200,127557
1621290030000,40180,86880,127060
1621290330000,40074,86582,126656
1621290630000,39815,86284,126099
1621290930000,39736,86169,125905
1621291230000,39596,86102,125698
1621291530000,39555,85892,125447
1621291830000,39595,85810,125405
1621292130000,39466,85572,125038
1621292431000,39282,85349,124631
1621292730000,39073,84326,123399
1621293029000,39084,84045,123129
1621293330000,39127,84097,123224
1621293630000,38944,83786,122730
1621293930000,38879,83594,122473
1621294230000,39015,83579,122594
1621294530000,38975,83593,122568
1621294830000,39140,83510,122650
1621295130000,39180,82927,122107
1621295429000,39356,83300,122656
1621295730000,39530,83406,122936
1621296030000,39288,83494,122782
1621296330000,40038,84000,124038
1621296630000,40255,83474,123729
1621296930000,40425,83959,124384
1621297230000,40502,84290,124792
1621297530000,40444,84648,125092
1621297830000,40472,84754,125226
1621298130000,40440,84846,125286
1621298430000,40731,84951,125682
1621298730000,40846,85276,126122
1621299029000,40764,85374,126138
1621299329000,40645,86398,127043
1621299630000,40304,86442,126746
1621299930000,40246,86565,126811
1621300230000,40168,86858,127026
1621300530000,40038,87600,127638
1621300830000,40005,87286,127291
1621301130000,39956,87401,127357
1621301430000,39840,87469,127309
1621301730000,39787,87446,127233
1621302030000,39740,87791,127531
1621302330000,39468,86578,126046
1621302630000,39312,86583,125895
1621302930000,39020,85427,124447
1621303230000,38783,85060,123843
1621303530000,38413,84562,122975
1621303830000,38250,84226,122476
1621304130000,38149,84209,122358
1621304430000,37873,84184,122057
1621304730000,37704,84430,122134
1621305030000,37412,84307,121719
1621305330000,37063,83656,120719
1621305630000,36832,84705,121537
1621305930000,36732,85288,122020
1621306283000,36465,84543,121008
1621306530000,36160,84096,120256
1621306830000,35889,83512,119401
1621307129000,35544,82792,118336
1621307429000,35285,82192,117477
1621307730000,35121,82555,117676
1621308029000,34665,81462,116127
1621308329000,34285,80805,115090
1621308630000,33978,80340,114318
1621308930000,33793,79671,113464
1621309230000,33425,79551,112976
1621309530000,33111,77429,110540
1621309830000,32893,77918,110811
1621310130000,32529,77141,109670
1621310430000,32207,76389,108596
1621310730000,31801,75254,107055
1621311030000,31442,74784,106226
1621311330000,31149,74309,105458
1621311630000,30904,73335,104239
1621311930000,30594,71612,102206
1621312230000,30237,70976,101213
1621312529000,29950,70489,100439
1621312830000,29507,69802,99309
1621313130000,29239,69031,98270
1621313430000,28967,68347,97314
1621313730000,28650,67447,96097
1621314030000,28396,67106,95502
1621314329000,28154,66314,94468
1621314630000,27835,65423,93258
1621314930000,27549,64062,91611
1621315230000,27303,64175,91478
1621315529000,27128,63574,90702
1621315830000,26799,62722,89521
1621316130000,26575,62242,88817
1621316430000,26517,61788,88305
1621316729000,26290,61069,87359
1621317030000,26276,60330,86606
1621317329000,26116,59648,85764
1621317630000,24299,58982,83281
1621317930000,24328,58006,82334
1621318230000,23909,57554,81463
1621318530000,23872,56921,80793
1621318830000,24211,56149,80360
1621319130000,23573,55410,78983
1621319429000,23464,54973,78437
1621319730000,23006,54387,77393
1621320030000,23142,53993,77135
1621320330000,23443,53787,77230
1621320630000,24441,53635,78076
1621320930000,24593,53170,77763
1621321230000,24572,52907,77479
1621321530000,24419,52628,77047
1621321830000,24287,52783,77070
1621322130000,24093,53630,77723
1621322430000,23840,53328,77168
1621322730000,23754,51631,75385
1621323029000,23686,50809,74495
1621323330000,23732,50618,74350
1621323631000,23739,52262,76001
1621323929000,23803,53105,76908
1621324230000,23781,53425,77206
1621324530000,23783,53232,77015
1621324830000,23780,53168,76948
1621325130000,23775,52470,76245
1621325430000,23740,53182,76922
1621325730000,23717,53124,76841
1621326030000,23821,53044,76865
1621326330000,23908,52956,76864
1621326630000,23861,53007,76868
1621326930000,24071,52672,76743
1621327230000,24090,52793,76883
1621327529000,24020,52928,76948
1621327830000,24094,52988,77082
1621328130000,24357,52897,77254
1621328430000,24478,52833,77311
1621328730000,24552,52469,77021
1621329030000,24684,52446,77130
1621329330000,24852,52540,77392
1621329630000,25014,52703,77717
1621329930000,24719,52569,77288
1621330230000,24729,52630,77359
1621330530000,24866,52557,77423
1621330830000,24987,52589,77576
1621331130000,25056,52779,77835
1621331430000,24837,53061,77898
1621331730000,24720,53175,77895
1621332030000,24868,53036,77904
1621332330000,25052,53064,78116
1621332630000,25187,53023,78210
1621332929000,25373,53269,78642
1621333230000,25445,53495,78940
1621333530000,25608,53567,79175
1621333830000,25711,53776,79487
1621334130000,25731,54070,79801
1621334430000,25959,54188,80147
1621334730000,26058,54436,80494
1621335030000,26062,54553,80615
1621335330000,26221,54822,81043
1621335630000,26584,55056,81640
1621335930000,26810,55373,82183
1621336230000,26974,55708,82682
1621336530000,27175,56066,83241
1621336830000,27442,56604,84046
1621337130000,27762,56884,84646
1621337430000,27982,57105,85087
1621337730000,28203,57545,85748
1621338030000,28572,57995,86567
1621338330000,28728,58561,87289
1621338630000,28935,58756,87691
1621338930000,29265,59068,88333
1621339229000,29544,59277,88821
1621339530000,29445,59914,89359
1621339830000,28307,60705,89012
1621340130000,28654,61243,89897
1621340430000,28789,61452,90241
1621340730000,29080,62197,91277
1621341030000,29038,62898,91936
1621341330000,29692,63397,93089
1621341630000,29995,63964,93959
1621341930000,30707,64569,95276
1621342230000,30870,65229,96099
1621342530000,31146,66065,97211
1621342830000,31423,66874,98297
1621343130000,31706,67369,99075
1621343430000,31940,68292,100232
1621343730000,32043,68351,100394
1621344030000,32280,68935,101215
1621344330000,32498,69570,102068
1621344630000,32846,70220,103066
1621344930000,32911,70930,103841
1621345230000,33100,70332,103432
1621345530000,33316,71058,104374
1621345830000,33117,71716,104833
1621346130000,33183,72049,105232
1621346430000,33192,72440,105632
1621346730000,33894,72864,106758
1621347034000,34353,73269,107622
1621347330000,33614,74300,107914
1621347630000,33860,74805,108665
1621347930000,34285,75295,109580
1621348230000,34437,76094,110531
1621348529000,34654,76539,111193
1621348830000,34985,77389,112374
1621349130000,35283,77763,113046
1621349430000,35623,78380,114003
1621349730000,35371,78716,114087
1621350030000,35867,78680,114547
1621350330000,36397,79105,115502
1621350630000,36351,79044,115395
1621350930000,37203,79752,116955
1621351230000,36660,79608,116268
1621351529000,37229,80087,117316
1621351830000,37481,80253,117734
1621352130000,37891,80698,118589
1621352430000,38574,81600,120174
1621352730000,37213,81980,119193
1621353030000,37290,82039,119329
1621353330000,36843,82345,119188
1621353630000,36985,82051,119036
1621353930000,37378,82052,119430
1621354230000,37787,82117,119904
1621354530000,38489,82343,120832
1621354830000,38908,82111,121019
1621355130000,40058,82443,122501
1621355430000,40332,82077,122409
1621355730000,40571,82613,123184
1621356030000,40900,82515,123415
1621356330000,41121,82842,123963
1621356630000,41454,83317,124771
1621356930000,40194,83626,123820
1621357230000,40316,83834,124150
1621357530000,40530,84120,124650
1621357830000,40883,84634,125517
1621358130000,41352,85088,126440
1621358430000,41563,85227,126790
1621358730000,41827,85021,126848
1621359030000,42170,85650,127820
1621359330000,42370,85839,128209
1621359630000,42711,86540,129251
1621359930000,42888,87235,130123
1621360230000,43067,87807,130874
1621360531000,43272,87827,131099
1621360830000,43496,86540,130036
1621361130000,43714,86944,130658
1621361430000,44031,87557,131588
1621361730000,44342,88816,133158
1621362029000,44607,89254,133861
1621362330000,44877,89612,134489
1621362630000,45114,89588,134702
1621362930000,45269,90107,135376
1621363230000,45403,90379,135782
1621363530000,45596,90619,136215
1621363830000,43600,90942,134542
1621364130000,43584,91090,134674
1621364429000,43553,90971,134524
1621364729000,43589,91905,135494
1621365030000,43622,92352,135974
1621365329000,43671,92354,136025
1621365630000,43699,92436,136135
1621365930000,43713,92800,136513
1621366230000,43519,93124,136643
1621366530000,43734,93202,136936
1621366830000,43745,93472,137217
1621367130000,43777,93425,137202
1621367430000,43749,93658,137407
1621367730000,43792,93744,137536
1621368030000,43777,93447,137224
1621368330000,43757,93158,136915
1621368629000,43717,93060,136777
1621368929000,43809,92993,136802
1621369230000,43611,92973,136584
1621369530000,43670,92785,136455
1621369830000,43446,92313,135759
1621370130000,43442,92578,136020
1621370430000,43354,92187,135541
1621370730000,43192,91917,135109
1621371030000,43125,91919,135044
1621371330000,43021,91360,134381
1621371630000,42677,90789,133466
1621371930000,42436,90183,132619
1621372230000,42245,89712,131957
1621372530000,42064,89270,131334
1621372830000,42006,89037,131043
1621373130000,41893,88754,130647
1621373429000,41723,89388,131111
1621373731000,41529,87864,129393
1621374030000,41290,87541,128831
1621374330000,41134,87300,128434
1621374630000,40905,87023,127928
1621374930000,40717,86543,127260
1621375230000,40455,86267,126722
1621375530000,40223,85799,126022
1621375830000,39967,85524,125491
1621376130000,39799,85031,124830
1621376430000,39782,84826,124608
1621376730000,39751,84803,124554
1621377030000,39621,84389,124010
1621377330000,39483,84265,123748
1621377630000,39407,83820,123227
1621377930000,39221,83910,123131
1621378230000,39150,83511,122661
1621378529000,39054,82224,121278
1621378829000,38929,82207,121136
1621379130000,38829,81835,120664
1621379430000,38660,81605,120265
1621379730000,38598,81604,120202
1621380030000,38531,81435,119966
1621380330000,38625,81474,120099
1621380630000,38558,81391,119949
1621380930000,38545,81428,119973
1621381230000,38515,81537,120052
1621381529000,38666,81657,120323
1621381830000,38733,81928,120661
1621382129000,38770,81939,120709
1621382430000,38850,82117,120967
1621382730000,39442,81391,120833
1621383029000,39636,80702,120338
1621383330000,39659,80905,120564
1621383630000,39674,81275,120949
1621383930000,39647,81371,121018
1621384230000,39713,81759,121472
1621384530000,39603,82168,121771
1621384829000,39759,82444,122203
1621385130000,39725,82792,122517
1621385430000,39781,82734,122515
1621385730000,39734,82436,122170
1621386030000,39775,82884,122659
1621386330000,39577,83093,122670
1621386630000,39382,83634,123016
1621386930000,39178,83481,122659
1621387230000,39068,83857,122925
1621387530000,38991,83789,122780
1621387830000,38862,83447,122309
1621388130000,38762,83818,122580
1621388430000,38786,83698,122484
1621388730000,38504,84039,122543
1621389030000,38487,83786,122273
1621389330000,37928,83668,121596
1621389630000,37850,83461,121311
1621389929000,37446,83169,120615
1621390230000,37055,82928,119983
1621390530000,37015,82892,119907
1621390831000,36918,82747,119665
1621391129000,36667,81870,118537
1621391430000,36525,82041,118566
1621391730000,35972,81320,117292
1621392030000,35681,81234,116915
1621392330000,35402,80921,116323
1621392630000,35269,80686,115955
1621392930000,34903,80324,115227
1621393230000,34576,79673,114249
1621393530000,34178,78629,112807
1621393830000,33837,77440,111277
1621394130000,33524,76933,110457
1621394430000,33280,76218,109498
1621394730000,33015,75430,108445
1621395030000,32765,74907,107672
1621395330000,32568,74453,107021
1621395629000,32346,73971,106317
1621395930000,32076,73647,105723
1621396230000,31810,73076,104886
1621396530000,31502,72444,103946
1621396830000,31188,71680,102868
1621397130000,30700,70849,101549
1621397430000,30613,70228,100841
1621397730000,30244,69806,100050
1621398030000,29907,69270,99177
1621398330000,29542,68539,98081
1621398630000,29234,67654,96888
1621398929000,29021,67127,96148
1621399230000,28761,66656,95417
1621399530000,28467,65872,94339
1621399830000,28226,65337,93563
1621400130000,27972,64656,92628
1621400430000,27676,63831,91507
1621400730000,27406,63197,90603
1621401030000,27175,62632,89807
1621401330000,26857,62011,88868
1621401630000,26632,61342,87974
1621401930000,26393,60867,87260
1621402230000,26225,60130,86355
1621402530000,26009,59374,85383
1621402830000,25776,58881,84657
1621403130000,25597,58110,83707
1621403430000,25532,57306,82838
1621403730000,25714,56756,82470
1621404030000,23786,56131,79917
1621404330000,23356,55503,78859
1621404630000,23180,54809,77989
1621404930000,23473,54344,77817
1621405230000,23379,54092,77471
1621405530000,23452,54095,77547
1621405830000,23792,53704,77496
1621406130000,23351,53220,76571
1621406430000,24208,52986,77194
1621406729000,24488,52732,77220
1621407030000,24366,52530,76896
1621407329000,24255,52237,76492
1621407630000,24177,51603,75780
1621407930000,24002,51240,75242
1621408230000,23918,51638,75556
1621408530000,23774,52555,76329
1621408849000,23526,52393,75919
1621409130000,23621,51150,74771
1621409430000,23604,50285,73889
1621409730000,23749,50017,73766
1621410030000,23961,50258,74219
1621410329000,24029,51064,75093
1621410630000,24108,51110,75218
1621410930000,24217,50909,75126
1621411230000,24297,50559,74856
1621411530000,24326,50416,74742
1621411830000,24485,50286,74771
1621412130000,24634,50213,74847
1621412430000,24889,50303,75192
1621412730000,24253,50068,74321
1621413030000,24328,50047,74375
1621413330000,24343,50132,74475
1621413630000,24448,50279,74727
1621413930000,24438,51353,75791
1621414230000,24467,51251,75718
1621414530000,24580,51123,75703
1621414830000,24680,50963,75643
1621415130000,24810,50841,75651
1621415430000,24901,50824,75725
1621415730000,25013,50741,75754
1621416030000,25244,50730,75974
1621416330000,25272,50769,76041
1621416630000,25446,50812,76258
1621416930000,25657,50886,76543
1621417230000,25821,51104,76925
1621417529000,25985,51045,77030
1621417829000,25278,50799,76077
1621418130000,25413,50646,76059
1621418430000,25445,50480,75925
1621418730000,25542,49460,75002
1621419030000,25716,48850,74566
1621419330000,25889,48254,74143
1621419688000,26093,46760,72853
1621419930000,26183,44862,71045
1621420230000,26335,32357,58692
1621420530000,26500,0,26500
1621420830000,26718,0,26718
1621421130000,26934,0,26934
1621421430000,26558,0,26558
1621421735000,26589,1112,27701
1621421795000,26633,4540,31173
1621422030000,26616,12694,39310
1621422330000,26722,18589,45311
1621422630000,26914,22185,49099
1621422930000,27298,24942,52240
1621423230000,27438,26918,54356
1621423530000,27484,28513,55997
1621423830000,27702,29796,57498
1621424130000,27959,31024,58983
1621424430000,28251,32161,60412
1621424730000,28466,32913,61379
1621425030000,28739,33486,62225
1621425330000,29013,34009,63022
1621425630000,29213,34512,63725
1621425929000,29511,35075,64586
1621426230000,29846,36023,65869
1621426530000,30082,36725,66807
1621426830000,30478,37227,67705
1621427130000,30840,38086,68926
1621427430000,31145,39008,70153
1621427730000,31402,41165,72567
1621428030000,31629,43159,74788
1621428329000,32125,44782,76907
1621428630000,32421,45962,78383
1621428930000,32640,46880,79520
1621429230000,32808,48058,80866
1621429530000,33023,49200,82223
1621429829000,33421,50374,83795
1621430131000,33662,51473,85135
1621430430000,34058,52279,86337
1621430730000,34245,53348,87593
1621431030000,34588,54015,88603
1621431330000,34906,55093,89999
1621431630000,35156,55932,91088
1621431930000,35383,56791,92174
1621432230000,35698,57485,93183
1621432530000,35964,58136,94100
1621432830000,36220,58804,95024
1621433130000,36470,59173,95643
1621433430000,36868,59734,96602
1621433730000,37279,60415,97694
1621434030000,37504,61339,98843
1621434330000,37826,61980,99806
1621434629000,38032,62530,100562
1621434930000,38265,64249,102514
1621435229000,38630,63723,102353
1621435530000,36489,64716,101205
1621435830000,36737,65125,101862
1621436130000,37052,65731,102783
1621436430000,36893,66028,102921
1621436730000,37101,66521,103622
1621437030000,37312,67067,104379
1621437330000,37449,67331,104780
1621437630000,37808,67739,105547
1621437930000,38070,68170,106240
1621438230000,38110,68225,106335
1621438530000,38349,68570,106919
1621438830000,38739,68880,107619
1621439130000,38892,69115,108007
1621439430000,39125,69430,108555
1621439730000,39439,69393,108832
1621440030000,39693,69385,109078
1621440330000,39821,69339,109160
1621440630000,40081,69477,109558
1621440930000,40254,69808,110062
1621441230000,40469,70192,110661
1621441530000,40736,70461,111197
1621441830000,40928,68671,109599
1621442130000,41072,67798,108870
1621442430000,41265,66476,107741
1621442730000,41498,64778,106276
1621443031000,41716,61239,102955
1621443330000,41927,41360,83287
1621443629000,42301,35109,77410
1621443930000,42477,45137,87614
1621444230000,42764,50811,93575
1621444530000,42971,54976,97947
1621444830000,43098,58131,101229
1621445130000,43285,60468,103753
1621445430000,43311,62483,105794
1621445730000,43590,64317,107907
1621446030000,43883,65856,109739
1621446330000,44182,67507,111689
1621446630000,44410,68868,113278
1621446930000,44696,69977,114673
1621447230000,44941,70675,115616
1621447530000,42253,71979,114232
1621447830000,42435,72947,115382
1621448194000,42712,74036,116748
1621448430000,42903,74633,117536
1621448730000,41927,75168,117095
1621449030000,43260,76095,119355
1621449330000,42171,76566,118737
1621449629000,42410,77006,119416
1621449929000,42390,77728,120118
1621450230000,43331,78042,121373
1621450530000,43463,78507,121970
1621450830000,43653,78958,122611
1621451130000,44912,79069,123981
1621451430000,43574,79440,123014
1621451730000,43635,79968,123603
1621452030000,43869,80530,124399
1621452330000,43824,80729,124553
1621452630000,43779,81047,124826
1621452930000,43815,81161,124976
1621453230000,43726,81058,124784
1621453530000,43804,81288,125092
1621453830000,43867,81549,125416
1621454131000,43742,81525,125267
1621454430000,43575,81620,125195
1621454730000,43483,81546,125029
1621455029000,43332,81630,124962
1621455330000,43400,81976,125376
1621455631000,43325,82100,125425
1621455930000,43213,82337,125550
1621456229000,43179,82428,125607
1621456529000,43122,82245,125367
1621456830000,43139,82060,125199
1621457130000,42943,82003,124946
1621457429000,42829,81760,124589
1621457730000,42565,81767,124332
1621458030000,42342,81276,123618
1621458330000,42111,80959,123070
1621458630000,41878,80733,122611
1621458930000,41672,80503,122175
1621459229000,41343,80137,121480
1621459530000,41210,79909,121119
1621459830000,41003,79637,120640
1621460130000,40824,79512,120336
1621460430000,40829,79295,120124
1621460730000,40797,78775,119572
1621461030000,40664,78486,119150
1621461330000,40501,78087,118588
1621461630000,40332,77451,117783
1621461930000,40098,77103,117201
1621462230000,39963,76803,116766
1621462529000,39784,76607,116391
1621462830000,39578,76211,115789
1621463130000,39416,76255,115671
1621463430000,39219,76156,115375
1621463730000,39157,75916,115073
1621464030000,39011,75720,114731
1621464330000,38863,75373,114236
1621464630000,38775,75279,114054
1621464930000,38730,74787,113517
1621465229000,38665,74293,112958
1621465530000,38488,73408,111896
1621465830000,38272,73235,111507
1621466130000,37984,72829,110813
1621466429000,37914,72615,110529
1621466730000,37999,72674,110673
1621467030000,37997,72640,110637
1621467330000,38128,72674,110802
1621467630000,38095,72846,110941
1621467930000,38005,72700,110705
1621468230000,38099,72657,110756
1621468530000,38057,72660,110717
1621468830000,38145,72523,110668
1621469130000,38572,72790,111362
1621469430000,38734,72863,111597
1621469730000,38798,73182,111980
1621470030000,38827,73340,112167
1621470330000,38823,73671,112494
1621470630000,38849,73697,112546
1621470930000,38876,73864,112740
1621471230000,38838,74022,112860
1621471530000,38872,74147,113019
1621471829000,38941,74021,112962
1621472130000,39031,73970,113001
1621472430000,39047,74440,113487
1621472730000,38931,74147,113078
1621473030000,38981,74686,113667
1621473329000,38891,74643,113534
1621473630000,38806,74846,113652
1621473930000,38705,75120,113825
1621474230000,38679,75109,113788
1621474530000,38591,75584,114175
1621474830000,38550,75849,114399
1621475130000,38426,76134,114560
1621475430000,38113,76044,114157
1621475729000,37955,76105,114060
1621476030000,37780,76066,113846
1621476330000,37683,75848,113531
1621476630000,37470,76180,113650
1621476930000,37238,76039,113277
1621477230000,37150,75882,113032
1621477530000,36928,76031,112959
1621477830000,36712,76212,112924
1621478130000,36372,75945,112317
1621478429000,36210,75932,112142
1621478730000,36135,75935,112070
1621479030000,35948,75818,111766
1621479330000,35631,75265,110896
1621479631000,35149,74877,110026
1621479930000,34798,74191,108989
1621480230000,34602,73796,108398
1621480530000,34431,73297,107728
1621480829000,34089,72763,106852
1621481130000,33845,72094,105939
1621481430000,33475,71621,105096
1621481730000,33256,71256,104512
1621482030000,32963,70308,103271
1621482330000,32661,69685,102346
1621482630000,32318,69160,101478
1621482929000,31994,68395,100389
1621483230000,31680,67518,99198
1621483530000,31333,66741,98074
1621483830000,30935,66221,97156
1621484130000,30692,65595,96287
1621484430000,30467,64670,95137
1621484730000,30190,63745,93935
1621485029000,29831,63372,93203
1621485329000,29490,62443,91933
1621485630000,29197,61759,90956
1621485930000,28902,61253,90155
1621486230000,28589,60774,89363
1621486530000,28321,60137,88458
1621486830000,27944,59369,87313
1621487130000,27675,58650,86325
1621487430000,27427,57782,85209
1621487729000,27046,57375,84421
1621488030000,26806,56812,83618
1621488330000,26563,56369,82932
1621488630000,26360,55798,82158
1621488930000,26205,55060,81265
1621489230000,25953,54745,80698
1621489530000,25748,54259,80007
1621489830000,25678,53673,79351
1621490130000,25622,53178,78800
1621490430000,25415,52567,77982
1621490730000,25134,52071,77205
1621491029000,24961,51647,76608
1621491330000,24905,51502,76407
1621491630000,24851,51088,75939
1621491930000,24720,50834,75554
1621492230000,24552,50563,75115
1621492530000,22640,50180,72820
1621492830000,23581,49888,73469
1621493130000,22198,49504,71702
1621493430000,22136,48985,71121
1621493729000,22430,48749,71179
1621494030000,22013,48410,70423
1621494329000,22480,48210,70690
1621494629000,22445,48372,70817
1621494929000,22285,49281,71566
1621495230000,22218,49142,71360
1621495529000,22212,47746,69958
1621495830000,22179,47040,69219
1621496130000,22034,46813,68847
1621496430000,22033,47599,69632
1621496730000,21956,48635,70591
1621497030000,21885,48811,70696
1621497329000,21889,48655,70544
1621497629000,21838,48549,70387
1621497930000,21948,48568,70516
1621498230000,22178,48516,70694
1621498530000,22250,48462,70712
1621498830000,22301,48546,70847
1621499130000,22351,48400,70751
1621499430000,22444,48258,70702
1621499730000,22529,48289,70818
1621500030000,22627,48318,70945
1621500329000,22688,48473,71161
1621500629000,22756,48454,71210
1621500930000,22746,48333,71079
1621501230000,22622,48139,70761
1621501530000,22595,48205,70800
1621501830000,22712,47992,70704
1621502130000,22875,48174,71049
1621502430000,23002,48231,71233
1621502730000,22973,48396,71369
1621503030000,23006,48485,71491
1621503330000,23078,48503,71581
1621503630000,23188,48211,71399
1621503931000,23261,48254,71515
1621504240000,23372,48365,71737
1621504530000,23421,48563,71984
1621504830000,23494,48436,71930
1621505130000,23688,48450,72138
1621505430000,23930,48669,72599
1621505730000,24062,48762,72824
1621506030000,24158,48849,73007
1621506330000,24340,49093,73433
1621506630000,24532,49168,73700
1621506930000,24622,49341,73963
1621507230000,24802,49757,74559
1621507530000,25062,50134,75196
1621507830000,25181,50486,75667
1621508130000,25152,50621,75773
1621508430000,24488,50932,75420
1621508730000,24534,51261,75795
1621509030000,24570,51512,76082
1621509330000,24724,51995,76719
1621509630000,25018,52599,77617
1621509930000,25204,52818,78022
1621510230000,25339,53187,78526
1621510530000,25560,53568,79128
1621510830000,25792,54190,79982
1621511195000,26082,54885,80967
1621511430000,26100,55200,81300
1621511730000,26215,55489,81704
1621512029000,26432,55817,82249
1621512330000,26688,56395,83083
1621512630000,26902,57132,84034
1621512929000,27242,57590,84832
1621513230000,27663,58202,85865
1621513529000,28063,58915,86978
1621513830000,28326,59375,87701
1621514130000,28734,59999,88733
1621514430000,29075,60601,89676
1621514730000,29446,61429,90875
1621515030000,29846,62041,91887
1621515330000,30227,62301,92528
1621515630000,30559,62920,93479
1621515930000,30961,63620,94581
1621516230000,31318,64290,95608
1621516530000,31685,64716,96401
1621516830000,32054,65221,97275
1621517129000,32347,65519,97866
1621517430000,32653,66063,98716
1621517730000,31786,66857,98643
1621518030000,32120,67524,99644
1621518330000,32309,68222,100531
1621518630000,32619,68629,101248
1621518930000,33224,68784,102008
1621519230000,33591,69579,103170
1621519530000,33849,69884,103733
1621519830000,33876,70332,104208
1621520130000,34137,68581,102718
1621520430000,34500,69104,103604
1621520730000,34744,69631,104375
1621521029000,35072,70183,105255
1621521330000,35486,70710,106196
1621521630000,35791,71345,107136
1621521930000,36074,71819,107893
1621522230000,36386,72207,108593
1621522529000,36616,72819,109435
1621522830000,36845,72899,109744
1621523130000,35792,73547,109339
1621523430000,35866,73928,109794
1621523730000,36411,74154,110565
1621524030000,36765,74862,111627
1621524330000,37091,75310,112401
1621524630000,37324,76056,113380
1621524930000,37576,76368,113944
1621525230000,37760,76625,114385
1621525530000,38076,76828,114904
1621525830000,38238,77064,115302
1621526130000,38523,77084,115607
1621526430000,38558,77222,115780
1621526730000,38737,75133,113870
1621527030000,39180,75380,114560
1621527330000,39178,75931,115109
1621527630000,38933,76026,114959
1621527930000,37717,76361,114078
1621528230000,37663,76577,114240
1621528530000,37856,77384,115240
1621528830000,38410,77660,116070
1621529129000,38531,77897,116428
1621529430000,39088,77663,116751
1621529730000,39846,77766,117612
1621530030000,39912,77791,117703
1621530330000,40111,78328,118439
1621530630000,40403,78594,118997
1621530930000,40478,78773,119251
1621531230000,40603,79254,119857
1621531530000,40734,79919,120653
1621531830000,40879,80260,121139
1621532129000,41080,80811,121891
1621532430000,41340,81074,122414
1621532730000,41613,81588,123201
1621533030000,41625,81887,123512
1621533329000,41775,82362,124137
1621533630000,42144,80648,122792
1621533930000,42385,81077,123462
1621534230000,42694,82067,124761
1621534530000,42811,83699,126510
1621534830000,43146,84335,127481
1621535130000,43470,84707,128177
1621535430000,43694,84989,128683
1621535730000,43975,85198,129173
1621536030000,44321,85757,130078
1621536330000,44580,86216,130796
1621536630000,44683,86541,131224
1621536931000,43325,86709,130034
1621537230000,43421,86639,130060
1621537530000,43344,87031,130375
1621537830000,43461,87120,130581
1621538130000,43324,84918,128242
1621538430000,43322,85468,128790
1621538730000,43356,86248,129604
1621539030000,43452,87052,130504
1621539330000,43359,87281,130640
1621539630000,43276,87570,130846
1621539930000,43520,88067,131587
1621540230000,43531,87975,131506
1621540530000,43610,88052,131662
1621540830000,43527,88178,131705
1621541130000,43359,87965,131324
1621541430000,43318,88164,131482
1621541730000,42921,84287,127208
1621542030000,42818,85140,127958
1621542330000,42824,85516,128340
1621542630000,42783,85560,128343
1621542930000,42669,85220,127889
1621543230000,42559,85100,127659
1621543530000,42515,85272,127787
1621543829000,42402,85271,127673
1621544130000,42318,85033,127351
1621544430000,42133,84629,126762
1621544730000,41945,84114,126059
1621545030000,41744,83820,125564
1621545330000,41591,83714,125305
1621545630000,41475,83360,124835
1621545930000,41357,83110,124467
1621546230000,41163,82941,124104
1621546530000,40982,82711,123693
1621546830000,40731,82450,123181
1621547130000,40502,82161,122663
1621547430000,40313,82028,122341
1621547730000,40181,81877,122058
1621548029000,39959,81550,121509
1621548330000,39600,81156,120756
1621548630000,39427,80802,120229
1621548930000,39414,80577,119991
1621549230000,39177,80301,119478
1621549530000,39063,80071,119134
1621549831000,38978,79766,118744
1621550164000,39026,79635,118661
1621550430000,38945,79483,118428
1621550730000,38891,79234,118125
1621551030000,38738,78921,117659
1621551330000,38542,78704,117246
1621551630000,38449,78157,116606
1621551930000,38240,77804,116044
1621552230000,38175,77596,115771
1621552530000,38130,77101,115231
1621552829000,38156,76990,115146
1621553130000,38090,76602,114692
1621553430000,37959,75832,113791
1621553729000,37941,75508,113449
1621554029000,37978,75608,113586
1621554330000,38097,75804,113901
1621554630000,38163,75876,114039
1621554930000,38199,75872,114071
1621555230000,38295,75695,113990
1621555530000,38602,75866,114468
1621555830000,38865,76057,114922
1621556130000,38878,76174,115052
1621556430000,38966,76322,115288
1621556730000,38959,76620,115579
1621557030000,38942,77078,116020
1621557330000,38935,77132,116067
1621557630000,38836,77247,116083
1621557929000,38819,77504,116323
1621558230000,38803,77738,116541
1621558530000,38788,77896,116684
1621558830000,38723,77964,116687
1621559130000,38607,78185,116792
1621559430000,38534,78427,116961
1621559729000,38344,78229,116573
1621560029000,38333,78918,117251
1621560330000,38215,78848,117063
1621560630000,38128,78798,116926
1621560930000,37983,78880,116863
1621561230000,37936,79215,117151
1621561529000,37764,79137,116901
1621561830000,37391,78925,116316
1621562130000,37458,79155,116613
1621562430000,37253,79317,116570
1621562730000,37140,79412,116552
1621563030000,36889,79134,116023
1621563330000,36716,79289,116005
1621563630000,36557,78951,115508
1621563930000,36394,79021,115415
1621564230000,36243,78824,115067
1621564530000,36063,78857,114920
1621564830000,35730,78780,114510
1621565129000,35569,78594,114163
1621565430000,35299,78125,113424
1621565794000,35048,77623,112671
1621566030000,34874,77418,112292
1621566330000,34605,76954,111559
1621566630000,34267,76524,110791
1621566929000,34060,76305,110365
1621567230000,33854,75883,109737
1621567530000,33624,75457,109081
1621567830000,33365,74773,108138
1621568130000,33123,74369,107492
1621568430000,32918,73835,106753
1621568729000,32631,73319,105950
1621569030000,32300,72690,104990
1621569330000,32025,72123,104148
1621569630000,31753,71367,103120
1621569930000,31394,70092,101486
1621570229000,31150,69419,100569
1621570530000,30820,68848,99668
1621570830000,30593,68148,98741
1621571129000,30288,67276,97564
1621571430000,29977,66527,96504
1621571729000,29678,66037,95715
1621572030000,29443,65350,94793
1621572329000,29147,64917,94064
1621572630000,28848,64531,93379
1621572930000,28494,63907,92401
1621573230000,28228,63470,91698
1621573530000,27949,62926,90875
1621573830000,27592,62162,89754
1621574130000,27291,61660,88951
1621574430000,27034,61122,88156
1621574730000,26701,60616,87317
1621575030000,26570,59841,86411
1621575330000,26345,59408,85753
1621575630000,26099,58789,84888
1621575929000,25937,58284,84221
1621576230000,25633,57703,83336
1621576529000,25430,56865,82295
1621576830000,25435,56222,81657
1621577130000,25180,55694,80874
1621577429000,25119,55006,80125
1621577730000,25090,54403,79493
1621578030000,23776,53911,77687
1621578330000,23135,53283,76418
1621578630000,23044,52747,75791
1621578929000,23280,52014,75294
1621579230000,22877,51355,74232
1621579530000,22745,50915,73660
1621579830000,23264,50659,73923
1621580130000,23432,50413,73845
1621580430000,23385,50237,73622
1621580729000,23159,49995,73154
1621581030000,23103,50424,73527
1621581330000,23000,51678,74678
1621581630000,23020,51568,74588
1621581930000,22804,50035,72839
1621582230000,22907,49495,72402
1621582530000,23064,49092,72156
1621582830000,23093,49518,72611
1621583130000,23159,50758,73917
1621583430000,23171,50777,73948
1621583730000,23254,50745,73999
1621584030000,23352,50440,73792
1621584330000,23647,50223,73870
1621584630000,23951,50068,74019
1621584929000,24071,50037,74108
1621585230000,24274,50107,74381
1621585530000,24326,49896,74222
1621585830000,24373,49915,74288
1621586130000,24507,49673,74180
1621586430000,24497,49448,73945
1621586730000,24594,49116,73710
1621587030000,23583,49059,72642
1621587330000,23663,49093,72756
1621587630000,23751,48938,72689
1621587930000,23953,48640,72593
1621588229000,24167,48596,72763
1621588530000,24298,48689,72987
1621588830000,24490,48913,73403
1621589131000,24558,48922,73480
1621589430000,24769,49106,73875
1621589730000,24886,49142,74028
1621590029000,25097,49296,74393
1621590330000,25210,49477,74687
1621590630000,25286,49517,74803
1621590930000,25414,49528,74942
1621591230000,25562,49321,74883
1621591529000,25598,49270,74868
1621591830000,25793,49579,75372
1621592130000,25897,49971,75868
1621592430000,25648,50308,75956
1621592730000,25618,50397,76015
1621593030000,25738,50597,76335
1621593330000,25895,50807,76702
1621593630000,26003,51061,77064
1621593930000,26207,51462,77669
1621594230000,26264,51634,77898
1621594530000,26508,51921,78429
1621594830000,26775,52045,78820
1621595130000,26918,52401,79319
1621595430000,27156,52742,79898
1621595730000,27456,53081,80537
1621596030000,27807,53778,81585
1621596330000,28062,54232,82294
1621596630000,28208,54567,82775
1621596930000,28501,55030,83531
1621597230000,28789,55682,84471
1621597529000,29042,56300,85342
1621597830000,29296,56806,86102
1621598130000,29587,57271,86858
1621598430000,29894,57486,87380
1621598730000,30043,58100,88143
1621599030000,30260,58706,88966
1621599330000,30419,58899,89318
1621599630000,30799,59208,90007
1621599930000,31086,59503,90589
1621600230000,31437,60077,91514
1621600530000,31758,60737,92495
1621600830000,32232,61392,93624
1621601130000,32611,61938,94549
1621601430000,32971,62453,95424
1621601729000,33230,63074,96304
1621602030000,33321,63381,96702
1621602329000,31643,64101,95744
1621602630000,32062,64594,96656
1621602930000,32508,65143,97651
1621603230000,32968,65590,98558
1621603530000,33373,66209,99582
1621603830000,33722,66774,100496
1621604132000,34037,67413,101450
1621604430000,34355,67875,102230
1621604734000,34544,68528,103072
1621605030000,34834,69059,103893
1621605330000,35136,69591,104727
1621605630000,35417,70080,105497
1621605930000,34500,70515,105015
1621606230000,34739,70827,105566
1621606530000,35047,71504,106551
1621606830000,35343,72308,107651
1621607130000,35654,72352,108006
1621607430000,35938,72878,108816
1621607730000,36185,73453,109638
1621608030000,36477,73819,110296
1621608330000,36760,73708,110468
1621608630000,37028,74208,111236
1621608930000,37438,74605,112043
1621609229000,37621,74799,112420
1621609530000,37767,75116,112883
1621609831000,37989,75473,113462
1621610130000,38228,75927,114155
1621610431000,38406,76210,114616
1621610730000,38517,76395,114912
1621611030000,38753,76366,115119
1621611330000,38913,76801,115714
1621611630000,39080,77181,116261
1621611929000,39346,77306,116652
1621612230000,39658,77389,117047
1621612530000,39879,77675,117554
1621612830000,40299,77608,117907
1621613130000,40191,77629,117820
1621613430000,39520,77822,117342
1621613730000,39991,78053,118044
1621614030000,40308,78296,118604
1621614330000,40057,78384,118441
1621614629000,41143,78317,119460
1621614930000,41649,78657,120306
1621615230000,42182,78556,120738
1621615530000,42383,78805,121188
1621615830000,42468,78958,121426
1621616129000,42630,78766,121396
1621616430000,42833,78867,121700
1621616730000,42905,78821,121726
1621617030000,43141,78770,121911
1621617330000,43356,79152,122508
1621617630000,40542,78940,119482
1621617930000,40621,79531,120152
1621618229000,40796,79840,120636
1621618530000,40817,80166,120983
1621618830000,40850,80543,121393
1621619130000,41019,80944,121963
1621619430000,41183,81103,122286
1621619730000,41366,81442,122808
1621620030000,41680,79693,121373
1621620330000,41891,79969,121860
1621620630000,42211,80679,122890
1621620930000,42220,81139,123359
1621621230000,42516,80754,123270
1621621530000,42776,81621,124397
1621621830000,43070,82023,125093
1621622130000,43258,82478,125736
1621622430000,43447,82905,126352
1621622729000,43592,83335,126927
1621623030000,43868,83749,127617
1621623330000,44013,84021,128034
1621623630000,44100,84227,128327
1621623929000,44226,84329,128555
1621624229000,44327,84429,128756
1621624530000,44582,84740,129322
1621624830000,44674,82768,127442
1621625130000,44785,83577,128362
1621625430000,44907,84286,129193
1621625730000,44985,84617,129602
1621626030000,45138,84994,130132
1621626330000,45178,85590,130768
1621626630000,45147,85710,130857
1621626931000,45204,85776,130980
1621627230000,45310,85877,131187
1621627530000,42853,85929,128782
1621627830000,42839,84256,127095
1621628130000,42733,84857,127590
1621628430000,42774,85303,128077
1621628730000,42812,85559,128371
1621629030000,42826,85716,128542
1621629329000,42896,85923,128819
1621629630000,42941,85650,128591
1621629929000,42923,85643,128566
1621630345000,42775,85462,128237
1621630530000,42702,85343,128045
1621630830000,42506,85382,127888
1621631130000,42316,84951,127267
1621631429000,42263,84775,127038
1621631730000,42194,84454,126648
1621632030000,42033,84266,126299
1621632330000,41873,84179,126052
1621632630000,41881,84031,125912
1621632930000,41766,83807,125573
1621633230000,41606,83598,125204
1621633530000,41486,83014,124500
1621633830000,41387,83081,124468
1621634130000,41265,82723,123988
1621634429000,40969,82156,123125
1621634730000,40845,81777,122622
1621635029000,40829,81377,122206
1621635330000,40689,81139,121828
1621635630000,40817,80695,121512
1621635930000,40449,80576,121025
1621636230000,40260,80267,120527
1621636530000,40377,79961,120338
1621636830000,39869,79692,119561
1621637130000,39846,79301,119147
1621637430000,39649,79067,118716
1621637730000,39564,78325,117889
1621638030000,39384,78052,117436
1621638330000,39310,77574,116884
1621638629000,39143,77502,116645
1621638930000,38948,77098,116046
1621639229000,38847,76871,115718
1621639530000,38709,76473,115182
1621639830000,38573,76364,114937
1621640130000,38494,76237,114731
1621640430000,38319,76220,114539
1621640730000,38192,76153,114345
1621641030000,38124,76071,114195
1621641330000,38227,75808,114035
1621641630000,38323,75565,113888
1621641929000,38746,75192,113938
1621642230000,38887,75260,114147
1621642530000,38823,75507,114330
1621642829000,38750,75647,114397
1621643130000,38751,75764,114515
1621643430000,38686,75905,114591
1621643730000,38676,76077,114753
1621644033000,38685,76221,114906
1621644093000,38717,76279,114996
1621644329000,38616,76431,115047
1621644629000,38524,76302,114826
1621644930000,38480,76438,114918
1621645230000,38465,76486,114951
1621645530000,38428,76475,114903
1621645830000,38342,76730,115072
1621646130000,38149,76838,114987
1621646430000,38096,77006,115102
1621646729000,38175,77220,115395
1621647030000,37997,77082,115079
1621647330000,37902,77457,115359
1621647630000,37848,77933,115781
1621647929000,37700,77935,115635
1621648230000,37629,78169,115798
1621648530000,37590,78094,115684
1621648830000,37593,78157,115750
1621649130000,37521,78103,115624
1621649430000,37367,78166,115533
1621649730000,37220,78118,115338
1621650030000,37005,78032,115037
1621650330000,36967,78107,115074
1621650630000,36837,78104,114941
1621650930000,36727,78138,114865
1621651230000,36655,77915,114570
1621651530000,36452,77991,114443
1621651830000,36364,78021,114385
1621652130000,36196,78133,114329
1621652430000,36060,78176,114236
1621652730000,35826,77019,112845
1621653030000,35633,77330,112963
1621653330000,35473,76663,112136
1621653630000,35406,76428,111834
1621653930000,35292,75845,111137
1621654230000,35028,75663,110691
1621654530000,34805,75588,110393
1621654829000,34767,75056,109823
1621655130000,34531,74747,109278
1621655430000,34375,74268,108643
1621655730000,34074,73983,108057
1621656032000,33785,73204,106989
1621656330000,33537,72659,106196
1621656630000,33271,72146,105417
1621656930000,32971,71919,104890
1621657230000,32859,71496,104355
1621657530000,32563,70887,103450
1621657829000,32336,69200,101536
1621658130000,32151,68667,100818
1621658430000,31837,68334,100171
1621658730000,31535,67807,99342
1621659030000,31297,67379,98676
1621659330000,31042,67052,98094
1621659630000,30806,66123,96929
1621659930000,30510,65694,96204
1621660230000,30171,65204,95375
1621660530000,29941,64724,94665
1621660831000,29634,63768,93402
1621661130000,29421,63544,92965
1621661430000,29167,63075,92242
1621661730000,28895,62485,91380
1621662030000,28696,61913,90609
1621662330000,28489,61331,89820
1621662630000,28267,60637,88904
1621662930000,28086,60034,88120
1621663230000,27783,59271,87054
1621663530000,27441,58335,85776
1621663830000,27211,57685,84896
1621664130000,26976,56873,83849
1621664430000,26541,56234,82775
1621664730000,26421,55364,81785
1621665030000,26280,54811,81091
1621665330000,26142,54473,80615
1621665630000,26097,54211,80308
1621665929000,25863,53798,79661
1621666232000,25670,53389,79059
1621666530000,25555,53034,78589
1621666830000,24127,52298,76425
1621667130000,23608,52083,75691
1621667430000,23658,52306,75964
1621667730000,23604,53002,76606
1621668030000,23491,52770,76261
1621668329000,23171,51296,74467
1621668630000,23824,50371,74195
1621668930000,24584,50221,74805
1621669230000,24623,50731,75354
1621669530000,24507,51624,76131
1621669830000,24388,51812,76200
1621670130000,24354,51716,76070
1621670430000,24148,51583,75731
1621670730000,24123,51269,75392
1621671030000,24176,51140,75316
1621671330000,24290,51035,75325
1621671632000,24327,50780,75107
1621671929000,24342,50728,75070
1621672230000,24159,50644,74803
1621672530000,24090,50691,74781
1621672830000,24147,50721,74868
1621673130000,24294,50533,74827
1621673430000,24340,50439,74779
1621673730000,24488,50508,74996
1621674030000,24603,50438,75041
1621674330000,24660,50248,74908
1621674630000,24849,50021,74870
1621674929000,25023,49994,75017
1621675231000,25163,49975,75138
1621675530000,25151,50031,75182
1621675831000,25267,50190,75457
1621676129000,25185,50135,75320
1621676431000,25302,50238,75540
1621676730000,25526,50537,76063
1621677031000,25617,50790,76407
1621677330000,25824,50984,76808
1621677631000,26097,51061,77158
1621677929000,26340,51222,77562
1621678231000,26610,51080,77690
1621678530000,26740,51297,78037
1621678831000,26964,51597,78561
1621679130000,27133,51825,78958
1621679431000,27363,52114,79477
1621679730000,27814,53536,81350
1621680031000,27888,54781,82669
1621680330000,28199,55030,83229
1621680631000,27387,55446,82833
1621680930000,27579,55683,83262
1621681231000,27834,55868,83702
1621681530000,27997,56112,84109
1621681831000,28165,55868,84033
1621682130000,28233,56291,84524
1621682431000,28574,56641,85215
1621682730000,28832,56939,85771
1621683031000,28984,57289,86273
1621683330000,29312,57924,87236
1621683631000,29650,58426,88076
1621683930000,29794,59071,88865
1621684231000,29985,59562,89547
1621684530000,30195,60042,90237
1621684831000,30346,60648,90994
1621685130000,30552,60756,91308
1621685431000,30684,61121,91805
1621685730000,30728,61783,92511
1621686031000,31009,61943,92952
1621686330000,31219,62250,93469
1621686631000,31347,62593,93940
1621686929000,31736,63290,95026
1621687231000,32083,63933,96016
1621687530000,32340,64285,96625
1621687831000,32616,64739,97355
1621688130000,32888,65387,98275
1621688431000,33171,65357,98528
1621688730000,33428,65380,98808
1621689031000,33720,65890,99610
1621689329000,34051,66214,100265
1621689631000,34229,66494,100723
1621689930000,34430,67097,101527
1621690231000,34684,67524,102208
1621690530000,34808,68266,103074
1621690831000,35043,68656,103699
1621691130000,35272,69149,104421
1621691431000,35609,69820,105429
1621691730000,35730,70310,106040
1621692031000,35881,70615,106496
1621692330000,36052,70695,106747
1621692631000,36223,71022,107245
1621692930000,36580,71715,108295
1621693231000,36829,72169,108998
1621693530000,37008,72890,109898
1621693831000,37252,73124,110376
1621694130000,37405,73739,111144
1621694431000,37577,74068,111645
1621694730000,37761,74523,112284
1621695032000,37996,74675,112671
1621695330000,38134,75078,113212
1621695631000,38337,75444,113781
1621695929000,38540,75608,114148
1621696231000,38662,76146,114808
1621696530000,38905,76863,115768
1621696832000,38962,77140,116102
1621697129000,38986,77423,116409
1621697432000,39069,75207,114276
1621697730000,39221,76368,115589
1621698032000,39342,76664,116006
1621698330000,39539,77344,116883
1621698632000,39688,77744,117432
1621698930000,39938,78017,117955
1621699232000,40044,77995,118039
1621699530000,40183,78257,118440
1621699832000,40243,78734,118977
1621700130000,39887,78599,118486
1621700432000,39974,76759,116733
1621700730000,40183,77516,117699
1621701032000,40273,77845,118118
1621701330000,40488,78519,119007
1621701632000,40692,78845,119537
1621701930000,40823,79659,120482
1621702232000,40896,80142,121038
1621702530000,41088,80382,121470
1621702832000,41243,80186,121429
1621703129000,41408,80249,121657
1621703432000,41495,80453,121948
1621703730000,41707,80672,122379
1621704032000,41887,80844,122731
1621704330000,41988,81172,123160
1621704632000,42096,81403,123499
1621704930000,42203,82269,124472
1621705232000,42327,82973,125300
1621705530000,42368,83085,125453
1621705833000,42505,83322,125827
1621706130000,42654,83636,126290
1621706432000,42804,81888,124692
1621706730000,42769,82231,125000
1621707032000,42916,83102,126018
1621707330000,43396,84383,127779
1621707632000,41960,85546,127506
1621707930000,42903,85473,128376
1621708232000,42248,86119,128367
1621708530000,42279,86591,128870
1621708832000,42878,86856,129734
1621709130000,43293,87176,130469
1621709432000,43780,87575,131355
1621709730000,44062,87713,131775
1621710032000,44175,88006,132181
1621710330000,44215,88058,132273
1621710632000,44311,88356,132667
1621710929000,44376,88506,132882
1621711232000,44469,88845,133314
1621711530000,44573,88723,133296
1621711832000,44740,88817,133557
1621712130000,44645,89095,133740
1621712432000,44668,89546,134214
1621712730000,44800,89974,134774
1621713032000,44873,89802,134675
1621713330000,44914,89852,134766
1621713633000,45014,89653,134667
1621713930000,44982,89654,134636
1621714232000,44971,88329,133300
1621714529000,44812,88287,133099
1621714829000,44666,88145,132811
1621715130000,44592,89768,134360
1621715432000,44637,89878,134515
1621715730000,44637,88429,133066
1621716032000,44640,88531,133171
1621716330000,44548,88322,132870
1621716632000,44507,88960,133467
1621716930000,44339,85757,130096
1621717232000,44338,86555,130893
1621717530000,44227,88116,132343
1621717830000,44100,88090,132190
1621718130000,44086,88299,132385
1621718433000,44062,87414,131476
1621718730000,43937,88191,132128
1621719029000,43839,88180,132019
1621719329000,43814,88172,131986
1621719632000,43691,88265,131956
1621719930000,43508,87771,131279
1621720230000,43300,87360,130660
1621720530000,43172,87465,130637
1621720830000,43022,86598,129620
1621721130000,42756,86164,128920
1621721433000,42698,84235,126933
1621721730000,42572,85558,128130
1621722033000,42300,84027,126327
1621722330000,42246,84961,127207
1621722633000,42134,83459,125593
1621722930000,42014,84654,126668
1621723230000,41940,84475,126415
1621723529000,41838,83296,125134
1621723832000,41504,82701,124205
1621724130000,41289,82934,124223
1621724433000,41037,83169,124206
1621724730000,40860,83756,124616
1621725030000,40725,82594,123319
1621725330000,40562,82427,122989
1621725630000,40425,82058,122483
1621725930000,40319,81542,121861
1621726230000,40141,81228,121369
1621726530000,40016,80924,120940
1621726829000,40016,80858,120874
1621727130000,40018,80536,120554
1621727430000,39855,80280,120135
1621727730000,39885,79879,119764
1621728030000,39917,79810,119727
1621728330000,40311,79563,119874
1621728630000,40374,79454,119828
1621728930000,40379,79590,119969
1621729230000,40368,79408,119776
1621729530000,40237,79341,119578
1621729829000,40136,79269,119405
1621730130000,39977,79197,119174
1621730430000,39843,79474,119317
1621730730000,39791,79387,119178
1621731033000,39766,79559,119325
1621731330000,39632,79381,119013
1621731630000,39627,79638,119265
1621731930000,39562,80028,119590
1621732230000,39318,80023,119341
1621732529000,39316,80611,119927
1621732830000,39333,80579,119912
1621733129000,39437,80551,119988
1621733430000,39352,80561,119913
1621733730000,39331,80408,119739
1621734030000,39211,80820,120031
1621734330000,39144,80775,119919
1621734629000,39072,80560,119632
1621734930000,39053,80773,119826
1621735230000,38835,80574,119409
1621735530000,38809,80648,119457
1621735830000,38639,80647,119286
1621736130000,38550,80910,119460
1621736430000,38544,80741,119285
1621736730000,38424,80499,118923
1621737030000,38357,80471,118828
1621737330000,38354,80301,118655
1621737629000,38093,80269,118362
1621737929000,37935,80185,118120
1621738230000,37682,79962,117644
1621738530000,37476,80033,117509
1621738830000,37420,79779,117199
1621739130000,37262,79551,116813
1621739429000,36979,79385,116364
1621739730000,36761,79312,116073
1621740029000,36641,78958,115599
1621740330000,36444,78825,115269
1621740630000,36207,78519,114726
1621740930000,36178,77823,114001
1621741230000,35919,77603,113522
1621741529000,35779,77194,112973
1621741829000,35574,77156,112730
1621742130000,35312,76502,111814
1621742430000,35071,75809,110880
1621742730000,34734,75270,110004
1621743030000,34465,74878,109343
1621743330000,34082,74364,108446
1621743630000,33995,74091,108086
1621743929000,33727,73683,107410
1621744230000,33359,73183,106542
1621744530000,33156,72592,105748
1621744830000,33051,72107,105158
1621745130000,32818,70055,102873
1621745430000,32510,69453,101963
1621745730000,32287,68951,101238
1621746030000,32195,68372,100567
1621746330000,31952,67856,99808
1621746630000,31699,67239,98938
1621746930000,31494,66565,98059
1621747229000,31269,65994,97263
1621747530000,30860,65293,96153
1621747830000,30599,64706,95305
1621748130000,30296,64025,94321
1621748429000,30123,63445,93568
1621748729000,29923,62904,92827
1621749030000,29659,62011,91670
1621749329000,29449,61357,90806
1621749629000,29201,60742,89943
1621749930000,28765,59974,88739
1621750230000,28518,59187,87705
1621750530000,28362,58371,86733
1621750830000,28219,57677,85896
1621751129000,28094,57150,85244
1621751429000,28153,56328,84481
1621751729000,26509,55839,82348
1621752029000,26382,55480,81862
1621752329000,25924,55193,81117
1621752631000,25457,54851,80308
1621752930000,25389,54551,79940
1621753230000,25981,53825,79806
1621753530000,25965,53484,79449
1621753830000,26054,53672,79726
1621754129000,26064,54499,80563
1621754430000,26002,54043,80045
1621754730000,25931,52642,78573
1621755030000,25833,52076,77909
1621755330000,25627,51632,77259
1621755630000,25669,51817,77486
1621755930000,25467,53240,78707
1621756229000,25396,52949,78345
1621756530000,25328,53129,78457
1621756830000,25331,52660,77991
1621757130000,25353,52491,77844
1621757429000,25317,52192,77509
1621757730000,25394,52230,77624
1621758030000,24872,51896,76768
1621758331000,24904,51741,76645
1621758630000,25080,51843,76923
1621758930000,25173,51602,76775
1621759235000,25205,51871,77076
1621759530000,25322,51778,77100
1621759830000,25461,51803,77264
1621760130000,25701,51643,77344
1621760429000,25850,51622,77472
1621760729000,25896,51811,77707
1621761030000,25979,51700,77679
1621761330000,26059,52171,78230
1621761630000,26310,52039,78349
1621761930000,26505,52178,78683
1621762230000,26651,52469,79120
1621762530000,26734,52362,79096
1621762830000,26959,52623,79582
1621763129000,27066,52661,79727
1621763429000,27063,52826,79889
1621763730000,27183,52980,80163
1621764029000,27191,53028,80219
1621764330000,27229,53394,80623
1621764630000,27458,53531,80989
1621764930000,27533,53773,81306
1621765230000,27680,53963,81643
1621765530000,27923,54141,82064
1621765830000,27929,54598,82527
1621766130000,28010,54638,82648
1621766430000,28232,55123,83355
1621766730000,28494,55005,83499
1621767030000,28767,55404,84171
1621767330000,29004,55567,84571
1621767630000,29305,55695,85000
1621767930000,29462,56070,85532
1621768230000,29580,56371,85951
1621768530000,29833,56925,86758
1621768830000,30096,57452,87548
1621769130000,30320,57987,88307
1621769429000,30302,58421,88723
1621769730000,30509,58681,89190
1621770029000,30685,59058,89743
1621770330000,30934,59613,90547
1621770630000,31125,59945,91070
1621770930000,31365,60359,91724
1621771229000,31749,60807,92556
1621771530000,31941,60917,92858
1621771829000,32166,61336,93502
1621772130000,32337,62243,94580
1621772430000,32610,62389,94999
1621772730000,32729,62907,95636
1621773029000,33023,63435,96458
1621773329000,33444,64024,97468
1621773630000,33747,64842,98589
1621773930000,34011,65360,99371
1621774230000,34332,65958,100290
1621774530000,34583,66418,101001
1621774830000,34707,66971,101678
1621775130000,35009,67348,102357
1621775430000,35158,68033,103191
1621775730000,35320,68798,104118
1621776030000,35643,69328,104971
1621776330000,35794,70498,106292
1621776630000,36026,71322,107348
1621776930000,36399,72060,108459
1621777230000,36830,72799,109629
1621777529000,37031,73716,110747
1621777830000,37219,73044,110263
1621778130000,37476,74194,111670
1621778430000,37778,75227,113005
1621778730000,37994,76309,114303
1621779029000,38260,76939,115199
1621779330000,38524,77474,115998
1621779630000,38490,76710,115200
1621779930000,38759,77501,116260
1621780230000,39086,78588,117674
1621780530000,39308,79802,119110
1621780830000,39452,80819,120271
1621781130000,39704,81337,121041
1621781430000,39995,81645,121640
1621781730000,40289,81865,122154
1621782030000,40476,82288,122764
1621782330000,40569,82897,123466
1621782630000,40879,83291,124170
1621782930000,41168,83831,124999
1621783230000,41339,84296,125635
1621783530000,41640,83343,124983
1621783830000,41784,83692,125476
1621784130000,42018,84574,126592
1621784430000,42346,84789,127135
1621784730000,42519,85378,127897
1621785030000,42694,85635,128329
1621785330000,42936,86381,129317
1621785630000,43140,86732,129872
1621785930000,43184,87170,130354
1621786230000,43296,87467,130763
1621786530000,43606,87420,131026
1621786830000,43691,86608,130299
1621787129000,43735,87190,130925
1621787430000,43981,87752,131733
1621787729000,44115,88244,132359
1621788030000,44422,87153,131575
1621788330000,44432,88110,132542
1621788630000,44506,88770,133276
1621788930000,44191,88987,133178
1621789230000,44217,89062,133279
1621789530000,45099,89198,134297
1621789830000,44949,89467,134416
1621790130000,45159,89759,134918
1621790430000,45744,90121,135865
1621790729000,45863,89804,135667
1621791030000,46890,90166,137056
1621791330000,47298,90635,137933
1621791631000,47470,90966,138436
1621791930000,47602,90378,137980
1621792230000,47889,91197,139086
1621792529000,48077,91936,140013
1621792830000,48072,90166,138238
1621793130000,48109,90270,138379
1621793430000,48203,91132,139335
1621793730000,48338,92677,141015
1621794030000,48564,93599,142163
1621794329000,48882,93907,142789
1621794630000,48966,94241,143207
1621794929000,49159,94434,143593
1621795229000,49391,94918,144309
1621795530000,49540,95233,144773
1621795829000,49715,95558,145273
1621796130000,49872,96089,145961
1621796430000,50003,96367,146370
1621796729000,50009,96097,146106
1621797029000,50109,96413,146522
1621797330000,50132,96517,146649
1621797630000,50218,96649,146867
1621797930000,50274,96884,147158
1621798229000,50426,96891,147317
1621798530000,50433,97239,147672
1621798830000,50367,97373,147740
1621799130000,50508,96894,147402
1621799430000,50571,97822,148393
1621799730000,50571,97823,148394
1621800029000,50542,97668,148210
1621800330000,50456,97459,147915
1621800630000,50466,97588,148054
1621800930000,50476,96446,146922
1621801229000,50398,96630,147028
1621801529000,50258,97266,147524
1621801829000,50333,97289,147622
1621802130000,50206,97241,147447
1621802430000,50272,97116,147388
1621802729000,50179,97070,147249
1621803030000,50149,96695,146844
1621803330000,50060,96507,146567
1621803629000,49827,96282,146109
1621803930000,49690,95814,145504
1621804230000,49575,95542,145117
1621804530000,49529,95388,144917
1621804829000,49244,94965,144209
1621805130000,49147,94623,143770
1621805497000,49039,94543,143582
1621805730000,48823,93899,142722
1621806030000,48644,93843,142487
1621806329000,48345,93423,141768
1621806630000,48250,92850,141100
1621806929000,47903,92564,140467
1621807355000,47519,91604,139123
1621807530000,47369,91153,138522
1621807829000,47075,90819,137894
1621808130000,46852,90556,137408
1621808429000,46568,90232,136800
1621808730000,46396,89978,136374
1621809030000,46285,89623,135908
1621809330000,46046,89449,135495
1621809629000,45869,88928,134797
1621809930000,45624,88299,133923
1621810230000,45335,88074,133409
1621810530000,45060,87666,132726
1621810830000,44959,87297,132256
1621811130000,44814,86902,131716
1621811430000,44788,86487,131275
1621811730000,44613,86485,131098
1621812029000,44515,86129,130644
1621812330000,44467,86222,130689
1621812629000,44324,85896,130220
1621812930000,44227,85604,129831
1621813230000,44290,85496,129786
1621813530000,44140,85339,129479
1621813830000,43995,85385,129380
1621814130000,43902,85170,129072
1621814430000,43901,84676,128577
1621814730000,44418,84741,129159
1621815030000,44505,84738,129243
1621815330000,44387,84668,129055
1621815630000,44255,84889,129144
1621815930000,44313,85072,129385
1621816230000,44152,84958,129110
1621816530000,44123,85256,129379
1621816829000,44115,85476,129591
1621817130000,44033,85440,129473
1621817430000,43942,85385,129327
1621817730000,43787,85656,129443
1621818030000,43784,85721,129505
1621818330000,43552,85431,128983
1621818630000,43742,85497,129239
1621818930000,43631,85836,129467
1621819230000,43598,85775,129373
1621819530000,43452,85732,129184
1621819830000,43206,85879,129085
1621820130000,42903,85882,128785
1621820430000,43041,86096,129137
1621820730000,42890,86313,129203
1621821030000,42671,86184,128855
1621821330000,42546,86180,128726
1621821630000,42294,85673,127967
1621821930000,41977,85303,127280
1621822229000,41787,85133,126920
1621822530000,41630,84939,126569
1621822830000,41291,84831,126122
1621823130000,41117,84638,125755
1621823429000,40864,84399,125263
1621823730000,40629,84274,124903
1621824030000,40392,84202,124594
1621824331000,40211,83818,124029
1621824630000,39960,83334,123294
1621824929000,39538,83022,122560
1621825230000,39269,82520,121789
1621825530000,39053,81922,120975
1621825830000,38836,81357,120193
1621826130000,38494,81041,119535
1621826429000,38208,80690,118898
1621826730000,37890,80186,118076
1621827030000,37575,79612,117187
1621827330000,37243,79137,116380
1621827630000,37071,78652,115723
1621827930000,36737,77814,114551
1621828230000,36474,77169,113643
1621828530000,36152,76520,112672
1621828830000,35820,75548,111368
1621829130000,35370,74777,110147
1621829430000,35050,73921,108971
1621829730000,34622,73316,107938
1621830030000,34405,72752,107157
1621830331000,34139,71939,106078
1621830630000,33778,71253,105031
1621830930000,33411,70500,103911
1621831230000,33120,69917,103037
1621831530000,32786,69156,101942
1621831830000,32441,68437,100878
1621832130000,31884,67868,99752
1621832430000,31620,67230,98850
1621832730000,31348,66225,97573
1621833030000,31138,65560,96698
1621833330000,30819,64974,95793
1621833630000,30564,64210,94774
1621833930000,30487,63651,94138
1621834230000,30209,62863,93072
1621834530000,29915,62343,92258
1621834829000,29696,61786,91482
1621835130000,29422,61133,90555
1621835429000,29196,60518,89714
1621835730000,28964,59739,88703
1621836030000,28339,59086,87425
1621836330000,28021,58339,86360
1621836630000,27860,56799,84659
1621836930000,27779,56141,83920
1621837230000,27652,55575,83227
1621837530000,27526,54995,82521
1621837830000,26285,54428,80713
1621838130000,25997,53644,79641
1621838429000,25881,53324,79205
1621838729000,25482,52991,78473
1621839030000,25086,52556,77642
1621839329000,25195,52152,77347
1621839630000,25216,51827,77043
1621839929000,25163,51448,76611
1621840229000,25061,51686,76747
1621840530000,24994,52253,77247
1621840830000,24971,52062,77033
1621841130000,24964,50871,75835
1621841430000,24930,50129,75059
1621841730000,24945,50003,74948
1621842030000,24921,50535,75456
1621842330000,24955,51145,76100
1621842630000,25107,51381,76488
1621842929000,25134,51396,76530
1621843230000,25349,51382,76731
1621843530000,25477,51456,76933
1621843830000,25596,51484,77080
1621844130000,25746,51473,77219
1621844430000,25863,51698,77561
1621844730000,25903,51851,77754
1621845030000,26047,51661,77708
1621845332000,26289,51618,77907
1621845630000,26575,51598,78173
1621845929000,26593,51705,78298
1621846230000,26915,51760,78675
1621846530000,27039,51520,78559
1621846830000,27292,51505,78797
1621847130000,27462,51579,79041
1621847430000,27723,51531,79254
1621847730000,27851,51824,79675
1621848030000,27994,52010,80004
1621848330000,28094,52280,80374
1621848630000,27890,52358,80248
1621848930000,28104,52496,80600
1621849230000,27214,52765,79979
1621849530000,27221,52942,80163
1621849830000,27303,53053,80356
1621850130000,27315,53139,80454
1621850430000,27431,53171,80602
1621850730000,27455,53277,80732
1621851030000,27647,53269,80916
1621851330000,27870,53502,81372
1621851630000,28135,54082,82217
1621851930000,28245,53759,82004
1621852230000,28428,53856,82284
1621852530000,28741,53923,82664
1621852830000,28848,54236,83084
1621853129000,29068,54319,83387
1621853430000,29296,54472,83768
1621853730000,29380,55202,84582
1621854031000,29627,55630,85257
1621854330000,29696,55849,85545
1621854629000,29929,56358,86287
1621854930000,30221,56726,86947
1621855229000,30369,57204,87573
1621855530000,30659,57609,88268
1621855830000,30973,58102,89075
1621856130000,31188,58544,89732
1621856430000,31483,58974,90457
1621856730000,31721,59414,91135
1621857030000,31850,59679,91529
1621857330000,31950,59711,91661
1621857630000,31968,60068,92036
1621857930000,31352,60320,91672
1621858230000,31034,60863,91897
1621858530000,30959,61437,92396
1621858830000,31111,62216,93327
1621859130000,31330,62647,93977
1621859430000,29917,63254,93171
1621859730000,29744,64103,93847
1621860030000,29619,64666,94285
1621860330000,29506,65191,94697
1621860630000,29233,65485,94718
1621860930000,27916,65827,93743
1621861230000,10658,65939,76597
1621861530000,10490,66698,77188
1621861830000,17592,66887,84479
1621862130000,20944,67649,88593
1621862430000,23026,68385,91411
1621862730000,24641,69324,93965
1621863030000,25894,69841,95735
1621863330000,26950,70198,97148
1621863630000,27932,70949,98881
1621863930000,28746,71434,100180
1621864230000,29751,72164,101915
1621864530000,30478,72813,103291
1621864830000,31127,73252,104379
1621865130000,31878,73494,105372
1621865430000,32636,73963,106599
1621865730000,33205,74556,107761
1621866030000,33945,75230,109175
1621866330000,34757,75851,110608
1621866630000,35193,77384,112577
1621866930000,35609,77858,113467
1621867230000,35964,78310,114274
1621867530000,36448,79404,115852
1621867830000,36827,79179,116006
1621868130000,37078,79572,116650
1621868430000,36365,79650,116015
1621868730000,36567,80235,116802
1621869030000,36556,81026,117582
1621869330000,36944,81576,118520
1621869629000,37118,81790,118908
1621869930000,37328,81951,119279
1621870230000,37435,81983,119418
1621870530000,37676,82140,119816
1621870830000,38022,82170,120192
1621871129000,38236,82771,121007
1621871429000,38487,83296,121783
1621871730000,38785,83465,122250
1621872030000,39129,83472,122601
1621872330000,39252,83251,122503
1621872630000,39490,83069,122559
1621872929000,39777,83176,122953
1621873230000,40004,83261,123265
1621873530000,40243,83502,123745
1621873830000,40539,84385,124924
1621874130000,40735,84313,125048
1621874441000,39663,84569,124232
1621874730000,39694,83924,123618
1621875030000,39820,83949,123769
1621875330000,39907,84212,124119
1621875630000,40078,84342,124420
1621875930000,40323,84029,124352
1621876230000,40422,84337,124759
1621876529000,40615,84756,125371
1621876831000,40694,85134,125828
1621877130000,40905,85414,126319
1621877430000,41030,85741,126771
1621877730000,41218,86046,127264
1621878030000,41212,86487,127699
1621878330000,41438,86842,128280
1621878630000,41480,87220,128700
1621878930000,41646,87612,129258
1621879229000,41722,86325,128047
1621879530000,41740,86655,128395
1621879830000,41926,87491,129417
1621880130000,42148,88986,131134
1621880430000,42251,89222,131473
1621880730000,42404,89266,131670
1621881030000,42551,89637,132188
1621881330000,42672,89923,132595
1621881630000,42835,90119,132954
1621881930000,42890,90340,133230
1621882229000,42956,90367,133323
1621882530000,43006,90637,133643
1621882830000,43121,91080,134201
1621883130000,43084,91241,134325
1621883430000,43195,91448,134643
1621883730000,43254,91638,134892
1621884030000,43231,92009,135240
1621884330000,43140,92274,135414
1621884629000,43129,92523,135652
1621884930000,43076,92616,135692
1621885230000,43074,93027,136101
1621885529000,42948,92872,135820
1621885830000,42948,93013,135961
1621886130000,42730,92843,135573
1621886430000,42615,92596,135211
1621886730000,42421,92263,134684
1621887030000,42384,92184,134568
1621887330000,42292,91903,134195
1621887630000,42156,91751,133907
1621887930000,42215,91980,134195
1621888299000,42086,91968,134054
1621888530000,41870,91668,133538
1621888830000,41731,91692,133423
1621889312000,41579,91406,132985
1621889493000,41545,91243,132788
1621889730000,41304,90919,132223
1621890331000,40969,89496,130465
1621890696000,40776,88953,129729
1621890713000,40750,88964,129714
1621890930000,40720,88634,129354
1621891230000,40389,88385,128774
1621891530000,40222,88087,128309
1621891830000,40136,87954,128090
1621892130000,39851,87294,127145
1621892430000,39794,87348,127142
1621892730000,39542,87336,126878
1621893030000,39328,87260,126588
1621893330000,39161,86919,126080
1621893630000,39021,85736,124757
1621893930000,38802,85180,123982
1621894230000,38598,84916,123514
1621894530000,38355,84802,123157
1621894830000,38200,84735,122935
1621895131000,38080,84572,122652
1621895430000,38017,84298,122315
1621895730000,37868,84032,121900
1621896031000,37716,83106,120822
1621896330000,37693,83019,120712
1621896630000,37554,82709,120263
1621896930000,37453,82350,119803
1621897230000,37274,82006,119280
1621897529000,37150,81818,118968
1621897830000,36963,81499,118462
1621898130000,36850,81061,117911
1621898430000,36748,80724,117472
1621898730000,36526,80835,117361
1621899030000,36476,80825,117301
1621899330000,36412,80413,116825
1621899630000,36493,80731,117224
1621899930000,36525,80614,117139
1621900230000,36537,80542,117079
1621900530000,36586,80739,117325
1621900830000,36594,80608,117202
1621901130000,37253,80911,118164
1621901430000,37442,80963,118405
1621901730000,37471,80725,118196
1621902030000,37531,80902,118433
1621902330000,37488,81266,118754
1621902630000,37432,81736,119168
1621902930000,37404,82251,119655
1621903230000,37380,81884,119264
1621903530000,37263,82358,119621
1621903829000,37168,82383,119551
1621904130000,37143,82483,119626
1621904430000,37155,82783,119938
1621904730000,36987,82677,119664
1621905030000,37020,82997,120017
1621905329000,36904,82965,119869
1621905630000,36842,83306,120148
1621905930000,36671,83134,119805
1621906230000,36549,83220,119769
1621906530000,36413,83635,120048
1621906830000,36233,83322,119555
1621907129000,36053,83216,119269
1621907430000,35883,83164,119047
1621907730000,35723,83091,118814
1621908030000,35588,82903,118491
1621908330000,35397,82742,118139
1621908630000,35201,82416,117617
1621908930000,34982,82445,117427
1621909230000,34803,82418,117221
1621909530000,34582,80571,115153
1621909830000,34271,79185,113456
1621910130000,33944,78694,112638
1621910430000,33686,78393,112079
1621910729000,33372,77950,111322
1621911030000,33050,77665,110715
1621911330000,32842,77300,110142
1621911630000,32485,76800,109285
1621911930000,32130,76261,108391
1621912230000,31781,75826,107607
1621912530000,31446,75192,106638
1621912830000,31123,74811,105934
1621913130000,30795,74236,105031
1621913429000,30488,73661,104149
1621913729000,30234,72953,103187
1621914030000,30005,72616,102621
1621914330000,29767,71981,101748
1621914630000,29477,71283,100760
1621914930000,29109,70809,99918
1621915232000,28818,70071,98889
1621915529000,28472,69353,97825
1621915829000,28029,68582,96611
1621916130000,27662,68009,95671
1621916430000,27461,67144,94605
1621916730000,27138,66534,93672
1621917030000,26792,65984,92776
1621917329000,26569,65431,92000
1621917629000,26224,65005,91229
1621917929000,25952,64449,90401
1621918230000,25564,63762,89326
1621918530000,25265,63126,88391
1621918830000,24893,62626,87519
1621919130000,24645,61846,86491
1621919430000,24389,61219,85608
1621919730000,24193,60662,84855
1621920030000,23931,60070,84001
1621920330000,23610,59536,83146
1621920630000,23418,58916,82334
1621920931000,23125,58223,81348
1621921230000,23008,57710,80718
1621921530000,22775,57215,79990
1621921830000,22545,56616,79161
1621922130000,22283,55776,78059
1621922430000,22041,55018,77059
1621922730000,21787,54407,76194
1621923030000,21653,53901,75554
1621923329000,21655,53049,74704
1621923629000,21643,52454,74097
1621923930000,21519,51991,73510
1621924230000,21261,51459,72720
1621924530000,21271,50918,72189
1621924830000,21220,50841,72061
1621925130000,21083,50641,71724
1621925430000,20987,50528,71515
1621925730000,20963,50113,71076
1621926030000,20973,49772,70745
1621926329000,20881,49570,70451
1621926630000,20459,49717,70176
1621926930000,20453,50529,70982
1621927230000,20440,50406,70846
1621927530000,20503,49332,69835
1621927830000,20479,48628,69107
1621928129000,20420,48224,68644
1621928429000,20386,48758,69144
1621928730000,20349,49762,70111
1621929030000,20259,49990,70249
1621929330000,20153,49952,70105
1621929630000,20347,50002,70349
1621929930000,20673,50123,70796
1621930230000,20755,50086,70841
1621930529000,20844,49928,70772
1621930830000,21019,49965,70984
1621931130000,21142,49589,70731
1621931430000,21295,49529,70824
1621931730000,21407,49559,70966
1621932030000,21548,49548,71096
1621932330000,21601,49597,71198
1621932630000,21633,49597,71230
1621932930000,21678,49634,71312
1621933230000,21701,49693,71394
1621933530000,21680,49866,71546
1621933830000,21785,49873,71658
1621934130000,21854,50372,72226
1621934430000,21914,50470,72384
1621934730000,21957,50539,72496
1621935030000,22016,50503,72519
1621935330000,22033,50432,72465
1621935630000,22270,50694,72964
1621935930000,22297,50885,73182
1621936230000,22306,50847,73153
1621936530000,22492,50692,73184
1621936830000,22602,50867,73469
1621937130000,22780,50773,73553
1621937430000,22831,50568,73399
1621937730000,22999,50705,73704
1621938030000,22967,50958,73925
1621938330000,22789,51346,74135
1621938630000,22793,51253,74046
1621938930000,22890,51459,74349
1621939229000,22989,51925,74914
1621939530000,23034,52362,75396
1621939830000,23210,52600,75810
1621940130000,23348,53137,76485
1621940430000,23430,53203,76633
1621940730000,23540,53535,77075
1621941030000,23715,53821,77536
1621941329000,23980,54283,78263
1621941630000,24076,54482,78558
1621941930000,24291,55030,79321
1621942230000,24413,55413,79826
1621942529000,24564,55679,80243
1621942830000,24769,56208,80977
1621943130000,24975,56746,81721
1621943429000,25242,57356,82598
1621943730000,25317,57470,82787
1621944030000,25524,57683,83207
1621944330000,25628,58426,84054
1621944630000,25896,59127,85023
1621944930000,25993,59902,85895
1621945230000,26148,60532,86680
1621945530000,26432,61077,87509
1621945830000,26644,61616,88260
1621946130000,26913,62335,89248
1621946430000,27114,63018,90132
1621946730000,27184,63300,90484
1621947030000,27707,63377,91084
1621947330000,28070,63792,91862
1621947630000,28342,64162,92504
1621947930000,28678,64917,93595
1621948230000,29058,65568,94626
1621948530000,29387,66194,95581
1621948830000,29629,66633,96262
1621949130000,29866,67211,97077
1621949431000,30170,67903,98073
1621949730000,30360,68419,98779
1621950030000,30570,69075,99645
1621950330000,30904,69730,100634
1621950630000,31187,70191,101378
1621950930000,31333,70769,102102
1621951231000,31460,72298,103758
1621951530000,31758,71671,103429
1621951830000,31837,72240,104077
1621952129000,32114,72812,104926
1621952430000,32408,73188,105596
1621952730000,32498,73888,106386
1621953031000,32703,74541,107244
1621953330000,32912,75067,107979
1621953630000,33126,75375,108501
1621953930000,33325,76015,109340
1621954230000,33466,76476,109942
1621954530000,33564,76708,110272
1621954830000,33782,76921,110703
1621955130000,34023,77557,111580
1621955430000,34213,78444,112657
1621955730000,34439,78937,113376
1621956030000,34614,79586,114200
1621956330000,34790,79972,114762
1621956630000,35008,80140,115148
1621956930000,35194,80656,115850
1621957230000,35369,80385,115754
1621957529000,35045,80725,115770
1621957830000,35125,80755,115880
1621958130000,35384,80956,116340
1621958430000,35437,80704,116141
1621958730000,35687,80549,116236
1621959030000,35820,80570,116390
1621959330000,35973,80758,116731
1621959630000,36098,81160,117258
1621959930000,36300,81289,117589
1621960230000,36377,81638,118015
1621960530000,36625,81942,118567
1621960830000,36739,81943,118682
1621961130000,36953,82388,119341
1621961430000,37097,82579,119676
1621961730000,37269,82336,119605
1621962029000,37394,82799,120193
1621962330000,37595,83202,120797
1621962630000,37752,83188,120940
1621962930000,37873,83380,121253
1621963230000,37933,84062,121995
1621963530000,38161,84359,122520
1621963830000,38182,84232,122414
1621964130000,38423,84889,123312
1621964430000,38646,85347,123993
1621964730000,38920,85817,124737
1621965030000,39072,86386,125458
1621965330000,39040,86342,125382
1621965629000,39161,84790,123951
1621965930000,39184,85090,124274
1621966230000,39311,85825,125136
1621966530000,39227,87094,126321
1621966829000,39405,87945,127350
1621967130000,39631,88225,127856
1621967430000,39796,88600,128396
1621967730000,40297,89071,129368
1621968030000,40555,89465,130020
1621968330000,40820,89583,130403
1621968687000,41057,90100,131157
1621968931000,41271,90257,131528
1621969229000,41403,90499,131902
1621969530000,41606,90642,132248
1621969830000,41650,90781,132431
1621970130000,41828,91199,133027
1621970430000,41969,91243,133212
1621970730000,41928,91447,133375
1621971030000,42013,91329,133342
1621971330000,42100,91332,133432
1621971630000,42214,91279,133493
1621971930000,42141,91833,133974
1621972230000,40492,91965,132457
1621972530000,40439,91474,131913
1621972830000,40463,91227,131690
1621973130000,40482,91109,131591
1621973429000,40309,91230,131539
1621973730000,40186,90928,131114
1621974029000,40215,91147,131362
1621974330000,40138,91206,131344
1621974630000,39897,91175,131072
1621974930000,39807,90932,130739
1621975230000,39721,90638,130359
1621975530000,39533,90465,129998
1621975830000,39353,90404,129757
1621976130000,39141,90291,129432
1621976430000,38991,89778,128769
1621976729000,38796,89155,127951
1621977030000,38697,89417,128114
1621977330000,38568,88639,127207
1621977630000,38419,88304,126723
1621977930000,38187,87997,126184
1621978230000,38054,87610,125664
1621978530000,37851,87413,125264
1621978830000,37684,87203,124887
1621979130000,37413,86449,123862
1621979430000,37190,85645,122835
1621979729000,37157,84988,122145
1621980029000,37071,84657,121728
1621980330000,36910,84190,121100
1621980630000,36853,83419,120272
1621980930000,36783,83258,120041
1621981230000,36740,83111,119851
1621981530000,36954,82914,119868
1621981830000,36896,82761,119657
1621982130000,36871,82548,119419
1621982430000,36644,82356,119000
1621982730000,36695,82094,118789
1621983030000,36759,81888,118647
1621983330000,36878,81602,118480
1621983630000,36795,81335,118130
1621983929000,36762,80944,117706
1621984230000,36831,80889,117720
1621984530000,36620,80442,117062
1621984830000,36689,80315,117004
1621985130000,36787,80047,116834
1621985430000,36880,79627,116507
1621985730000,36940,79506,116446
1621986030000,34849,79409,114258
1621986330000,34827,79604,114431
1621986630000,34857,79486,114343
1621986930000,34922,79635,114557
1621987230000,35030,79728,114758
1621987530000,35636,79546,115182
1621987830000,35642,79598,115240
1621988130000,35805,79526,115331
1621988430000,35874,80051,115925
1621988730000,36025,80369,116394
1621989030000,35985,80324,116309
1621989330000,36115,80586,116701
1621989630000,36023,80896,116919
1621989930000,35968,81233,117201
1621990230000,35989,81290,117279
1621990530000,35960,81606,117566
1621990830000,35960,81666,117626
1621991193000,35828,81796,117624
1621991430000,35862,81961,117823
1621991730000,35876,82061,117937
1621992030000,35804,82531,118335
1621992330000,35780,82872,118652
1621992630000,35703,82729,118432
1621992930000,35582,82808,118390
1621993230000,35523,82592,118115
1621993530000,35492,82735,118227
1621993830000,35438,82836,118274
1621994129000,35186,82897,118083
1621994430000,35000,82742,117742
1621994730000,34781,82584,117365
1621995030000,34571,82504,117075
1621995330000,34218,82343,116561
1621995631000,34039,82248,116287
1621995930000,33913,82029,115942
1621996230000,33626,81814,115440
1621996530000,33404,81465,114869
1621996830000,33042,81296,114338
1621997130000,32876,80938,113814
1621997429000,32638,80547,113185
1621997730000,32372,80174,112546
1621998030000,32139,79635,111774
1621998330000,31790,79068,110858
1621998630000,31464,78584,110048
1621998930000,31184,77956,109140
1621999230000,30884,77338,108222
1621999530000,30596,77022,107618
1621999830000,30300,76360,106660
1622000130000,29997,75521,105518
1622000431000,29755,75046,104801
1622000730000,29487,74412,103899
1622001030000,29130,74003,103133
1622001330000,28760,73316,102076
1622001630000,28512,72586,101098
1622001930000,28307,71833,100140
1622002230000,27961,71199,99160
1622002530000,27704,70464,98168
1622002830000,27489,69982,97471
1622003130000,27224,69166,96390
1622003430000,26975,68536,95511
1622003730000,26633,68043,94676
1622004030000,26323,67249,93572
1622004330000,25984,66391,92375
1622004630000,25767,65807,91574
1622004930000,25401,65200,90601
1622005230000,25098,64513,89611
1622005530000,24680,63521,88201
1622005830000,24530,62893,87423
1622006130000,24154,62364,86518
1622006430000,23954,61585,85539
1622006730000,23711,60828,84539
1622007030000,23560,60106,83666
1622007330000,23403,59627,83030
1622007630000,23091,59041,82132
1622007930000,22963,58342,81305
1622008230000,22696,57379,80075
1622008530000,22423,56593,79016
1622008830000,22331,55933,78264
1622009130000,22135,55289,77424
1622009430000,22129,54593,76722
1622009730000,22064,53797,75861
1622010030000,22146,53341,75487
1622010330000,22082,52737,74819
1622010630000,21980,52549,74529
1622010930000,21945,52327,74272
1622011230000,21870,52170,74040
1622011530000,21763,51656,73419
1622011829000,21633,51527,73160
1622012130000,21544,51029,72573
1622012429000,21445,50621,72066
1622012730000,21380,50403,71783
1622013031000,21259,50759,72018
1622013330000,21309,51334,72643
1622013630000,21343,51219,72562
1622013930000,21238,49990,71228
1622014230000,21156,49057,70213
1622014530000,21008,48740,69748
1622014830000,21025,49260,70285
1622015130000,20753,50234,70987
1622015430000,20698,50230,70928
1622015730000,20706,50127,70833
1622016030000,20831,49816,70647
1622016330000,21082,49848,70930
1622016629000,21288,49835,71123
1622016930000,21315,49716,71031
1622017230000,21333,49610,70943
1622017530000,21264,49536,70800
1622017830000,21341,49223,70564
1622018130000,21348,48876,70224
1622018430000,21482,48723,70205
1622018729000,21515,49049,70564
1622019098000,21684,49049,70733
1622019330000,21754,49074,70828
1622019630000,21964,48964,70928
1622019930000,22102,49003,71105
1622020230000,22304,49070,71374
1622020530000,22392,49030,71422
1622020830000,22401,49115,71516
1622021130000,22476,49187,71663
1622021430000,22635,49155,71790
1622021730000,22673,49072,71745
1622022030000,22775,49116,71891
1622022330000,22753,49231,71984
1622022630000,22878,49269,72147
1622022930000,23073,49410,72483
1622023230000,23105,49209,72314
1622023529000,23238,48031,71269
1622023829000,23344,47446,70790
1622024130000,23452,46673,70125
1622024430000,23553,45102,68655
1622024730000,23757,42871,66628
1622025030000,23775,30209,53984
1622025330000,23819,0,23819
1622025630000,23974,0,23974
1622025930000,24145,0,24145
1622026229000,24336,0,24336
1622026530000,24503,12553,37056
1622026830000,24548,21910,46458
1622027130000,24710,27683,52393
1622027430000,24887,32071,56958
1622027730000,24973,36439,61412
1622028029000,25024,39662,64686
1622028330000,25233,41854,67087
1622028630000,25522,43242,68764
1622028930000,25782,44767,70549
1622029229000,26003,46230,72233
1622029529000,26273,47867,74140
1622029830000,26521,49256,75777
1622030130000,26731,50377,77108
1622030430000,26884,51257,78141
1622030730000,27272,50887,78159
1622031030000,27508,52881,80389
1622031330000,27694,53821,81515
1622031629000,28020,54968,82988
1622031930000,28304,55871,84175
1622032230000,28502,56743,85245
1622032648000,28974,57911,86885
1622032830000,29104,58430,87534
1622033130000,29407,58939,88346
1622033429000,29669,59467,89136
1622033730000,29984,59888,89872
1622034030000,30182,60512,90694
1622034330000,30478,61396,91874
1622034630000,30784,62227,93011
1622034930000,31017,63068,94085
1622035230000,31327,63989,95316
1622035530000,31669,64781,96450
1622035830000,31993,65349,97342
1622036130000,32256,66284,98540
1622036430000,32660,67098,99758
1622036730000,32712,67707,100419
1622037030000,32855,67995,100850
1622037330000,33180,68618,101798
1622037630000,33419,69006,102425
1622037930000,33717,69879,103596
1622038230000,33917,70638,104555
1622038530000,34111,71115,105226
1622038830000,34389,71585,105974
1622039131000,34687,71992,106679
1622039430000,34871,72457,107328
1622039729000,35145,72869,108014
1622040030000,35318,73430,108748
1622040330000,35593,73807,109400
1622040630000,35857,74611,110468
1622040930000,36052,74816,110868
1622041230000,36232,74808,111040
1622041530000,36335,75498,111833
1622041830000,36492,75793,112285
1622042130000,36713,76059,112772
1622042430000,36967,76625,113592
1622042729000,37158,76899,114057
1622043030000,37380,77136,114516
1622043330000,37609,77432,115041
1622043630000,37594,78077,115671
1622043929000,37818,78441,116259
1622044230000,37968,78536,116504
1622044530000,38157,78431,116588
1622044830000,38210,78488,116698
1622045130000,35089,78213,113302
1622045430000,35147,78093,113240
1622045730000,35286,78352,113638
1622046030000,35466,78913,114379
1622046330000,35635,79078,114713
1622046630000,35824,79431,115255
1622046930000,36058,79436,115494
1622047230000,36197,79781,115978
1622047530000,36311,80078,116389
1622047830000,36469,80448,116917
1622048131000,36653,80696,117349
1622048430000,36792,80736,117528
1622048731000,36887,80882,117769
1622049030000,36969,81383,118352
1622049330000,37223,81625,118848
1622049630000,37547,81809,119356
1622049929000,37855,82253,120108
1622050230000,38158,80929,119087
1622050529000,38482,81963,120445
1622050830000,38857,83222,122079
1622051129000,39131,83543,122674
1622051430000,39490,84142,123632
1622051730000,39821,84842,124663
1622052030000,40080,83667,123747
1622052330000,40293,83959,124252
1622052629000,40431,84827,125258
1622052930000,40654,85962,126616
1622053230000,39397,86475,125872
1622053530000,39498,86746,126244
1622053830000,39598,86885,126483
1622054130000,39680,87175,126855
1622054431000,39713,87339,127052
1622054730000,39776,87613,127389
1622055042000,39729,87893,127622
1622055330000,39014,82988,122002
1622055630000,38936,82824,121760
1622055930000,39084,83360,122444
1622056230000,39192,83755,122947
1622056530000,39242,81728,120970
1622056830000,39270,82623,121893
1622057130000,39356,83447,122803
1622057429000,39365,84364,123729
1622057729000,39208,83811,123019
1622058030000,39278,83342,122620
1622058330000,39176,83444,122620
1622058630000,39094,84184,123278
1622058930000,39073,84633,123706
1622059230000,39001,85202,124203
1622059530000,39011,85385,124396
1622059830000,38966,86017,124983
1622060130000,39051,86632,125683
1622060430000,39088,87016,126104
1622060730000,38947,87364,126311
1622061029000,39020,87487,126507
1622061330000,38924,87577,126501
1622061630000,38838,87512,126350
1622061930000,26084,58530,84614
1622062230000,26525,58831,85356
1622062530000,26702,58743,85445
1622062830000,26857,58674,85531
1622063130000,26893,58342,85235
1622063430000,26863,58262,85125
1622063730000,26937,57944,84881
1622064030000,26858,57911,84769
1622064330000,26814,57690,84504
1622064629000,26845,57202,84047
1622064930000,26448,54867,81315
1622065230000,26430,55007,81437
1622065529000,26429,55130,81559
1622065830000,26288,55254,81542
1622066130000,26305,55278,81583
1622066430000,35134,81527,116661
1622066730000,35013,81573,116586
1622067029000,34846,81479,116325
1622067330000,34822,81448,116270
1622067630000,34656,81453,116109
1622067930000,34647,81352,115999
1622068230000,34505,81062,115567
1622068530000,34483,80951,115434
1622068829000,34416,81119,115535
1622069130000,34368,81194,115562
1622069430000,34306,80858,115164
1622069730000,34276,80863,115139
1622070029000,34175,80959,115134
1622070330000,34068,80764,114832
1622070630000,34013,80195,114208
1622070930000,33891,79748,113639
1622071230000,33868,79393,113261
1622071530000,33897,79058,112955
1622071830000,33742,78336,112078
1622072129000,33675,77628,111303
1622072430000,33729,77415,111144
1622072730000,33759,77305,111064
1622073030000,33861,77425,111286
1622073330000,33937,77619,111556
1622073630000,34122,77761,111883
1622073930000,34811,78003,112814
1622074230000,35031,78190,113221
1622074530000,35194,78481,113675
1622074830000,35195,78694,113889
1622075130000,35251,78862,114113
1622075430000,35337,79417,114754
1622075730000,35272,79464,114736
1622076030000,35164,79521,114685
1622076330000,34976,79928,114904
1622076630000,34958,80265,115223
1622076929000,34870,80416,115286
1622077230000,34891,80718,115609
1622077530000,34767,80702,115469
1622077830000,34713,80981,115694
1622078129000,34663,81242,115905
1622078430000,34598,81409,116007
1622078730000,34563,81403,115966
1622079032000,34527,81684,116211
1622079330000,34517,81874,116391
1622079630000,34438,81963,116401
1622079929000,34422,82061,116483
1622080230000,34301,82024,116325
1622080530000,34141,81960,116101
1622080830000,33933,81862,115795
1622081130000,33757,81613,115370
1622081430000,33540,81524,115064
1622081730000,33321,81441,114762
1622082030000,33063,81618,114681
1622082330000,32839,81272,114111
1622082630000,32604,80686,113290
1622082930000,32441,80714,113155
1622083229000,32325,80316,112641
1622083529000,32172,79926,112098
1622083830000,31923,79450,111373
1622084129000,31690,79341,111031
1622084430000,31401,78759,110160
1622084730000,31075,78451,109526
1622085030000,30861,77740,108601
1622085330000,30584,77242,107826
1622085630000,30303,76797,107100
1622085930000,30065,76429,106494
1622086230000,29797,75951,105748
1622086530000,29577,75315,104892
1622086830000,29241,74961,104202
1622087130000,28884,75559,104443
1622087430000,28655,74889,103544
1622087729000,28340,72912,101252
1622088030000,28063,72053,100116
1622088330000,27720,71236,98956
1622088630000,27516,70425,97941
1622088930000,27106,69855,96961
1622089230000,26929,69395,96324
1622089530000,26721,68657,95378
1622089830000,26432,67854,94286
1622090130000,26084,66966,93050
1622090429000,25879,66417,92296
1622090730000,25612,65550,91162
1622091030000,25379,65027,90406
1622091330000,25128,64240,89368
1622091630000,24832,63536,88368
1622091930000,24581,62787,87368
1622092230000,24208,62179,86387
1622092530000,24054,61495,85549
1622092830000,23775,60840,84615
1622093130000,23577,60177,83754
1622093429000,23422,59583,83005
1622093730000,23116,59184,82300
1622094030000,22933,58813,81746
1622094330000,22862,58242,81104
1622094630000,22844,57574,80418
1622094930000,22708,57082,79790
1622095229000,22395,56276,78671
1622095530000,22109,55500,77609
1622095830000,21879,54898,76777
1622096130000,21781,54090,75871
1622096429000,21783,53500,75283
1622096730000,21697,53175,74872
1622097030000,21703,52604,74307
1622097330000,21674,52218,73892
1622097630000,21582,51930,73512
1622097929000,21513,51418,72931
1622098230000,21381,51289,72670
1622098531000,21345,50934,72279
1622098830000,21355,50344,71699
1622099130000,21293,50101,71394
1622099429000,21045,50644,71689
1622099730000,20875,51464,72339
1622100030000,20560,51269,71829
1622100330000,20588,49694,70282
1622100630000,20750,49022,69772
1622100930000,20744,48761,69505
1622101230000,20514,49008,69522
1622101532000,20510,49743,70253
1622101830000,20513,50096,70609
1622102130000,20490,49872,70362
1622102430000,20425,49744,70169
1622102730000,20429,49704,70133
1622103030000,20554,49844,70398
1622103330000,20441,49629,70070
1622103629000,20522,49593,70115
1622103930000,20562,49679,70241
1622104230000,20556,49666,70222
1622104531000,20594,49527,70121
1622104830000,20639,49340,69979
1622105130000,20633,49248,69881
1622105430000,20711,49110,69821
1622105730000,20734,48759,69493
1622106030000,20811,48488,69299
1622106330000,20937,48533,69470
1622106630000,21031,48618,69649
1622106930000,21122,48794,69916
1622107230000,21287,48874,70161
1622107530000,21226,48825,70051
1622107830000,21240,48873,70113
1622108130000,21343,49037,70380
1622108430000,21465,49049,70514
1622108730000,21600,48903,70503
1622109030000,21633,48877,70510
1622109330000,21789,48416,70205
1622109630000,21854,47231,69085
1622109930000,21917,47088,69005
1622110230000,22110,47137,69247
1622110530000,22195,47290,69485
1622110829000,22290,47350,69640
1622111130000,22497,47735,70232
1622111430000,22949,48004,70953
1622111730000,23226,48158,71384
1622112030000,23417,48524,71941
1622112329000,22738,48637,71375
1622112694000,22821,49081,71902
1622112930000,22925,49233,72158
1622113230000,23100,49451,72551
1622113530000,23238,49557,72795
1622113830000,23389,49945,73334
1622114130000,23579,50334,73913
1622114430000,23782,50917,74699
1622114730000,23852,51432,75284
1622115030000,24101,51700,75801
1622115330000,24243,52064,76307
1622115630000,24525,52528,77053
1622115930000,24623,53179,77802
1622116229000,24927,53621,78548
1622116530000,25107,53876,78983
1622116830000,25323,54073,79396
1622117130000,25528,54484,80012
1622117430000,25791,55202,80993
1622117730000,25798,55780,81578
1622118030000,25920,56129,82049
1622118330000,26119,56889,83008
1622118630000,26292,57532,83824
1622118930000,26492,58158,84650
1622119230000,26763,58740,85503
1622119530000,27114,59478,86592
1622119830000,27563,59974,87537
1622120130000,27916,60697,88613
1622120430000,28212,61240,89452
1622120730000,28594,61824,90418
1622121030000,29024,62274,91298
1622121330000,29425,63093,92518
1622121630000,29913,63955,93868
1622121930000,30106,64754,94860
1622122231000,30586,65194,95780
1622122530000,30845,66035,96880
1622122830000,31122,66446,97568
1622123130000,31319,67346,98665
1622123430000,31572,67908,99480
1622123730000,31824,68464,100288
1622124029000,32001,68941,100942
1622124330000,32302,69195,101497
1622124630000,32615,69758,102373
1622124930000,32829,69973,102802
1622125229000,33057,70679,103736
1622125530000,33308,71365,104673
1622125830000,33529,71889,105418
1622126130000,33880,72036,105916
1622126430000,34221,72584,106805
1622126730000,34519,72801,107320
1622127030000,34883,73492,108375
1622127330000,35164,73728,108892
1622127630000,35247,73843,109090
1622127930000,35581,73908,109489
1622128230000,35724,74362,110086
1622128530000,35869,74583,110452
1622128830000,35898,75147,111045
1622129130000,36215,75488,111703
1622129430000,36445,75580,112025
1622129730000,36608,75611,112219
1622130030000,36851,75863,112714
1622130330000,36999,76059,113058
1622130630000,37202,76080,113282
1622130930000,37420,75976,113396
1622131230000,37265,75978,113243
1622131530000,37305,75988,113293
1622131830000,37493,76503,113996
1622132130000,37591,76948,114539
1622132430000,37650,77278,114928
1622132730000,37627,77642,115269
1622133030000,37776,77890,115666
1622133330000,38252,78005,116257
1622133630000,38645,78112,116757
1622133930000,38832,78334,117166
1622134230000,38930,78726,117656
1622134529000,39029,78859,117888
1622134830000,39092,78668,117760
1622135131000,39207,78904,118111
1622135430000,39398,79012,118410
1622135730000,39540,79423,118963
1622136029000,36649,79739,116388
1622136330000,36840,80134,116974
1622136630000,37050,80307,117357
1622136930000,37155,80540,117695
1622137230000,37069,80897,117966
1622137531000,37270,81140,118410
1622137830000,37430,81430,118860
1622138130000,37509,82050,119559
1622138430000,37612,80025,117637
1622138730000,37736,80376,118112
1622139030000,37895,81262,119157
1622139330000,37967,82499,120466
1622139630000,38033,83349,121382
1622139930000,38152,83420,121572
1622140230000,38232,83546,121778
1622140529000,38226,83851,122077
1622140830000,38364,84244,122608
1622141129000,38436,84794,123230
1622141430000,38712,85182,123894
1622141730000,38851,85316,124167
1622142030000,39077,85447,124524
1622142330000,39326,85798,125124
1622142630000,39576,85874,125450
1622142929000,39761,85888,125649
1622143230000,39894,86173,126067
1622143530000,40080,86380,126460
1622143830000,40174,86455,126629
1622144176000,40281,86824,127105
1622144429000,40451,87179,127630
1622144730000,40498,87291,127789
1622145030000,39167,87347,126514
1622145330000,39255,87515,126770
1622145630000,39201,87579,126780
1622145930000,39195,87449,126644
1622146230000,39165,87639,126804
1622146530000,39138,87475,126613
1622146830000,39083,87217,126300
1622147130000,39047,87337,126384
1622147429000,38802,86816,125618
1622147733000,38840,86890,125730
1622148030000,38716,86890,125606
1622148330000,38567,86476,125043
1622148629000,38500,86399,124899
1622148929000,38385,86025,124410
1622149230000,38129,85528,123657
1622149530000,37678,85227,122905
1622149830000,37465,85195,122660
1622150130000,37310,84835,122145
1622150430000,37263,84751,122014
1622150730000,37003,84616,121619
1622151030000,36871,84204,121075
1622151330000,36756,83823,120579
1622151630000,36673,83305,119978
1622151930000,36526,83169,119695
1622152230000,36356,83055,119411
1622152530000,36089,82531,118620
1622152830000,35931,82006,117937
1622153130000,35740,81557,117297
1622153430000,35582,81167,116749
1622153730000,35367,80945,116312
1622154030000,35129,80872,116001
1622154330000,35103,80750,115853
1622154630000,34988,80707,115695
1622154930000,34867,80412,115279
1622155290000,34660,80151,114811
1622155530000,34613,79921,114534
1622155830000,34607,79735,114342
1622156130000,34645,79516,114161
1622156430000,34452,79147,113599
1622156730000,34332,78770,113102
1622157029000,34342,78571,112913
1622157330000,34238,78331,112569
1622157630000,34148,78119,112267
1622157930000,34066,78104,112170
1622158230000,33943,78131,112074
1622158530000,33890,78128,112018
1622158830000,33899,78065,111964
1622159130000,33929,77962,111891
1622159430000,34051,77838,111889
1622159730000,34145,77868,112013
1622160030000,34266,77913,112179
1622160330000,34811,77615,112426
1622160630000,35009,77541,112550
1622160930000,35153,77590,112743
1622161230000,35158,78068,113226
1622161530000,35198,78478,113676
1622161830000,35159,78604,113763
1622162130000,35203,78898,114101
1622162430000,35251,78892,114143
1622162730000,35271,79074,114345
1622163030000,35194,79384,114578
1622163330000,35148,79502,114650
1622163630000,35109,79630,114739
1622163930000,35049,77717,112766
1622164230000,34995,78221,113216
1622164530000,34959,79115,114074
1622164830000,34922,79418,114340
1622165130000,34922,79672,114594
1622165430000,34770,79925,114695
1622165730000,34628,80015,114643
1622166030000,34718,80312,115030
1622166330000,34689,80484,115173
1622166629000,34526,80580,115106
1622166930000,34504,80820,115324
1622167230000,34168,80713,114881
1622167530000,33954,80395,114349
1622167830000,33791,80138,113929
1622168130000,33559,80203,113762
1622168430000,33315,79965,113280
1622168730000,33287,79739,113026
1622169030000,33083,79767,112850
1622169329000,32923,79276,112199
1622169630000,32734,78892,111626
1622169930000,32329,77109,109438
1622170230000,32229,77526,109755
1622170530000,31931,77635,109566
1622170829000,31697,77386,109083
1622171130000,31406,76892,108298
1622171430000,31188,76480,107668
1622171730000,31086,76050,107136
1622172030000,30682,75590,106272
1622172330000,30506,75223,105729
1622172630000,30073,74775,104848
1622172930000,30100,74150,104250
1622173230000,29842,73713,103555
1622173530000,29606,73134,102740
1622173830000,29323,72533,101856
1622174130000,29270,71737,101007
1622174430000,29027,70984,100011
1622174730000,28797,70246,99043
1622175030000,28429,69629,98058
1622175330000,28126,68908,97034
1622175630000,27802,68160,95962
1622175933000,27514,66985,94499
1622176230000,27242,66833,94075
1622176530000,27005,66064,93069
1622176830000,26743,65482,92225
1622177130000,26367,64844,91211
1622177430000,26133,64047,90180
1622177730000,25876,63309,89185
1622178029000,25658,62832,88490
1622178330000,25308,62263,87571
1622178630000,25056,61589,86645
1622178930000,24587,60761,85348
1622179230000,24285,60321,84606
1622179530000,24155,59666,83821
1622179829000,23925,59220,83145
1622180130000,23894,58824,82718
1622180430000,23751,58402,82153
1622180730000,23716,57958,81674
1622181029000,23590,57648,81238
1622181330000,23339,56939,80278
1622181630000,23172,56024,79196
1622181930000,22939,55349,78288
1622182230000,22842,54545,77387
1622182530000,22750,53814,76564
1622182829000,22710,52923,75633
1622183130000,22520,52324,74844
1622183430000,22378,51749,74127
1622183730000,22285,51282,73567
1622184029000,22155,51022,73177
1622184330000,22011,50619,72630
1622184629000,21839,50256,72095
1622184930000,21783,49779,71562
1622185230000,21776,49210,70986
1622185530000,21631,48835,70466
1622185830000,15707,35106,50813
1622186130000,15940,34766,50706
1622186430000,16014,34761,50775
1622186730000,16121,34571,50692
1622187030000,16192,34092,50284
1622187330000,16052,34008,50060
1622187630000,16380,34549,50929
1622187929000,16523,35237,51760
1622188230000,16570,35364,51934
1622188530000,20331,46555,66886
1622188830000,20552,45856,66408
1622189130000,20595,45528,66123
1622189430000,20681,45376,66057
1622189730000,20948,45184,66132
1622190030000,21304,44884,66188
1622190330000,21539,45120,66659
1622190630000,21194,44994,66188
1622190930000,21350,44957,66307
1622191230000,21479,44995,66474
1622191530000,21704,44902,66606
1622191830000,22041,44878,66919
1622192130000,22154,44740,66894
1622192430000,22195,44696,66891
1622192730000,22275,44474,66749
1622193030000,22403,44448,66851
1622193330000,22431,44000,66431
1622193630000,21390,44136,65526
1622193930000,21393,44417,65810
1622194230000,21564,45418,66982
1622194530000,21474,46348,67822
1622194830000,21589,46726,68315
1622195130000,21523,46764,68287
1622195429000,21207,46910,68117
1622195730000,20923,46811,67734
1622196029000,20927,46713,67640
1622196330000,21166,46880,68046
1622196630000,21399,46956,68355
1622196930000,21595,47138,68733
1622197230000,21800,46991,68791
1622197530000,22006,47317,69323
1622197830000,22117,47499,69616
1622198129000,22304,47634,69938
1622198430000,22588,47872,70460
1622198730000,22946,48366,71312
1622199030000,23135,48889,72024
1622199330000,23291,49048,72339
1622199630000,23503,49192,72695
1622199930000,22894,49449,72343
1622200230000,23091,50222,73313
1622200530000,23321,51186,74507
1622200830000,23468,51511,74979
1622201130000,23580,51995,75575
1622201430000,23846,51999,75845
1622201730000,24073,52623,76696
1622202030000,24380,52796,77176
1622202330000,24614,52566,77180
1622202630000,24823,53077,77900
1622202930000,25013,53627,78640
1622203230000,25263,53998,79261
1622203530000,25535,54872,80407
1622203830000,25682,55504,81186
1622204130000,25853,56275,82128
1622204430000,26148,56272,82420
1622204730000,26532,56908,83440
1622205029000,26828,57213,84041
1622205330000,27296,57637,84933
1622205630000,27544,58612,86156
1622205930000,27874,59445,87319
1622206230000,28118,60499,88617
1622206530000,28443,61230,89673
1622206889000,28775,61581,90356
1622207130000,28912,61941,90853
1622207430000,29342,62179,91521
1622207730000,29620,62550,92170
1622208030000,29935,63268,93203
1622208330000,30252,64045,94297
1622208630000,30495,64525,95020
1622208930000,30740,65147,95887
1622209230000,30972,65705,96677
1622209530000,31219,66507,97726
1622209830000,31489,67246,98735
1622210130000,31775,67604,99379
1622210429000,31965,66866,98831
1622210730000,32311,68802,101113
1622211030000,32537,69247,101784
1622211330000,32699,69420,102119
1622211629000,33005,69959,102964
1622211930000,33228,71024,104252
1622212230000,33267,71351,104618
1622212530000,33473,71672,105145
1622212830000,33774,71892,105666
1622213129000,32361,72634,104995
1622213430000,32674,72948,105622
1622213730000,32810,73203,106013
1622214030000,32994,73284,106278
1622214330000,33286,73929,107215
1622214630000,33650,74502,108152
1622214929000,33963,74487,108450
1622215230000,34230,74964,109194
1622215530000,34434,74998,109432
1622215829000,34536,74720,109256
1622216129000,34684,74728,109412
1622216430000,34964,75228,110192
1622216730000,33852,75438,109290
1622217030000,34051,75911,109962
1622217330000,33985,75817,109802
1622217630000,34477,75761,110238
1622217930000,34572,75687,110259
1622218230000,34798,75854,110652
1622218530000,34899,75702,110601
1622218830000,35040,75394,110434
1622219130000,35079,74860,109939
1622219430000,35175,73545,108720
1622219730000,35360,72633,107993
1622220030000,35398,71666,107064
1622220330000,35517,69841,105358
1622220630000,35717,65989,101706
1622220930000,35735,8995,44730
1622221229000,35934,23205,59139
1622221532000,36104,30443,66547
1622221830000,36241,35001,71242
1622222130000,36340,38542,74882
1622222430000,36482,41803,78285
1622222730000,36613,46137,82750
1622223030000,36718,50088,86806
1622223330000,36780,52911,89691
1622223630000,36880,55583,92463
1622223930000,37065,58057,95122
1622224229000,37193,60200,97393
1622224530000,37330,62048,99378
1622224830000,37501,63485,100986
1622225130000,37534,64520,102054
1622225430000,37695,65899,103594
1622225730000,37552,67143,104695
1622226030000,37772,68146,105918
1622226330000,37817,68912,106729
1622226630000,37840,69891,107731
1622226999000,37934,71056,108990
1622227117000,38045,71276,109321
1622227230000,38121,71517,109638
1622227529000,38223,72247,110470
1622227829000,38119,73000,111119
1622228130000,38273,73540,111813
1622228430000,38309,73898,112207
1622228730000,38352,74401,112753
1622229030000,38453,74528,112981
1622229330000,38592,74967,113559
1622229631000,38692,75476,114168
1622229930000,38770,75979,114749
1622230230000,38714,76343,115057
1622230530000,38834,76456,115290
1622230830000,38979,76929,115908
1622231130000,38962,77313,116275
1622231430000,39043,77650,116693
1622231730000,39033,78018,117051
1622232030000,38977,78147,117124
1622232330000,39047,78867,117914
1622232630000,39107,79068,118175
1622232929000,39135,79484,118619
1622233230000,39062,78906,117968
1622233530000,39038,79150,118188
1622233829000,39094,79054,118148
1622234130000,39128,79126,118254
1622234430000,39142,79008,118150
1622234730000,39038,79055,118093
1622235030000,38958,79240,118198
1622235330000,38895,79436,118331
1622235630000,38742,79302,118044
1622235930000,38682,79213,117895
1622236230000,38561,79309,117870
1622236530000,38509,78984,117493
1622236830000,38282,78987,117269
1622237130000,38294,78930,117224
1622237430000,38141,79019,117160
1622237730000,37896,78832,116728
1622238030000,37847,78497,116344
1622238330000,37784,78398,116182
1622238630000,37676,78272,115948
1622238930000,37487,77920,115407
1622239230000,37291,76005,113296
1622239530000,37177,76040,113217
1622239830000,37100,76116,113216
1622240130000,36893,76181,113074
1622240430000,36792,75954,112746
1622240730000,36639,76190,112829
1622241030000,36579,76124,112703
1622241330000,36483,76108,112591
1622241629000,36320,75685,112005
1622241929000,36200,75509,111709
1622242229000,36110,75293,111403
1622242529000,36017,75336,111353
1622242830000,35881,74998,110879
1622243130000,35821,74686,110507
1622243430000,35672,74114,109786
1622243730000,35516,74108,109624
1622244030000,35454,74254,109708
1622244330000,35320,74084,109404
1622244630000,35219,73696,108915
1622244930000,35231,73511,108742
1622245230000,35186,73225,108411
1622245530000,35047,73336,108383
1622245830000,35138,73268,108406
1622246130000,35294,73443,108737
1622246430000,35327,73442,108769
1622246730000,35765,73484,109249
1622247030000,35817,73556,109373
1622247330000,35852,73648,109500
1622247630000,35807,73781,109588
1622247930000,35675,73882,109557
1622248230000,35588,73992,109580
1622248531000,35508,74225,109733
1622248830000,35609,74380,109989
1622249130000,35562,74537,110099
1622249429000,35405,74601,110006
1622249730000,35349,74809,110158
1622250030000,35227,74944,110171
1622250330000,35173,74831,110004
1622250630000,34989,75113,110102
1622250930000,34907,75195,110102
1622251230000,34883,75363,110246
1622251530000,34661,75686,110347
1622251830000,34565,75678,110243
1622252130000,34491,75865,110356
1622252430000,34433,76078,110511
1622252730000,34229,76475,110704
1622253030000,34288,76566,110854
1622253330000,34240,76781,111021
1622253630000,34033,76976,111009
1622253930000,33952,76918,110870
1622254230000,33825,76941,110766
1622254530000,33652,76425,110077
1622254830000,33611,76791,110402
1622255130000,33480,76793,110273
1622255430000,33337,76674,110011
1622255730000,33090,76520,109610
1622256030000,32898,74356,107254
1622256330000,32917,74644,107561
1622256630000,32858,74856,107714
1622256930000,32668,74569,107237
1622257230000,32507,74403,106910
1622257530000,32387,74313,106700
1622257829000,32298,74208,106506
1622258130000,32129,74039,106168
1622258430000,32052,73450,105502
1622258730000,31804,73120,104924
1622259030000,31579,72732,104311
1622259330000,31428,72423,103851
1622259630000,31328,72364,103692
1622259930000,31162,72108,103270
1622260230000,30844,71710,102554
1622260530000,30632,71198,101830
1622260830000,30353,70397,100750
1622261130000,30154,70010,100164
1622261429000,29908,69521,99429
1622261729000,29774,67522,97296
1622262030000,29618,67430,97048
1622262330000,29339,67179,96518
1622262630000,29091,67179,96270
1622262930000,28908,66678,95586
1622263230000,28655,66292,94947
1622263530000,28474,65698,94172
1622263830000,28278,65358,93636
1622264129000,27997,64836,92833
1622264430000,27774,64164,91938
1622264730000,27452,63407,90859
1622265030000,27166,62827,89993
1622265330000,26938,62726,89664
1622265630000,26772,62013,88785
1622265929000,26561,61507,88068
1622266229000,26359,60844,87203
1622266530000,26339,60093,86432
1622266830000,25972,59547,85519
1622267130000,25949,59044,84993
1622267430000,25217,58435,83652
1622267729000,25264,58198,83462
1622268029000,24927,57814,82741
1622268330000,24665,57079,81744
1622268629000,24805,56458,81263
1622268930000,24774,56038,80812
1622269230000,24559,55636,80195
1622269530000,25588,55424,81012
1622269830000,25321,54912,80233
1622270130000,25143,54411,79554
1622270430000,24956,53920,78876
1622270730000,24811,53368,78179
1622271029000,24748,53106,77854
1622271330000,24600,52972,77572
1622271630000,24505,52264,76769
1622271930000,24376,51883,76259
1622272230000,24218,51954,76172
1622272530000,24099,52457,76556
1622272830000,23986,52066,76052
1622273130000,23925,50807,74732
1622273430000,23897,49935,73832
1622273730000,23622,49436,73058
1622274030000,23690,49702,73392
1622274330000,23772,50358,74130
1622274630000,23764,50611,74375
1622274930000,23975,50432,74407
1622275230000,23967,50093,74060
1622275530000,23856,49911,73767
1622275830000,23759,49567,73326
1622276130000,23779,49276,73055
1622276430000,23690,48967,72657
1622276730000,23612,48886,72498
1622277030000,23562,48899,72461
1622277330000,23535,48793,72328
1622277630000,23580,48780,72360
1622277930000,23678,48916,72594
1622278230000,23785,48837,72622
1622278530000,23855,48775,72630
1622278830000,23922,48577,72499
1622279130000,23990,48737,72727
1622279430000,24008,48577,72585
1622279730000,23986,48621,72607
1622280030000,24015,48700,72715
1622280330000,24052,48848,72900
1622280630000,24068,48846,72914
1622280930000,24046,48614,72660
1622281230000,24086,48668,72754
1622281530000,24106,48880,72986
1622281830000,24144,48833,72977
1622282130000,23900,48740,72640
1622282430000,23972,48810,72782
1622282729000,24068,48761,72829
1622283030000,24230,48737,72967
1622283330000,24428,48929,73357
1622283630000,24567,48949,73516
1622283930000,24692,49110,73802
1622284230000,24914,49350,74264
1622284530000,25079,49640,74719
1622284830000,24974,49910,74884
1622285130000,24844,50352,75196
1622285430000,24941,50780,75721
1622285730000,25152,50760,75912
1622286030000,25279,50940,76219
1622286330000,25365,51351,76716
1622286629000,25446,51827,77273
1622286929000,25666,52196,77862
1622287230000,25788,52613,78401
1622287530000,25931,52999,78930
1622287830000,26096,53233,79329
1622288130000,26291,53620,79911
1622288429000,26496,54173,80669
1622288729000,26708,54242,80950
1622289030000,26915,54669,81584
1622289337000,27072,55065,82137
1622289396000,27058,54988,82046
1622289630000,27159,55355,82514
1622289929000,27355,55839,83194
1622290229000,27618,56327,83945
1622290530000,27869,56628,84497
1622290830000,28067,57214,85281
1622291130000,28316,57884,86200
1622291430000,28453,58507,86960
1622291730000,28681,58826,87507
1622292030000,28986,59412,88398
1622292329000,29264,59925,89189
1622292630000,29395,60213,89608
1622292930000,29584,60777,90361
1622293229000,29831,61275,91106
1622293530000,30123,61616,91739
1622293830000,30374,62194,92568
1622294129000,30646,62708,93354
1622294430000,30921,63547,94468
1622294729000,31185,64112,95297
1622295030000,31480,64745,96225
1622295330000,31662,65621,97283
1622295630000,31953,66082,98035
1622295930000,32246,66796,99042
1622296230000,32469,67214,99683
1622296530000,32626,67918,100544
1622296830000,32995,68258,101253
1622297130000,33166,68709,101875
1622297430000,33216,69004,102220
1622297730000,33427,69511,102938
1622298029000,33631,70017,103648
1622298330000,33822,70678,104500
1622298630000,34064,71342,105406
1622298930000,34148,71462,105610
1622299229000,34376,72162,106538
1622299530000,34593,72555,107148
1622299830000,34782,73154,107936
1622300130000,34950,73722,108672
1622300430000,35091,74215,109306
1622300730000,35235,74657,109892
1622301030000,35269,75086,110355
1622301330000,35353,75469,110822
1622301630000,35519,75750,111269
1622301930000,35628,76106,111734
1622302229000,35792,76149,111941
1622302530000,35979,76446,112425
1622302830000,36074,76468,112542
1622303130000,36108,76753,112861
1622303430000,36250,76832,113082
1622303730000,36377,76796,113173
1622304030000,36409,76808,113217
1622304329000,36449,76847,113296
1622304630000,36536,77129,113665
1622304930000,36579,77176,113755
1622305230000,36651,77447,114098
1622305529000,36738,77575,114313
1622305829000,36838,78033,114871
1622306130000,36888,78151,115039
1622306430000,36855,78258,115113
1622306730000,37021,78472,115493
1622307030000,37080,78850,115930
1622307329000,37157,78719,115876
1622307630000,37361,78395,115756
1622307930000,37359,78959,116318
1622308230000,37439,79237,116676
1622308530000,37589,79540,117129
1622308830000,37630,79461,117091
1622309130000,37736,77553,115289
1622309430000,37850,79847,117697
1622309730000,38068,79991,118059
1622310030000,38254,79927,118181
1622310330000,38354,80166,118520
1622310630000,38535,80535,119070
1622310930000,38601,80824,119425
1622311230000,38719,79192,117911
1622311530000,37349,79387,116736
1622311830000,37415,80060,117475
1622312129000,37952,81479,119431
1622312430000,37723,81980,119703
1622312730000,37297,82408,119705
1622313029000,37625,82800,120425
1622313330000,37835,83136,120971
1622313630000,38389,83483,121872
1622313930000,38487,83567,122054
1622314230000,38472,83602,122074
1622314530000,39515,83712,123227
1622314830000,39692,83593,123285
1622315130000,39590,83647,123237
1622315430000,39550,83579,123129
1622315729000,39566,83936,123502
1622316030000,39654,84082,123736
1622316329000,39675,84369,124044
1622316630000,39740,84262,124002
1622316930000,39798,84646,124444
1622317230000,39830,84959,124789
1622317530000,39907,85179,125086
1622317830000,39951,85317,125268
1622318129000,39906,85581,125487
1622318429000,39904,85811,125715
1622318730000,39827,85855,125682
1622319030000,39891,85932,125823
1622319330000,39868,85984,125852
1622319630000,39839,85894,125733
1622319930000,39624,85826,125450
1622320229000,39559,85787,125346
1622320530000,39225,85751,124976
1622320830000,38361,85625,123986
1622321130000,38253,85751,124004
1622321430000,38285,85593,123878
1622321729000,38249,85375,123624
1622322030000,38200,85131,123331
1622322330000,38202,85195,123397
1622322630000,38216,85262,123478
1622322930000,38181,85107,123288
1622323230000,38143,85075,123218
1622323530000,38173,84717,122890
1622323830000,38246,84740,122986
1622324130000,38103,84839,122942
1622324430000,38042,84450,122492
1622324729000,38048,84345,122393
1622325029000,37925,84443,122368
1622325330000,37728,84270,121998
1622325629000,37563,83846,121409
1622325930000,37432,83463,120895
1622326230000,37302,83213,120515
1622326530000,37138,83007,120145
1622326831000,37005,82656,119661
1622327130000,36791,82551,119342
1622327430000,36570,82080,118650
1622327730000,36502,82035,118537
1622328030000,36436,81717,118153
1622328330000,36256,81354,117610
1622328630000,36036,81191,117227
1622328930000,35952,80943,116895
1622329229000,35781,80373,116154
1622329530000,35594,80045,115639
1622329830000,35474,79755,115229
1622330130000,35386,79437,114823
1622330430000,35383,79442,114825
1622330730000,35283,79292,114575
1622331030000,35090,79122,114212
1622331330000,35045,78921,113966
1622331630000,34982,78807,113789
1622331929000,34998,78645,113643
1622332229000,34979,78613,113592
1622332530000,35009,78473,113482
1622332830000,35012,78434,113446
1622333130000,35440,78246,113686
1622333430000,35460,77978,113438
1622333730000,35278,77969,113247
1622334030000,35171,78382,113553
1622334329000,34884,78340,113224
1622334690000,34808,78333,113141
1622334930000,34793,78227,113020
1622335230000,34711,78441,113152
1622335530000,34573,78645,113218
1622335830000,34551,78701,113252
1622336130000,34547,78800,113347
1622336430000,34482,78888,113370
1622336730000,34464,79050,113514
1622337029000,34290,79171,113461
1622337330000,34347,79493,113840
1622337630000,34282,79798,114080
1622337930000,34103,79697,113800
1622338230000,34003,79757,113760
1622338530000,33963,79750,113713
1622338830000,33831,79611,113442
1622339130000,33802,79671,113473
1622339430000,33719,79761,113480
1622339730000,33653,79679,113332
1622340030000,33633,79663,113296
1622340330000,33553,79437,112990
1622340630000,33513,79559,113072
1622340930000,33466,79656,113122
1622341230000,33375,79779,113154
1622341529000,33261,79747,113008
1622341829000,33185,79798,112983
1622342130000,33142,79654,112796
1622342430000,33027,79579,112606
1622342729000,32873,79313,112186
1622343030000,32806,79037,111843
1622343329000,32665,78698,111363
1622343629000,32551,78563,111114
1622343930000,32386,78406,110792
1622344230000,32244,78302,110546
1622344530000,32063,78154,110217
1622344830000,31926,77923,109849
1622345130000,31786,77461,109247
1622345430000,31700,77028,108728
1622345729000,31614,76676,108290
1622346030000,31505,76416,107921
1622346330000,31271,76070,107341
1622346630000,31100,75599,106699
1622346930000,30862,75078,105940
1622347230000,30571,74586,105157
1622347530000,30310,73914,104224
1622347830000,30069,73609,103678
1622348130000,29851,72871,102722
1622348430000,29621,72555,102176
1622348732000,29477,72348,101825
1622349030000,29276,71636,100912
1622349330000,29010,71194,100204
1622349629000,28845,70769,99614
1622349930000,28626,70674,99300
1622350229000,28409,70239,98648
1622350530000,28172,69581,97753
1622350830000,27960,68739,96699
1622351130000,27729,68282,96011
1622351430000,27520,67757,95277
1622351730000,27249,67444,94693
1622352030000,27067,66406,93473
1622352330000,26777,65998,92775
1622352630000,26519,65545,92064
1622352930000,26349,65059,91408
1622353230000,26201,64391,90592
1622353530000,25958,63776,89734
1622353829000,25851,62914,88765
1622354130000,25643,62299,87942
1622354429000,25405,61680,87085
1622354730000,25079,60646,85725
1622355030000,24846,60165,85011
1622355330000,24824,59453,84277
1622355631000,24917,58920,83837
1622355930000,24872,58249,83121
1622356229000,24572,57914,82486
1622356529000,24218,57339,81557
1622356830000,23775,56782,80557
1622357130000,24049,56148,80197
1622357430000,24069,55481,79550
1622357730000,25011,54828,79839
1622358029000,25020,54348,79368
1622358329000,24933,53905,78838
1622358629000,24794,54326,79120
1622358930000,24628,55226,79854
1622359245000,24553,54784,79337
1622359530000,24340,53805,78145
1622359829000,24350,52953,77303
1622360130000,23971,52982,76953
1622360430000,23991,53271,77262
1622360730000,24017,53572,77589
1622361030000,24225,53994,78219
1622361329000,24234,53967,78201
1622361630000,24202,53738,77940
1622361930000,24182,53375,77557
1622362230000,24288,53098,77386
1622362529000,24370,52998,77368
1622362830000,24497,52897,77394
1622363130000,24698,52814,77512
1622363429000,24747,52591,77338
1622363730000,24745,52583,77328
1622364030000,24522,52558,77080
1622364330000,24308,52133,76441
1622364630000,24357,51820,76177
1622364930000,24502,51749,76251
1622365230000,24712,51444,76156
1622365530000,24791,51260,76051
1622365830000,24883,51546,76429
1622366130000,24925,51259,76184
1622366429000,25055,51228,76283
1622366730000,25268,51503,76771
1622367030000,25451,51532,76983
1622367330000,25517,51484,77001
1622367630000,25598,51566,77164
1622367929000,25650,51668,77318
1622368230000,25679,51572,77251
1622368530000,25872,51466,77338
1622368830000,25863,51507,77370
1622369130000,25919,51375,77294
1622369430000,25970,51385,77355
1622369729000,26071,51763,77834
1622370030000,26045,51804,77849
1622370330000,26103,51910,78013
1622370630000,26143,52260,78403
1622370930000,26259,52172,78431
1622371230000,26314,52294,78608
1622371530000,26197,52489,78686
1622371830000,26588,51936,78524
1622372130000,26599,52089,78688
1622372430000,26672,51598,78270
1622372729000,26818,51175,77993
1622373029000,27005,51689,78694
1622373329000,27090,52176,79266
1622373630000,27321,52355,79676
1622373930000,27449,52902,80351
1622374230000,27583,53023,80606
1622374530000,27745,53467,81212
1622374830000,27845,53755,81600
1622375130000,28026,54018,82044
1622375430000,28278,54534,82812
1622375730000,28497,54838,83335
1622376030000,28742,55166,83908
1622376330000,28929,55479,84408
1622376631000,29137,55470,84607
1622376930000,29031,56095,85126
1622377230000,29257,56648,85905
1622377529000,29340,57129,86469
1622377830000,29612,57763,87375
1622378130000,29805,58157,87962
1622378430000,30072,58368,88440
1622378730000,30222,59030,89252
1622379030000,30500,59611,90111
1622379330000,30751,60169,90920
1622379629000,30939,60656,91595
1622379930000,31111,61306,92417
1622380230000,31331,61834,93165
1622380530000,31552,62142,93694
1622380830000,31698,62751,94449
1622381129000,31953,63356,95309
1622381429000,32167,63875,96042
1622381730000,32326,64530,96856
1622382030000,32518,65074,97592
1622382330000,32724,65615,98339
1622382630000,32956,66096,99052
1622382930000,33149,66746,99895
1622383229000,33472,67223,100695
1622383530000,33542,67848,101390
1622383830000,33692,67838,101530
1622384130000,33831,68484,102315
1622384430000,34080,69244,103324
1622384730000,34297,70014,104311
1622385030000,34527,70563,105090
1622385329000,34713,71083,105796
1622385630000,34937,71611,106548
1622385930000,35054,72317,107371
1622386230000,35250,72852,108102
1622386530000,35316,73088,108404
1622386830000,35677,73427,109104
1622387130000,35801,73981,109782
1622387430000,35966,74778,110744
1622387730000,36119,75380,111499
1622388030000,36471,75961,112432
1622388330000,36625,76319,112944
1622388630000,36885,76609,113494
1622388930000,37119,77061,114180
1622389229000,37241,76711,113952
1622389530000,37329,77423,114752
1622389830000,37393,78023,115416
1622390130000,37569,78431,116000
1622390430000,37787,78555,116342
1622390730000,37769,78462,116231
1622391030000,37841,78804,116645
1622391330000,37960,79199,117159
1622391630000,38076,79065,117141
1622391930000,38185,79648,117833
1622392229000,38374,79868,118242
1622392530000,38540,80214,118754
1622392830000,38691,80588,119279
1622393130000,38937,80965,119902
1622393430000,38897,81126,120023
1622393730000,39179,81435,120614
1622394030000,39252,81673,120925
1622394330000,39438,82204,121642
1622394630000,39608,82318,121926
1622394929000,39236,82810,122046
1622395230000,38730,83071,121801
1622395529000,38871,83225,122096
1622395830000,39168,83346,122514
1622396130000,39331,83816,123147
1622396429000,39606,84268,123874
1622396730000,39790,84557,124347
1622397030000,39852,84928,124780
1622397330000,40078,85131,125209
1622397629000,40172,84846,125018
1622397930000,40334,85533,125867
1622398230000,40575,85927,126502
1622398530000,40522,87060,127582
1622398830000,40710,87639,128349
1622399130000,40912,88037,128949
1622399430000,41060,88442,129502
1622399730000,41201,88658,129859
1622400030000,41373,89207,130580
1622400400000,41529,89703,131232
1622400630000,41577,89860,131437
1622400930000,41660,90122,131782
1622401230000,41722,90311,132033
1622401530000,41830,90221,132051
1622401830000,41852,90044,131896
1622402131000,41718,89982,131700
1622402430000,41627,90350,131977
1622402730000,41610,90555,132165
1622403030000,41635,90746,132381
1622403330000,41365,90917,132282
1622403630000,41370,91029,132399
1622403930000,41136,91153,132289
1622404229000,41347,91138,132485
1622404530000,41287,91347,132634
1622404830000,41459,91497,132956
1622405129000,41444,91598,133042
1622405430000,41438,91249,132687
1622405730000,42070,91098,133168
1622406030000,41278,90986,132264
1622406330000,42142,90507,132649
1622406630000,42078,90677,132755
1622406930000,42051,90373,132424
1622407230000,42020,90483,132503
1622407530000,41968,89667,131635
1622407830000,41873,90255,132128
1622408130000,41738,90091,131829
1622408430000,41561,89880,131441
1622408730000,41388,89601,130989
1622409030000,41322,89311,130633
1622409330000,41227,89035,130262
1622409630000,41107,88635,129742
1622409930000,40858,88539,129397
1622410230000,40708,88309,129017
1622410530000,40574,87929,128503
1622410830000,40457,87696,128153
1622411130000,40187,87228,127415
1622411429000,39908,86596,126504
1622411729000,39761,86168,125929
1622412029000,39567,85716,125283
1622412330000,39355,85124,124479
1622412630000,39216,84546,123762
1622412930000,38881,84381,123262
1622413230000,38756,84037,122793
1622413530000,38518,83410,121928
1622413829000,38448,83110,121558
1622414130000,38321,83122,121443
1622414430000,38206,82687,120893
1622414730000,38025,82637,120662
1622415030000,37843,82336,120179
1622415330000,37745,81925,119670
1622415629000,37545,81490,119035
1622415929000,37318,81098,118416
1622416229000,37176,80937,118113
1622416530000,37103,80354,117457
1622416829000,36932,80170,117102
1622417130000,36938,79990,116928
1622417430000,36828,79844,116672
1622417730000,36880,79521,116401
1622418219000,36841,79637,116478
1622418334000,36821,79575,116396
1622418401000,36804,79444,116248
1622418630000,36860,79261,116121
1622418930000,36891,79420,116311
1622419230000,36923,79461,116384
1622419530000,37384,79287,116671
1622419830000,37389,79343,116732
1622420130000,37585,79498,117083
1622420430000,37404,79587,116991
1622420730000,37339,79667,117006
1622421030000,37258,79629,116887
1622421330000,37086,79911,116997
1622421630000,37001,79936,116937
1622421930000,36930,80144,117074
1622422230000,36917,81069,117986
1622422529000,36873,81239,118112
1622422830000,36801,80971,117772
1622423130000,36762,80649,117411
1622423429000,36688,80591,117279
1622423729000,36003,80505,116508
1622424030000,35883,80331,116214
1622424330000,35722,80706,116428
1622424630000,35705,81069,116774
1622424930000,35622,81050,116672
1622425231000,35658,80981,116639
1622425530000,35672,81062,116734
1622425831000,35657,80944,116601
1622426130000,35548,80989,116537
1622426430000,35421,81164,116585
1622426730000,35405,81010,116415
1622427030000,35324,80909,116233
1622427330000,35157,80951,116108
1622427820000,34940,81015,115955
1622427930000,34900,80825,115725
1622428230000,34765,80774,115539
1622428529000,34677,80855,115532
1622428830000,34672,80842,115514
1622429129000,34519,80500,115019
1622429430000,34554,80142,114696
1622429729000,34287,79853,114140
1622430030000,34152,79473,113625
1622430330000,33980,78991,112971
1622430629000,33770,78919,112689
1622430930000,33659,78623,112282
1622431230000,33465,78165,111630
1622431530000,33290,78032,111322
1622431830000,32956,77588,110544
1622432129000,32757,77444,110201
1622432430000,32460,76891,109351
1622432731000,32288,76399,108687
1622433030000,31994,75747,107741
1622433329000,31734,75438,107172
1622433630000,31441,74398,105839
1622433930000,31224,73832,105056
1622434230000,31057,73199,104256
1622434530000,30811,72149,102960
1622434830000,30518,71599,102117
1622435130000,30303,71140,101443
1622435430000,30092,70415,100507
1622435730000,29934,70090,100024
1622436030000,29790,69442,99232
1622436330000,29535,68614,98149
1622436629000,29423,68288,97711
1622436930000,29157,67965,97122
1622437230000,28861,66993,95854
1622437530000,28443,66418,94861
1622437830000,27902,65693,93595
1622438130000,27543,65155,92698
1622438430000,27236,64480,91716
1622438729000,27055,63818,90873
1622439030000,26769,63140,89909
1622439330000,26632,62490,89122
1622439629000,26772,62118,88890
1622439930000,26794,61500,88294
1622440230000,26642,60765,87407
1622440530000,26454,60106,86560
1622440830000,26211,59303,85514
1622441130000,25791,58462,84253
1622441430000,25562,58191,83753
1622441730000,24842,58009,82851
1622442030000,25321,57185,82506
1622442387000,24137,56776,80913
1622442629000,23939,56407,80346
1622442929000,23656,56140,79796
1622443230000,23636,55466,79102
1622443530000,23470,55642,79112
1622443830000,23242,55304,78546
1622444130000,23077,55081,78158
1622444430000,22919,54217,77136
1622444730000,22839,53686,76525
1622445030000,22801,53703,76504
1622445330000,22728,53624,76352
1622445630000,22411,52887,75298
1622445930000,22020,52165,74185
1622446230000,21909,51651,73560
1622446530000,22032,51296,73328
1622446830000,22077,51709,73786
1622447130000,22162,52220,74382
1622447430000,22216,52521,74737
1622447730000,22140,52354,74494
1622448029000,22098,51806,73904
1622448330000,22111,51547,73658
1622448630000,22316,51279,73595
1622448930000,22398,51749,74147
1622449230000,22453,51702,74155
1622449530000,22404,51425,73829
1622449830000,22452,51131,73583
1622450130000,22410,51098,73508
1622450430000,22471,50939,73410
1622450730000,22442,51116,73558
1622451029000,22437,51038,73475
1622451330000,22443,50695,73138
1622451629000,22380,50622,73002
1622451930000,22430,49715,72145
1622452229000,22306,49077,71383
1622452530000,22335,49171,71506
1622452830000,22205,49642,71847
1622453130000,22216,50669,72885
1622453430000,22298,50800,73098
1622453730000,22389,50903,73292
1622454030000,22453,51052,73505
1622454329000,22489,50933,73422
1622454630000,22520,51023,73543
1622454930000,22515,51013,73528
1622455230000,22509,51053,73562
1622455530000,22682,51155,73837
1622455829000,22817,50995,73812
1622456129000,22932,51175,74107
1622456430000,23037,51120,74157
1622456730000,23085,51234,74319
1622457030000,22867,51244,74111
1622457330000,22803,51479,74282
1622457629000,23054,51695,74749
1622457930000,23125,51912,75037
1622458229000,23246,52294,75540
1622458530000,23412,52854,76266
1622458830000,23533,52875,76408
1622459130000,23704,52754,76458
1622459430000,23944,53099,77043
1622459730000,24142,53372,77514
1622460030000,23959,53659,77618
1622460330000,24188,54416,78604
1622460630000,24405,55258,79663
1622460930000,24670,55065,79735
1622461230000,24844,56139,80983
1622461529000,25063,56869,81932
1622461830000,25282,57161,82443
1622462130000,25231,56191,81422
1622462430000,25549,57558,83107
1622462730000,25633,58216,83849
1622463030000,25849,58140,83989
1622463330000,26043,58389,84432
1622463630000,26335,58726,85061
1622463930000,26543,59694,86237
1622464230000,26754,60363,87117
1622464530000,27081,60804,87885
1622464829000,27364,61324,88688
1622465130000,27622,61930,89552
1622465430000,27839,62182,90021
1622465730000,28002,62210,90212
1622466030000,28241,62507,90748
1622466330000,28575,63105,91680
1622466630000,28792,63775,92567
1622466930000,28751,64419,93170
1622467230000,28975,64868,93843
1622467530000,29303,65468,94771
1622467830000,29476,65466,94942
1622468130000,29860,66059,95919
1622468430000,30247,66608,96855
1622468730000,30391,67395,97786
1622469030000,30638,67155,97793
1622469329000,30809,67369,98178
1622469630000,30987,67678,98665
1622469930000,31398,67401,98799
1622470230000,31448,67595,99043
1622470530000,31626,68064,99690
1622470830000,31893,68214,100107
1622471130000,32278,68871,101149
1622471430000,32532,70064,102596
1622471730000,32754,70816,103570
1622472030000,33034,71298,104332
1622472330000,33141,71722,104863
1622472630000,33408,72591,105999
1622472930000,33681,73196,106877
1622473230000,33999,73421,107420
1622473530000,34148,74027,108175
1622473894000,34349,75125,109474
1622474130000,34517,75997,110514
1622474430000,34695,76373,111068
1622474730000,34827,76435,111262
1622475030000,35057,76828,111885
1622475330000,35186,77596,112782
1622475630000,35272,77765,113037
1622475930000,35471,77959,113430
1622476230000,35717,78679,114396
1622476530000,35854,78435,114289
1622476830000,35954,78355,114309
1622477130000,36106,78265,114371
1622477430000,36369,78314,114683
1622477730000,36640,78500,115140
1622478030000,36705,78735,115440
1622478330000,36872,79244,116116
1622478630000,37005,79654,116659
1622478930000,37063,79954,117017
1622479230000,37312,80406,117718
1622479530000,37487,80548,118035
1622479830000,37723,80853,118576
1622480130000,37950,81204,119154
1622480430000,38083,81435,119518
1622480730000,38326,81912,120238
1622481030000,38466,81937,120403
1622481330000,38645,82180,120825
1622481630000,38704,82620,121324
1622481930000,38779,83109,121888
1622482230000,38985,83954,122939
1622482530000,39160,84308,123468
1622482830000,39336,84583,123919
1622483130000,39587,85118,124705
1622483429000,39895,85093,124988
1622483730000,39929,85220,125149
1622484030000,40076,83747,123823
1622484329000,40194,84296,124490
1622484630000,40471,85250,125721
1622484930000,41066,86613,127679
1622485230000,40782,87566,128348
1622485530000,40886,87614,128500
1622485830000,42320,87743,130063
1622486130000,42392,88166,130558
1622486430000,42582,88409,130991
1622486730000,42690,88608,131298
1622487030000,42774,88960,131734
1622487331000,42953,89405,132358
1622487630000,43034,89819,132853
1622487930000,43019,90018,133037
1622488230000,43010,90199,133209
1622488529000,42932,90720,133652
1622488830000,43029,90673,133702
1622489130000,42980,90977,133957
1622489430000,43148,91255,134403
1622489731000,43227,91527,134754
1622490030000,43294,91778,135072
1622490329000,43335,91857,135192
1622490630000,43316,92460,135776
1622490930000,43235,92609,135844
1622491230000,43117,92632,135749
1622491530000,43036,92338,135374
1622491830000,42982,92482,135464
1622492130000,42933,92723,135656
1622492430000,42809,92385,135194
1622492730000,42763,92262,135025
1622493030000,42575,92220,134795
1622493330000,42431,92219,134650
1622493630000,42405,91960,134365
1622493930000,42273,91937,134210
1622494230000,42211,91405,133616
1622494530000,41911,91442,133353
1622494830000,41589,91235,132824
1622495130000,41350,90914,132264
1622495430000,41073,90704,131777
1622495730000,40997,90494,131491
1622496030000,40823,90049,130872
1622496330000,40821,89927,130748
1622496629000,40659,89370,130029
1622496930000,40431,88839,129270
1622497230000,40276,88550,128826
1622497530000,40106,88268,128374
1622497830000,39922,87900,127822
1622498130000,39785,87199,126984
1622498430000,39536,86721,126257
1622498730000,39377,86498,125875
1622499030000,39265,86108,125373
1622499330000,39285,86023,125308
1622499630000,38947,85343,124290
1622499930000,38907,85178,124085
1622500230000,38768,85004,123772
1622500530000,38690,84914,123604
1622500830000,38478,84526,123004
1622501129000,38281,83999,122280
1622501430000,38215,83807,122022
1622501729000,38105,83388,121493
1622502030000,38117,82762,120879
1622502330000,38004,82494,120498
1622502630000,37900,81975,119875
1622502930000,37708,81808,119516
1622503229000,37549,81538,119087
1622503530000,37624,81530,119154
1622503830000,37564,81427,118991
1622504130000,37447,81344,118791
1622504501000,37492,80892,118384
1622504730000,37447,81399,118846
1622505030000,37428,81445,118873
1622505330000,37573,81272,118845
1622505630000,37702,81542,119244
1622505930000,38485,81439,119924
1622506230000,38686,81036,119722
1622506530000,38736,81290,120026
1622506830000,38606,81352,119958
1622507130000,38404,81317,119721
1622507430000,38339,81359,119698
1622507730000,38452,81702,120154
1622508030000,38369,81617,119986
1622508330000,38282,81931,120213
1622508630000,38197,82092,120289
1622508930000,38136,82080,120216
1622509230000,38013,82087,120100
1622509530000,37981,82269,120250
1622509830000,37938,82626,120564
1622510130000,37757,82601,120358
1622510430000,37727,82841,120568
1622510730000,37592,82872,120464
1622511029000,37539,82997,120536
1622511330000,37427,82970,120397
1622511630000,37315,82996,120311
1622511930000,37146,82838,119984
1622512230000,37065,82789,119854
1622512530000,36916,82677,119593
1622512831000,36813,82529,119342
1622513130000,36572,82324,118896
1622513430000,36250,81988,118238
1622513730000,36158,81616,117774
1622514033000,35999,81425,117424
1622514330000,35885,81215,117100
1622514630000,35646,80911,116557
1622514930000,35480,80708,116188
1622515230000,35206,80442,115648
1622515530000,34965,80069,115034
1622515829000,34778,79747,114525
1622516130000,34476,79265,113741
1622516429000,34215,78571,112786
1622516730000,33790,78105,111895
1622517030000,33413,77499,110912
1622517329000,33163,76962,110125
1622517630000,32845,76252,109097
1622517930000,32520,75680,108200
1622518230000,32344,74992,107336
1622518530000,32123,74323,106446
1622518830000,31779,73611,105390
1622519130000,31531,73109,104640
1622519430000,31319,72519,103838
1622519729000,30989,71708,102697
1622520029000,30742,71042,101784
1622520330000,30397,70358,100755
1622520630000,29947,69391,99338
1622520930000,29766,68851,98617
1622521230000,29517,68146,97663
1622521530000,29223,67327,96550
1622521829000,28977,66515,95492
1622522130000,28686,66024,94710
1622522429000,28503,65327,93830
1622522730000,28260,64693,92953
1622523029000,27944,64409,92353
1622523330000,27598,63620,91218
1622523630000,27328,62601,89929
1622523930000,27001,62124,89125
1622524230000,26703,61436,88139
1622524530000,26412,60711,87123
1622524830000,26083,60104,86187
1622525130000,25853,59244,85097
1622525430000,25611,58720,84331
1622525730000,25418,58168,83586
1622526030000,23792,57638,81430
1622526330000,24076,57005,81081
1622526630000,24452,56310,80762
1622526930000,24133,55771,79904
1622527230000,23691,55224,78915
1622527530000,23544,54305,77849
1622527830000,23374,53711,77085
1622528130000,23620,53133,76753
1622528430000,22896,52517,75413
1622528729000,22077,51675,73752
1622529030000,22324,51097,73421
1622529330000,21846,50651,72497
1622529630000,21798,50154,71952
1622529930000,21683,49729,71412
1622530230000,21465,49485,70950
1622530530000,21401,49175,70576
1622530830000,21387,48639,70026
1622531130000,21322,48487,69809
1622531430000,21269,48781,70050
1622531730000,21197,49209,70406
1622532030000,21127,48922,70049
1622532330000,20828,47888,68716
1622532630000,20745,47195,67940
1622532929000,20944,46975,67919
1622533230000,20945,47566,68511
1622533530000,21066,48089,69155
1622533829000,20975,48757,69732
1622534130000,20631,47858,68489
1622534430000,20705,47905,68610
1622534729000,20865,47732,68597
1622535030000,21089,47586,68675
1622535330000,21136,47883,69019
1622535630000,21205,47860,69065
1622535930000,21253,47566,68819
1622536230000,21404,47432,68836
1622536530000,21054,46872,67926
1622536830000,21410,47022,68432
1622537130000,21530,47049,68579
1622537430000,21561,47071,68632
1622537730000,21780,47055,68835
1622538030000,21873,47192,69065
1622538330000,21805,47149,68954
1622538630000,22028,47070,69098
1622538930000,22090,47017,69107
1622539230000,22224,47243,69467
1622539530000,22437,47071,69508
1622539830000,22560,47028,69588
1622540130000,22476,47164,69640
1622540430000,22447,47455,69902
1622540730000,22275,47483,69758
1622541030000,21117,47525,68642
1622541330000,20254,47502,67756
1622541630000,17676,47531,65207
1622541930000,544,47710,48254
1622542230000,8868,47717,56585
1622542530000,11036,47820,58856
1622542830000,12634,47938,60572
1622543130000,13862,47932,61794
1622543430000,14777,48108,62885
1622543730000,15594,48152,63746
1622544029000,16277,48332,64609
1622544330000,16803,48541,65344
1622544630000,17318,48636,65954
1622544930000,17816,48620,66436
1622545230000,18204,48882,67086
1622545530000,18736,49122,67858
1622545830000,19210,49287,68497
1622546130000,19568,49742,69310
1622546430000,20014,50287,70301
1622546730000,20410,50626,71036
1622547030000,20642,50852,71494
1622547330000,20929,51261,72190
1622547630000,21373,51628,73001
1622547930000,21611,52099,73710
1622548230000,21937,52548,74485
1622548530000,21903,53020,74923
1622548830000,22223,53350,75573
1622549130000,22490,53711,76201
1622549430000,22776,54293,77069
1622549730000,23145,54901,78046
1622550030000,23343,55362,78705
1622550330000,23667,55869,79536
1622550630000,23954,56539,80493
1622550930000,24335,57029,81364
1622551230000,24709,57693,82402
1622551530000,25121,58187,83308
1622551830000,25521,58724,84245
1622552130000,25798,59465,85263
1622552430000,26107,59622,85729
1622552730000,26443,60312,86755
1622553030000,26897,60767,87664
1622553330000,27167,61480,88647
1622553630000,27457,62166,89623
1622553930000,27092,62922,90014
1622554229000,27274,63284,90558
1622554530000,27495,63982,91477
1622554830000,27771,64541,92312
1622555130000,28052,65372,93424
1622555430000,28221,65933,94154
1622555730000,28483,66128,94611
1622556030000,28679,67831,96510
1622556330000,28947,68192,97139
1622556629000,29202,68209,97411
1622556930000,29393,68683,98076
1622557230000,29659,69125,98784
1622557530000,29847,69782,99629
1622557830000,30044,70222,100266
1622558130000,30290,70951,101241
1622558430000,30442,71759,102201
1622558730000,30629,71656,102285
1622559030000,30785,72309,103094
1622559330000,30970,72080,103050
1622559630000,30963,72912,103875
1622559930000,31102,73050,104152
1622560230000,31299,73769,105068
1622560529000,31424,74647,106071
1622560830000,31410,74878,106288
1622561130000,31560,75218,106778
1622561430000,31706,75375,107081
1622561730000,31765,75429,107194
1622562030000,31993,76072,108065
1622562330000,32180,76401,108581
1622562630000,32437,76559,108996
1622562930000,32646,76683,109329
1622563230000,32861,77150,110011
1622563530000,32923,75924,108847
1622563829000,33242,76015,109257
1622564130000,33518,76324,109842
1622564429000,33844,76625,110469
1622564730000,34076,76681,110757
1622565030000,34353,76823,111176
1622565330000,34611,76933,111544
1622565630000,34936,77148,112084
1622565930000,33889,77621,111510
1622566230000,34191,77766,111957
1622566530000,34495,77962,112457
1622566830000,34684,77876,112560
1622567130000,35039,78132,113171
1622567430000,35385,78352,113737
1622567730000,35629,78578,114207
1622568030000,35957,79049,115006
1622568330000,36210,79617,115827
1622568630000,36526,79903,116429
1622568930000,36759,80303,117062
1622569229000,37050,80922,117972
1622569529000,35731,81520,117251
1622569829000,35839,81800,117639
1622570130000,35989,82309,118298
1622570430000,36070,80678,116748
1622570730000,36241,80988,117229
1622571029000,36420,81926,118346
1622571330000,36550,83144,119694
1622571630000,36695,83854,120549
1622571929000,36856,83983,120839
1622572230000,37048,84172,121220
1622572530000,37155,84572,121727
1622572830000,37262,85054,122316
1622573129000,37329,85507,122836
1622573430000,37481,85943,123424
1622573729000,37505,86103,123608
1622574029000,37574,86076,123650
1622574330000,37540,86390,123930
1622574630000,37681,86444,124125
1622574930000,37829,86584,124413
1622575230000,37837,86940,124777
1622575530000,37826,87171,124997
1622575830000,37838,87214,125052
1622576130000,37929,87561,125490
1622576430000,38114,87703,125817
1622576730000,38155,87778,125933
1622577030000,38204,87766,125970
1622577330000,38295,87878,126173
1622577630000,38202,87665,125867
1622577930000,38101,87791,125892
1622578230000,38036,88009,126045
1622578530000,37916,87900,125816
1622578830000,37940,87958,125898
1622579130000,37881,88032,125913
1622579430000,37808,87990,125798
1622579730000,37773,87970,125743
1622580029000,37828,87679,125507
1622580330000,37633,87213,124846
1622580630000,37516,87031,124547
1622580930000,37460,86653,124113
1622581230000,37361,86395,123756
1622581530000,37116,85794,122910
1622581830000,36999,85560,122559
1622582130000,36811,85284,122095
1622582430000,36472,84853,121325
1622582729000,36381,84430,120811
1622583029000,36278,84262,120540
1622583330000,36066,83972,120038
1622583630000,35950,83845,119795
1622583930000,35690,83659,119349
1622584230000,35553,83202,118755
1622584530000,35397,82677,118074
1622584830000,35068,82391,117459
1622585130000,34848,81986,116834
1622585429000,34667,81637,116304
1622585730000,34531,81758,116289
1622586030000,34498,81524,116022
1622586330000,34580,81369,115949
1622586630000,34602,81240,115842
1622586930000,34518,81019,115537
1622587230000,34520,80839,115359
1622587530000,34577,80499,115076
1622587830000,34577,80406,114983
1622588130000,34482,79983,114465
1622588430000,34362,79972,114334
1622588731000,34172,79735,113907
1622589030000,34167,79651,113818
1622589329000,34154,79942,114096
1622589630000,33941,79795,113736
1622589929000,33866,79623,113489
1622590230000,33772,79245,113017
1622590530000,33749,78990,112739
1622590830000,33765,79149,112914
1622591130000,33745,79253,112998
1622591430000,33744,79382,113126
1622591730000,33743,79480,113223
1622592030000,33933,79451,113384
1622592330000,34239,79649,113888
1622592630000,34441,79663,114104
1622592930000,34479,79957,114436
1622593230000,34517,80159,114676
1622593530000,34530,80429,114959
1622593830000,34604,80961,115565
1622594130000,34590,81124,115714
1622594430000,34495,81353,115848
1622594730000,34561,81545,116106
1622595030000,34466,81787,116253
1622595330000,34356,81634,115990
1622595629000,34326,81124,115450
1622595930000,34275,82267,116542
1622596229000,34051,82494,116545
1622596530000,34031,82712,116743
1622596830000,33965,82798,116763
1622597130000,33918,82916,116834
1622597430000,33782,82990,116772
1622597730000,33672,82961,116633
1622598030000,33657,82924,116581
1622598330000,33561,82949,116510
1622598630000,33391,82985,116376
1622598929000,33243,83013,116256
1622599229000,33070,82892,115962
1622599529000,32871,82683,115554
1622599830000,32666,82232,114898
1622600131000,32508,82200,114708
1622600430000,32455,82007,114462
1622600729000,32282,81700,113982
1622601030000,32071,81423,113494
1622601330000,31829,81270,113099
1622601630000,31618,81014,112632
1622601930000,31462,80560,112022
1622602230000,31233,80358,111591
1622602530000,30962,79985,110947
1622602830000,30776,79333,110109
1622603130000,30531,78872,109403
1622603429000,30181,77923,108104
1622603730000,29941,77624,107565
1622604030000,29640,76922,106562
1622604330000,29416,76261,105677
1622604630000,29190,75701,104891
1622604930000,28953,75398,104351
1622605230000,28606,74721,103327
1622605530000,28229,74162,102391
1622605829000,27871,73472,101343
1622606130000,27591,72868,100459
1622606430000,27210,72043,99253
1622606730000,26871,70953,97824
1622607030000,26572,70190,96762
1622607330000,26243,69572,95815
1622607630000,26018,68967,94985
1622607929000,25704,68351,94055
1622608230000,25379,67678,93057
1622608530000,25095,66892,91987
1622608830000,24820,66018,90838
1622609129000,24589,65499,90088
1622609430000,24287,64840,89127
1622609730000,24103,64257,88360
1622610029000,23891,63227,87118
1622610330000,23419,62164,85583
1622610630000,23272,61580,84852
1622610930000,23117,60482,83599
1622611230000,22858,60296,83154
1622611530000,22630,59780,82410
1622611830000,22347,59170,81517
1622612130000,22230,58627,80857
1622612430000,22159,58157,80316
1622612731000,21966,57399,79365
1622613030000,21860,56663,78523
1622613330000,21737,55865,77602
1622613630000,21519,55151,76670
1622613930000,21421,54494,75915
1622614230000,21277,53893,75170
1622614530000,21138,53381,74519
1622614830000,20995,52795,73790
1622615130000,20877,52217,73094
1622615430000,20825,51741,72566
1622615730000,20702,51173,71875
1622616030000,20672,50956,71628
1622616330000,20555,50620,71175
1622616630000,20440,50102,70542
1622616930000,20418,49910,70328
1622617230000,20355,49505,69860
1622617530000,20042,49013,69055
1622617830000,20209,49488,69697
1622618130000,20190,49967,70157
1622618430000,20181,49826,70007
1622618730000,20174,48432,68606
1622619030000,20147,47833,67980
1622619330000,20234,47533,67767
1622619675000,20121,48372,68493
1622619930000,20147,49074,69221
1622620230000,20107,49278,69385
1622620530000,20128,49055,69183
1622620830000,20086,48697,68783
1622621130000,20122,48604,68726
1622621430000,20173,48692,68865
1622621730000,20226,48696,68922
1622622030000,20224,48492,68716
1622623611000,20445,48019,68464
1622624213000,20391,47759,68150
1622624509000,20403,47743,68146
1622624729000,20341,47792,68133
1622625030000,20448,47672,68120
1622625330000,20505,47654,68159
1622625629000,20503,47648,68151
1622625930000,20586,47639,68225
1622626230000,20578,47602,68180
1622626530000,20564,47835,68399
1622626830000,20608,47919,68527
1622627130000,20701,47688,68389
1622627429000,20741,47648,68389
1622627729000,20782,47602,68384
1622628030000,20841,47633,68474
1622628330000,20838,47717,68555
1622628630000,20889,47945,68834
1622628930000,20904,48019,68923
1622629230000,20981,47803,68784
1622629530000,21073,47740,68813
1622629830000,21083,47856,68939
1622630131000,21149,47883,69032
1622630430000,21231,48071,69302
1622630730000,21354,48045,69399
1622631030000,21477,48060,69537
1622631330000,21457,47867,69324
1622631630000,21430,48073,69503
1622631930000,21584,48173,69757
1622632230000,21712,48583,70295
1622632530000,21733,49219,70952
1622632830000,21868,49661,71529
1622633130000,22011,50202,72213
1622633429000,22162,50018,72180
1622633729000,22322,50775,73097
1622634030000,22538,51429,73967
1622634330000,22790,52229,75019
1622634630000,23046,52663,75709
1622634931000,23227,52969,76196
1622635230000,23477,53453,76930
1622635530000,23670,53795,77465
1622635830000,23925,54303,78228
1622636130000,24018,55121,79139
1622636430000,24268,55534,79802
1622636730000,24574,56135,80709
1622637030000,24797,56672,81469
1622637330000,25027,57253,82280
1622637629000,25372,58075,83447
1622637930000,25539,58612,84151
1622638230000,25719,59098,84817
1622638530000,25856,59657,85513
1622638830000,25989,60172,86161
1622639130000,26256,60887,87143
1622639431000,26626,61736,88362
1622639730000,26983,62499,89482
1622640030000,27231,63024,90255
1622640330000,27384,63562,90946
1622640630000,27806,63975,91781
1622640930000,28121,64644,92765
1622641230000,28468,65112,93580
1622641530000,28673,65628,94301
1622641830000,28913,65695,94608
1622642130000,29028,66016,95044
1622642430000,29201,66464,95665
1622642730000,29623,67112,96735
1622643030000,30206,67655,97861
1622643330000,30617,68240,98857
1622643630000,30827,68715,99542
1622643930000,30875,69277,100152
1622644230000,31176,69780,100956
1622644529000,31344,70471,101815
1622644830000,31706,71192,102898
1622645130000,32074,71657,103731
1622645430000,32397,71918,104315
1622645730000,32608,72220,104828
1622646030000,32858,72696,105554
1622646330000,32980,73142,106122
1622646630000,33253,73703,106956
1622646930000,33514,74220,107734
1622647230000,33670,74741,108411
1622647530000,33974,75330,109304
1622647830000,34187,75533,109720
1622648130000,34445,75906,110351
1622648430000,34643,76091,110734
1622648730000,34711,76656,111367
1622649030000,35010,76452,111462
1622649330000,35221,76629,111850
1622649630000,35308,76499,111807
1622649930000,35381,76602,111983
1622650230000,35581,76498,112079
1622650530000,35815,76945,112760
1622650830000,35998,77218,113216
1622651130000,36063,77346,113409
1622651430000,36212,77441,113653
1622651730000,36444,77685,114129
1622652030000,36730,77998,114728
1622652330000,36955,78130,115085
1622652630000,37083,78221,115304
1622652930000,37281,78363,115644
1622653230000,37544,78615,116159
1622653530000,37576,78699,116275
1622653830000,37835,78956,116791
1622654130000,37998,79380,117378
1622654430000,38174,79816,117990
1622654730000,38432,80131,118563
1622655030000,38569,80156,118725
1622655330000,38980,80811,119791
1622655630000,39095,81509,120604
1622655930000,39303,81668,120971
1622656230000,36816,81997,118813
1622656530000,36923,81918,118841
1622656829000,36788,79888,116676
1622657130000,36988,80159,117147
1622657430000,37139,81092,118231
1622657730000,37298,82578,119876
1622658030000,37504,83664,121168
1622658329000,37635,84199,121834
1622658630000,37815,84542,122357
1622658930000,37876,84695,122571
1622659230000,38059,85116,123175
1622659530000,38234,85412,123646
1622659830000,38359,85604,123963
1622660130000,38307,85732,124039
1622660429000,38502,85807,124309
1622660730000,38521,86198,124719
1622661030000,38604,86482,125086
1622661329000,38634,87019,125653
1622661630000,38691,87109,125800
1622661930000,38911,87550,126461
1622662230000,38901,87723,126624
1622662530000,38984,87919,126903
1622662830000,39129,88098,127227
1622663129000,39090,88288,127378
1622663430000,39264,88137,127401
1622663730000,39138,87938,127076
1622664030000,39138,87710,126848
1622664330000,39049,87835,126884
1622664630000,39045,87650,126695
1622664930000,39003,87952,126955
1622665230000,39047,87916,126963
1622665530000,39020,87513,126533
1622665830000,38855,87375,126230
1622666130000,38863,87345,126208
1622666430000,38802,87275,126077
1622666730000,38655,87355,126010
1622667030000,38586,87327,125913
1622667330000,38449,86568,125017
1622667629000,38302,86281,124583
1622667930000,38105,85816,123921
1622668229000,37981,85246,123227
1622668530000,37744,85050,122794
1622668830000,37611,84388,121999
1622669130000,37526,84007,121533
1622669430000,37426,83637,121063
1622669730000,37198,83280,120478
1622670030000,36990,83409,120399
1622670329000,37058,83206,120264
1622670630000,36896,83152,120048
1622670930000,36676,82762,119438
1622671230000,36464,82637,119101
1622671530000,36234,82311,118545
1622671829000,36061,82306,118367
1622672130000,35951,82026,117977
1622672430000,35771,81986,117757
1622672730000,35567,81823,117390
1622673030000,35517,81650,117167
1622673330000,35361,81256,116617
1622673630000,35329,81154,116483
1622673930000,35239,81024,116263
1622674230000,35175,81143,116318
1622674530000,35015,80991,116006
1622674830000,34858,80668,115526
1622675130000,34778,80346,115124
1622675430000,34734,80315,115049
1622675730000,34692,79999,114691
1622676030000,34670,79782,114452
1622676330000,34579,80025,114604
1622676630000,34465,79980,114445
1622676930000,34391,79822,114213
1622677230000,34398,80013,114411
1622677530000,34527,80210,114737
1622677830000,34531,80007,114538
1622678130000,34559,80083,114642
1622678430000,34564,80250,114814
1622678730000,35139,80325,115464
1622679030000,35299,80316,115615
1622679330000,35429,80611,116040
1622679629000,35442,81000,116442
1622679930000,35455,81442,116897
1622680230000,35422,81421,116843
1622680530000,35461,81417,116878
1622680830000,35447,81659,117106
1622681130000,35383,81733,117116
1622681430000,35521,81888,117409
1622681730000,35505,82168,117673
1622682030000,35528,82242,117770
1622682330000,35505,82338,117843
1622682631000,35468,82566,118034
1622682930000,35418,82662,118080
1622683230000,35269,82843,118112
1622683530000,35235,82827,118062
1622683829000,35155,83003,118158
1622684130000,35006,83026,118032
1622684430000,34800,82959,117759
1622684729000,34672,83058,117730
1622685030000,34741,83062,117803
1622685330000,34635,83217,117852
1622685630000,34288,82904,117192
1622685930000,34190,82684,116874
1622686229000,34055,82709,116764
1622686530000,33838,82449,116287
1622686829000,33652,82254,115906
1622687130000,33420,81907,115327
1622687430000,33190,81421,114611
1622687730000,33011,81272,114283
1622688030000,32848,80894,113742
1622688330000,32757,80589,113346
1622688630000,32477,80140,112617
1622688930000,32144,79804,111948
1622689230000,31954,79280,111234
1622689530000,31568,78764,110332
1622689829000,31280,78083,109363
1622690129000,31163,77689,108852
1622690430000,30916,76964,107880
1622690730000,30729,76621,107350
1622691030000,30453,76210,106663
1622691330000,30148,75230,105378
1622691629000,29821,74846,104667
1622691930000,29552,74282,103834
1622692230000,29289,73605,102894
1622692530000,29011,72788,101799
1622692830000,28665,72076,100741
1622693129000,28235,71325,99560
1622693430000,28013,70503,98516
1622693730000,27747,69956,97703
1622694030000,27465,69418,96883
1622694330000,27136,68958,96094
1622694630000,26933,68438,95371
1622694930000,26761,67576,94337
1622695230000,26469,66976,93445
1622695530000,26240,66265,92505
1622695830000,26036,65520,91556
1622696130000,25800,64765,90565
1622696430000,25592,64141,89733
1622696730000,25230,62549,87779
1622697030000,24916,62732,87648
1622697330000,24664,62210,86874
1622697630000,24434,61511,85945
1622697930000,24125,60881,85006
1622698229000,23949,60053,84002
1622698530000,23744,59341,83085
1622698830000,23562,58764,82326
1622699130000,23304,58036,81340
1622699430000,23124,57343,80467
1622699730000,22906,56906,79812
1622700030000,22592,56178,78770
1622700329000,22477,55543,78020
1622700630000,22165,54903,77068
1622700930000,22162,54338,76500
1622701230000,21851,53682,75533
1622701530000,21459,53068,74527
1622701830000,21451,52082,73533
1622702130000,21661,51684,73345
1622702430000,21484,51212,72696
1622702730000,21451,50998,72449
1622703030000,21275,50740,72015
1622703330000,21206,50470,71676
1622703630000,21593,50116,71709
1622703930000,21174,49752,70926
1622704230000,21145,50141,71286
1622704530000,20939,50643,71582
1622704829000,21909,50533,72442
1622705130000,22001,49283,71284
1622705430000,21980,48630,70610
1622705730000,21889,48718,70607
1622706030000,21934,49317,71251
1622706330000,21879,50174,72053
1622706630000,21939,50468,72407
1622706930000,21909,50203,72112
1622707232000,21866,50037,71903
1622707530000,21889,50025,71914
1622707830000,21948,49780,71728
1622708130000,22060,49609,71669
1622708430000,22174,49533,71707
1622708730000,22269,49488,71757
1622709030000,22606,49212,71818
1622709331000,22895,49318,72213
1622709630000,22977,49394,72371
1622709930000,23046,49301,72347
1622710230000,23096,49077,72173
1622710530000,23087,49203,72290
1622710831000,22838,49157,71995
1622711129000,22911,48920,71831
1622711430000,23024,48896,71920
1622711730000,23159,48947,72106
1622712030000,23336,49009,72345
1622712330000,23416,49158,72574
1622712630000,23490,49044,72534
1622712930000,23455,49282,72737
1622713230000,23575,49474,73049
1622713530000,23716,49725,73441
1622713830000,23726,50026,73752
1622714130000,23860,50167,74027
1622714430000,23907,50165,74072
1622714730000,24019,48814,72833
1622715030000,24272,48198,72470
1622715330000,24427,46721,71148
1622715630000,24624,45448,70072
1622715930000,24636,43093,67729
1622716230000,24357,21072,45429
1622716530000,24998,17438,42436
1622716830000,25175,23515,48690
1622717189000,25324,28052,53376
1622717430000,25502,31025,56527
1622717730000,25643,34837,60480
1622718030000,25786,37361,63147
1622718330000,26034,39222,65256
1622718630000,26062,41042,67104
1622718930000,26170,42720,68890
1622719230000,26345,44149,70494
1622719530000,26577,45184,71761
1622719830000,26716,45747,72463
1622720130000,26892,47130,74022
1622720430000,27091,48250,75341
1622720730000,27356,49372,76728
1622721030000,27566,50286,77852
1622721330000,27796,50889,78685
1622721630000,28024,51727,79751
1622721930000,28295,52609,80904
1622722230000,28567,52914,81481
1622722531000,28887,54423,83310
1622722830000,29102,55297,84399
1622723130000,29357,56172,85529
1622723430000,29648,56820,86468
1622723730000,29973,57487,87460
1622724030000,30464,58345,88809
1622724330000,30676,58788,89464
1622724629000,30931,59589,90520
1622724930000,31224,60074,91298
1622725233000,31434,60844,92278
1622725531000,31779,61552,93331
1622725830000,32126,62161,94287
1622726130000,32401,62734,95135
1622726430000,32596,63641,96237
1622726730000,32830,64557,97387
1622727085000,33138,65145,98283
1622727330000,31120,65680,96800
1622727630000,31333,66072,97405
1622727930000,31476,66651,98127
1622728230000,31664,67038,98702
1622728530000,31860,66639,98499
1622728830000,32115,66660,98775
1622729130000,32376,67378,99754
1622729433000,32622,68091,100713
1622729730000,32841,68465,101306
1622730030000,33072,69202,102274
1622730330000,33258,68783,102041
1622730630000,33482,70670,104152
1622730930000,33727,71290,105017
1622731230000,34083,72043,106126
1622731530000,34284,72646,106930
1622731830000,34662,73148,107810
1622732130000,34807,73437,108244
1622732430000,35053,74127,109180
1622732730000,35348,74338,109686
1622733030000,35478,74769,110247
1622733330000,35793,75329,111122
1622733630000,36054,75698,111752
1622733930000,36289,76087,112376
1622734230000,36459,76450,112909
1622734530000,36856,76990,113846
1622734830000,37114,77128,114242
1622735130000,37256,77375,114631
1622735430000,37491,77379,114870
1622735731000,37689,77455,115144
1622736030000,37697,77662,115359
1622736329000,37631,77839,115470
1622736630000,37829,77992,115821
1622736930000,38099,78384,116483
1622737230000,38183,78598,116781
1622737530000,38523,78734,117257
1622737830000,38692,78780,117472
1622738130000,38909,78935,117844
1622738430000,39127,79307,118434
1622738730000,39185,79271,118456
1622739030000,39434,79715,119149
1622739330000,39700,79929,119629
1622739630000,39970,80004,119974
1622739930000,40025,80174,120199
1622740230000,40352,80580,120932
1622740530000,40648,80853,121501
1622740830000,38312,81592,119904
1622741129000,38351,81892,120243
1622741430000,38571,82578,121149
1622741730000,38677,82654,121331
1622742031000,38875,83116,121991
1622742330000,38940,83271,122211
1622742630000,39011,83703,122714
1622742930000,39214,83811,123025
1622743230000,39290,82233,121523
1622743530000,39606,82553,122159
1622743830000,39891,83375,123266
1622744130000,40310,84775,125085
1622744429000,40456,85398,125854
1622744730000,40668,85768,126436
1622745030000,40813,86010,126823
1622745330000,41011,86255,127266
1622745630000,41310,86598,127908
1622745930000,41447,86891,128338
1622746230000,41691,87273,128964
1622746530000,40275,87485,127760
1622746829000,40218,87733,127951
1622747129000,40352,88049,128401
1622747430000,40359,88295,128654
1622747730000,40353,88430,128783
1622748030000,40536,88441,128977
1622748330000,40512,88601,129113
1622748690000,40691,88583,129274
1622748930000,40804,88615,129419
1622749229000,40898,88560,129458
1622749530000,40885,88823,129708
1622749830000,40935,89001,129936
1622750130000,40883,89006,129889
1622750430000,40907,88960,129867
1622750730000,40864,88849,129713
1622751029000,40731,88743,129474
1622751330000,40701,88935,129636
1622751630000,40612,89169,129781
1622751929000,40586,89143,129729
1622752229000,40534,88848,129382
1622752530000,40495,88626,129121
1622752830000,40469,88483,128952
1622753129000,40484,88504,128988
1622753430000,40354,88164,128518
1622753730000,40234,88049,128283
1622754030000,40032,87700,127732
1622754330000,39876,87216,127092
1622754630000,38439,87022,125461
1622754929000,38376,86542,124918
1622755230000,38976,85978,124954
1622755530000,38576,85779,124355
1622755830000,37816,85337,123153
1622756130000,37638,84879,122517
1622756430000,37466,84729,122195
1622756730000,37315,84091,121406
1622757030000,37198,83855,121053
1622757330000,36960,83810,120770
1622757630000,36994,83294,120288
1622757929000,36777,83082,119859
1622758230000,36687,82147,118834
1622758530000,36874,82067,118941
1622758830000,36800,82105,118905
1622759130000,36655,81990,118645
1622759430000,36150,81699,117849
1622759730000,37423,81211,118634
1622760030000,37298,81073,118371
1622760330000,37215,81199,118414
1622760630000,37449,81277,118726
1622760930000,37107,81101,118208
1622761230000,37035,80810,117845
1622761530000,36912,80724,117636
1622761830000,36952,80666,117618
1622762130000,36818,80413,117231
1622762430000,36711,80405,117116
1622762729000,36799,80327,117126
1622763030000,36797,80535,117332
1622763330000,36703,80532,117235
1622763630000,36570,80567,117137
1622763929000,36667,80431,117098
1622764230000,36628,80484,117112
1622764531000,36711,80528,117239
1622764830000,36882,80140,117022
1622765130000,37285,79871,117156
1622765430000,37321,79942,117263
1622765730000,37283,80145,117428
1622766030000,37355,80072,117427
1622766330000,37378,80295,117673
1622766630000,37302,80273,117575
1622766930000,37421,80467,117888
1622767230000,37433,80582,118015
1622767530000,37375,80832,118207
1622767830000,37316,81126,118442
1622768130000,37196,81211,118407
1622768430000,37179,81163,118342
1622768730000,37013,81114,118127
1622769029000,37046,81499,118545
1622769330000,36914,81663,118577
1622769630000,36867,82025,118892
1622769930000,36685,82173,118858
1622770230000,36606,82133,118739
1622770530000,36548,82133,118681
1622770830000,36474,82293,118767
1622771130000,36383,82152,118535
1622771430000,36274,82125,118399
1622771730000,36164,82088,118252
1622772030000,35999,81781,117780
1622772330000,35768,81490,117258
1622772630000,35613,81165,116778
1622772930000,35481,81245,116726
1622773231000,35248,81175,116423
1622773530000,35002,81002,116004
1622773830000,34826,80705,115531
1622774130000,34623,80485,115108
1622774430000,34421,80203,114624
1622774730000,34130,80048,114178
1622775030000,33998,79675,113673
1622775330000,33716,79202,112918
1622775630000,33435,78906,112341
1622775930000,33038,77206,110244
1622776229000,32795,76406,109201
1622776530000,32580,75926,108506
1622776830000,32322,75225,107547
1622777130000,32023,74691,106714
1622777430000,31830,74174,106004
1622777730000,31598,73488,105086
1622778030000,31382,73539,104921
1622778330000,31108,72909,104017
1622778629000,30930,72475,103405
1622778930000,30612,72045,102657
1622779230000,30487,71280,101767
1622779530000,30099,70610,100709
1622779830000,29761,70029,99790
1622780130000,29549,69429,98978
1622780430000,29354,69108,98462
1622780730000,29117,68566,97683
1622781030000,28942,67856,96798
1622781330000,28676,67373,96049
1622781630000,28346,66729,95075
1622781929000,28127,66102,94229
1622782230000,27886,65558,93444
1622782530000,27667,65055,92722
1622782829000,27403,64271,91674
1622783130000,27090,63571,90661
1622783430000,26858,62915,89773
1622783730000,26663,61904,88567
1622784030000,26342,61883,88225
1622784330000,26136,61214,87350
1622784630000,25859,60567,86426
1622784929000,25589,60053,85642
1622785230000,25494,59585,85079
1622785530000,25122,58987,84109
1622785830000,24837,58385,83222
1622786130000,24592,57758,82350
1622786430000,24471,56939,81410
1622786730000,22743,56055,78798
1622787030000,22490,55470,77960
1622787330000,22354,54866,77220
1622787629000,21704,54227,75931
1622787929000,21920,53310,75230
1622788230000,21840,52820,74660
1622788530000,21772,52273,74045
1622788830000,22611,52025,74636
1622789130000,22410,51814,74224
1622789430000,22299,51535,73834
1622789730000,23270,51155,74425
1622790029000,23153,50542,73695
1622790330000,23008,50297,73305
1622790630000,22844,50317,73161
1622790931000,22860,50926,73786
1622791230000,22805,50735,73540
1622791530000,22576,49058,71634
1622791830000,22600,48491,71091
1622792130000,22394,48213,70607
1622792430000,22559,48591,71150
1622792730000,22704,49577,72281
1622793030000,22884,49716,72600
1622793330000,22920,49516,72436
1622793630000,23250,47808,71058
1622793930000,23514,48985,72499
1622794230000,23759,48995,72754
1622794530000,23905,48846,72751
1622794830000,24009,48646,72655
1622795130000,24107,48496,72603
1622795430000,24152,48643,72795
1622795730000,24313,48410,72723
1622796030000,23254,48173,71427
1622796330000,23118,48289,71407
1622796629000,23109,48112,71221
1622796930000,23102,48071,71173
1622797230000,23145,47548,70693
1622797530000,23077,47569,70646
1622797830000,23190,47712,70902
1622798130000,23384,47634,71018
1622798430000,23498,47756,71254
1622798730000,23558,47834,71392
1622799031000,23627,47768,71395
1622799330000,23691,47694,71385
1622799630000,23752,47769,71521
1622799930000,24004,47960,71964
1622800230000,24163,48093,72256
1622800530000,24290,48120,72410
1622800830000,24418,48081,72499
1622801130000,24550,48002,72552
1622801430000,24719,47742,72461
1622801730000,24929,47946,72875
1622802030000,25086,48024,73110
1622802330000,25193,48141,73334
1622802629000,25322,48354,73676
1622802930000,25478,48674,74152
1622803231000,25660,48905,74565
1622803530000,25657,49160,74817
1622803830000,25924,49479,75403
1622804130000,26035,49348,75383
1622804430000,26055,49953,76008
1622804730000,26431,49833,76264
1622805030000,26618,50501,77119
1622805330000,26850,50966,77816
1622805631000,27074,51595,78669
1622805930000,27171,51897,79068
1622806230000,27386,52267,79653
1622806530000,27622,52705,80327
1622806830000,27837,53232,81069
1622807130000,27986,53375,81361
1622807430000,28304,53706,82010
1622807730000,28485,54102,82587
1622808030000,28776,54498,83274
1622808330000,28855,55144,83999
1622808630000,29152,55772,84924
1622808930000,29216,56274,85490
1622809230000,29550,56961,86511
1622809530000,29781,57574,87355
1622809830000,30011,57771,87782
1622810130000,30427,58190,88617
1622810430000,30715,58991,89706
1622810730000,30925,59597,90522
1622811030000,31248,60185,91433
1622811330000,31560,60697,92257
1622811630000,31825,61459,93284
1622811930000,32151,62285,94436
1622812230000,32453,62746,95199
1622812530000,32793,63315,96108
1622812830000,33107,63796,96903
1622813130000,33339,64340,97679
1622813430000,33651,64730,98381
1622813730000,33930,65418,99348
1622814030000,34234,65996,100230
1622814330000,34449,66496,100945
1622814630000,34711,67007,101718
1622814930000,35007,67475,102482
1622815230000,35248,68043,103291
1622815530000,35419,68536,103955
1622815830000,35666,69000,104666
1622816130000,35818,69171,104989
1622816430000,36125,69754,105879
1622816730000,36337,70269,106606
1622817030000,36610,70561,107171
1622817330000,36706,71117,107823
1622817630000,36816,71573,108389
1622817930000,34538,71620,106158
1622818230000,34598,72080,106678
1622818530000,34673,72373,107046
1622818830000,34747,72435,107182
1622819130000,34998,72587,107585
1622819430000,35216,72940,108156
1622819730000,35479,73551,109030
1622820030000,35644,73640,109284
1622820330000,35869,74170,110039
1622820630000,35983,74168,110151
1622820930000,36258,74514,110772
1622821230000,36436,74496,110932
1622821530000,36641,74814,111455
1622821830000,36877,74286,111163
1622822130000,37031,74217,111248
1622822430000,37174,74105,111279
1622822730000,37297,74127,111424
1622823030000,35953,73736,109689
1622823330000,36042,73741,109783
1622823630000,36139,73846,109985
1622823930000,36367,74255,110622
1622824230000,36561,74436,110997
1622824530000,36740,74599,111339
1622824831000,37026,74524,111550
1622825130000,37150,74664,111814
1622825430000,37452,74908,112360
1622825730000,37580,75327,112907
1622826030000,37834,75264,113098
1622826330000,38058,75145,113203
1622826630000,38260,75011,113271
1622826929000,38477,75294,113771
1622827230000,38458,75785,114243
1622827529000,38759,76391,115150
1622827830000,39113,76940,116053
1622828130000,39362,77031,116393
1622828430000,39543,77734,117277
1622828730000,39679,77825,117504
1622829030000,39915,77833,117748
1622829330000,40039,78207,118246
1622829630000,40270,76802,117072
1622829930000,40370,76859,117229
1622830230000,40499,77513,118012
1622830530000,40716,78944,119660
1622830830000,40845,79470,120315
1622831130000,38732,79686,118418
1622831430000,37739,80324,118063
1622831730000,38707,80536,119243
1622832030000,37691,80888,118579
1622832330000,37448,81031,118479
1622832629000,37626,81102,118728
1622832930000,38563,81971,120534
1622833230000,38554,81943,120497
1622833530000,38551,82131,120682
1622833830000,39739,82355,122094
1622834130000,39736,82981,122717
1622834430000,38384,83037,121421
1622834729000,38642,82974,121616
1622835030000,38831,83497,122328
1622835330000,40238,83455,123693
1622835630000,40343,84080,124423
1622835930000,40484,83988,124472
1622836230000,40713,84140,124853
1622836529000,40984,84462,125446
1622836829000,41020,84419,125439
1622837130000,41142,84498,125640
1622837430000,41229,84169,125398
1622837730000,41321,84786,126107
1622838030000,41419,84594,126013
1622838330000,41622,84584,126206
1622838630000,41717,84985,126702
1622838930000,41718,84672,126390
1622839230000,40174,84843,125017
1622839530000,40202,84683,124885
1622839830000,40252,84520,124772
1622840130000,40257,84771,125028
1622840430000,40262,84215,124477
1622840730000,40226,84156,124382
1622841030000,40241,83849,124090
1622841329000,39101,83848,122949
1622841630000,38758,83300,122058
1622841929000,38754,83080,121834
1622842230000,38694,82780,121474
1622842530000,38688,82512,121200
1622842830000,38710,82338,121048
1622843130000,38819,82286,121105
1622843429000,37344,81942,119286
1622843729000,37127,81894,119021
1622844030000,36971,81427,118398
1622844330000,36861,81059,117920
1622844630000,36637,80605,117242
1622844930000,36465,80660,117125
1622845230000,36290,80264,116554
1622845529000,36141,79745,115886
1622845830000,35879,79793,115672
1622846130000,35851,79512,115363
1622846430000,35686,79682,115368
1622846729000,35482,79256,114738
1622847030000,35553,78903,114456
1622847330000,35250,77440,112690
1622847630000,35087,77601,112688
1622847930000,35003,77468,112471
1622848230000,34888,77132,112020
1622848530000,34808,76846,111654
1622848830000,34858,76598,111456
1622849130000,34861,76547,111408
1622849430000,34820,76282,111102
1622849730000,34749,76648,111397
1622850030000,34675,76895,111570
1622850330000,34626,76627,111253
1622850630000,34569,76215,110784
1622850930000,34503,76545,111048
1622851230000,34662,76122,110784
1622851530000,34842,76085,110927
1622851830000,34915,75871,110786
1622852130000,34878,76222,111100
1622852430000,34810,75983,110793
1622852730000,34702,76124,110826
1622853030000,34692,76542,111234
1622853330000,34663,76328,110991
1622853630000,34658,76621,111279
1622853930000,34638,76689,111327
1622854230000,34513,76698,111211
1622854530000,34566,77080,111646
1622854830000,34549,76897,111446
1622855130000,34417,77075,111492
1622855430000,34275,77153,111428
1622855730000,34259,77540,111799
1622856030000,34322,77585,111907
1622856331000,34243,77455,111698
1622856630000,34174,77968,112142
1622856930000,34016,78007,112023
1622857230000,33972,78161,112133
1622857530000,34016,78218,112234
1622857829000,33953,78050,112003
1622858130000,34020,78217,112237
1622858430000,33952,78315,112267
1622858730000,33761,78561,112322
1622859030000,33659,78450,112109
1622859330000,33582,78672,112254
1622859630000,33404,78533,111937
1622859930000,33304,78411,111715
1622860230000,33158,78610,111768
1622860530000,33195,77948,111143
1622860829000,33237,78100,111337
1622861130000,32998,78173,111171
1622861430000,32915,77877,110792
1622861730000,32734,77688,110422
1622862030000,32581,77348,109929
1622862330000,32288,76955,109243
1622862630000,32123,76775,108898
1622862930000,32083,76472,108555
1622863230000,31845,76128,107973
1622863530000,31764,75628,107392
1622863832000,31231,75266,106497
1622864130000,31192,74812,106004
1622864429000,31014,74547,105561
1622864730000,30820,74170,104990
1622865030000,30538,73935,104473
1622865330000,30360,73219,103579
1622865629000,30100,72689,102789
1622865929000,29762,72313,102075
1622866230000,29605,72026,101631
1622866529000,29374,71439,100813
1622866830000,29231,70919,100150
1622867130000,29059,70265,99324
1622867430000,28867,69692,98559
1622867730000,28638,68992,97630
1622868030000,28490,68559,97049
1622868330000,28361,68110,96471
1622868630000,28272,67332,95604
1622868930000,27993,66834,94827
1622869230000,27691,66103,93794
1622869530000,27441,65578,93019
1622869830000,27212,65111,92323
1622870130000,26888,64541,91429
1622870430000,26571,63837,90408
1622870729000,26487,62958,89445
1622871029000,26256,62330,88586
1622871330000,26091,61857,87948
1622871629000,25952,61214,87166
1622871930000,25594,60517,86111
1622872230000,25385,59756,85141
1622872530000,25208,59088,84296
1622872830000,24499,58118,82617
1622873130000,24410,57206,81616
1622873429000,24108,56121,80229
1622873730000,24747,55668,80415
1622874030000,24668,55104,79772
1622874330000,25708,54509,80217
1622874630000,25547,54219,79766
1622874930000,25367,53805,79172
1622875230000,25265,53508,78773
1622875530000,24986,53010,77996
1622875830000,24881,52657,77538
1622876130000,24464,52307,76771
1622876430000,24326,52043,76369
1622876730000,24202,51663,75865
1622877030000,24240,51777,76017
1622877330000,22514,52409,74923
1622877630000,22189,52045,74234
1622877930000,22057,50812,72869
1622878230000,21944,50036,71980
1622878530000,22189,49611,71800
1622878832000,22447,50109,72556
1622879130000,22461,50782,73243
1622879430000,22292,50713,73005
1622879730000,22304,50372,72676
1622880030000,22278,50140,72418
1622880330000,22236,49726,71962
1622880630000,22157,49672,71829
1622880930000,21813,49489,71302
1622881230000,21875,49463,71338
1622881530000,21898,49262,71160
1622881830000,21973,49124,71097
1622882130000,21985,48747,70732
1622882430000,21920,48607,70527
1622882730000,22001,48480,70481
1622883032000,22042,48555,70597
1622883330000,22060,48578,70638
1622883630000,22041,48653,70694
1622883929000,22040,48581,70621
1622884230000,22160,48509,70669
1622884530000,22306,48597,70903
1622884830000,22417,48135,70552
1622885130000,22547,48859,71406
1622885430000,22670,48552,71222
1622885730000,22850,49029,71879
1622886030000,22939,49138,72077
1622886330000,22928,48961,71889
1622886630000,23039,48886,71925
1622886930000,23127,49100,72227
1622887230000,23274,48542,71816
1622887530000,23350,48687,72037
1622887830000,23415,48687,72102
1622888129000,23451,48855,72306
1622888430000,23532,49165,72697
1622888730000,23586,49190,72776
1622889030000,23794,49219,73013
1622889330000,23732,49003,72735
1622889630000,23877,49385,73262
1622889930000,23972,49423,73395
1622890232000,24050,49701,73751
1622890530000,24224,50174,74398
1622890830000,24268,50244,74512
1622891130000,24336,50505,74841
1622891430000,24506,50694,75200
1622891730000,24618,50925,75543
1622892030000,24954,51309,76263
1622892329000,25210,51590,76800
1622892630000,25471,51850,77321
1622892930000,25512,52289,77801
1622893230000,25752,52834,78586
1622893530000,25916,53238,79154
1622893830000,26186,53494,79680
1622894130000,26258,53727,79985
1622894430000,26349,54036,80385
1622894730000,26375,54495,80870
1622895030000,26525,54999,81524
1622895330000,26520,55568,82088
1622895630000,26709,55742,82451
1622895930000,27049,55855,82904
1622896230000,27259,56297,83556
1622896530000,27604,56799,84403
1622896830000,27857,57415,85272
1622897130000,28000,58086,86086
1622897430000,28192,58191,86383
1622897730000,28296,58768,87064
1622898030000,28429,58981,87410
1622898330000,28605,59695,88300
1622898630000,28964,60313,89277
1622898930000,29241,60722,89963
1622899230000,29347,61200,90547
1622899529000,29483,61727,91210
1622899830000,29219,62786,92005
1622900130000,29287,62703,91990
1622900430000,29704,63342,93046
1622900730000,29912,63648,93560
1622901030000,30106,63987,94093
1622901330000,30416,64765,95181
1622901630000,30751,65453,96204
1622901930000,30939,65775,96714
1622902230000,31162,66163,97325
1622902530000,31437,66914,98351
1622902829000,31746,66473,98219
1622903130000,31940,66791,98731
1622903431000,32167,67224,99391
1622903730000,32346,67667,100013
1622904029000,32591,67937,100528
1622904330000,32888,68526,101414
1622904630000,32984,69293,102277
1622904930000,33058,70133,103191
1622905230000,33225,70481,103706
1622905530000,33322,70861,104183
1622905830000,33468,71351,104819
1622906130000,33681,72094,105775
1622906430000,33711,71915,105626
1622906730000,33841,72109,105950
1622907030000,33954,72247,106201
1622907330000,33994,72535,106529
1622907630000,33984,72729,106713
1622907930000,34249,73064,107313
1622908230000,34364,73263,107627
1622908530000,34425,73170,107595
1622908830000,34504,73366,107870
1622909130000,34635,73504,108139
1622909430000,34652,73754,108406
1622909730000,34677,74052,108729
1622910030000,34745,73144,107889
1622910330000,34675,73401,108076
1622910630000,34666,73480,108146
1622910930000,34704,73762,108466
1622911230000,34839,74013,108852
1622911530000,35119,74420,109539
1622911830000,35290,74398,109688
1622912130000,35344,74437,109781
1622912430000,35452,74642,110094
1622912730000,35569,74685,110254
1622913030000,35658,74830,110488
1622913330000,35818,75093,110911
1622913630000,35993,75164,111157
1622913930000,36123,75657,111780
1622914230000,36218,76351,112569
1622914530000,36276,76629,112905
1622914830000,36537,77123,113660
1622915130000,36602,77031,113633
1622915429000,36640,77397,114037
1622915730000,36758,77640,114398
1622916030000,36903,77234,114137
1622916330000,37054,77516,114570
1622916630000,37168,78301,115469
1622916930000,37289,79069,116358
1622917230000,37486,79246,116732
1622917529000,37488,79491,116979
1622917830000,37622,79792,117414
1622918130000,37704,80202,117906
1622918430000,38014,80495,118509
1622918729000,37279,80631,117910
1622919030000,37463,80959,118422
1622919330000,37810,81417,119227
1622919630000,37707,81516,119223
1622919929000,38003,81639,119642
1622920230000,38703,81976,120679
1622920530000,38945,82129,121074
1622920830000,39054,82557,121611
1622921130000,39134,82720,121854
1622921430000,39186,82717,121903
1622921730000,39184,83056,122240
1622922030000,39220,83320,122540
1622922330000,39187,83132,122319
1622922630000,39224,83272,122496
1622922930000,39248,83246,122494
1622923229000,39293,83244,122537
1622923530000,39320,83145,122465
1622923830000,39259,83685,122944
1622924130000,39305,83659,122964
1622924430000,39327,83744,123071
1622924730000,39203,83769,122972
1622925030000,39219,84016,123235
1622925330000,39433,84003,123436
1622925630000,39410,84151,123561
1622925929000,39506,84280,123786
1622926229000,39477,84155,123632
1622926530000,39428,84112,123540
1622926830000,39350,84107,123457
1622927130000,39282,83656,122938
1622927431000,39180,83567,122747
1622927729000,38952,83359,122311
1622928030000,38891,83239,122130
1622928330000,38865,83033,121898
1622928629000,38741,83028,121769
1622928930000,38685,82783,121468
1622929230000,38524,82640,121164
1622929530000,38406,82403,120809
1622929830000,38221,82171,120392
1622930130000,38039,81950,119989
1622930430000,37887,81474,119361
1622930730000,37677,80814,118491
1622931030000,37569,80821,118390
1622931330000,37306,80471,117777
1622931630000,37181,80045,117226
1622931930000,37046,79899,116945
1622932230000,36928,79620,116548
1622932530000,36680,79369,116049
1622932830000,36434,77775,114209
1622933130000,36301,77900,114201
1622933430000,36142,78102,114244
1622933730000,36050,77816,113866
1622934030000,35962,77654,113616
1622934329000,35846,77535,113381
1622934630000,35685,77144,112829
1622934929000,35518,76836,112354
1622935230000,35451,76635,112086
1622935530000,35330,76424,111754
1622935831000,35170,76167,111337
1622936130000,35081,75876,110957
1622936430000,34982,75818,110800
1622936730000,34810,75735,110545
1622937030000,34780,75532,110312
1622937329000,34921,75673,110594
1622937630000,35012,75497,110509
1622937930000,35344,75514,110858
1622938230000,35207,75438,110645
1622938530000,35156,75568,110724
1622938830000,35132,75511,110643
1622939130000,35238,75524,110762
1622939431000,35150,75428,110578
1622939730000,35173,75421,110594
1622940030000,35093,75516,110609
1622940330000,35020,75640,110660
1622940630000,35005,75783,110788
1622940930000,35035,75866,110901
1622941230000,35094,75834,110928
1622941529000,35121,76172,111293
1622941830000,35045,76422,111467
1622942130000,34837,76450,111287
1622942430000,34762,76374,111136
1622942730000,34681,76375,111056
1622943030000,34663,76385,111048
1622943330000,34543,76548,111091
1622943630000,34535,76872,111407
1622943930000,34382,76806,111188
1622944230000,34302,77090,111392
1622944530000,34188,77075,111263
1622944830000,34164,77072,111236
1622945130000,34099,77356,111455
1622945429000,34096,77540,111636
1622945730000,34010,77497,111507
1622946030000,34061,77395,111456
1622946330000,34013,77355,111368
1622946630000,33954,77269,111223
1622946930000,33755,77274,111029
1622947229000,33625,77232,110857
1622947530000,33551,77236,110787
1622947829000,33331,77032,110363
1622948130000,33216,76971,110187
1622948430000,33076,76660,109736
1622948730000,32795,76474,109269
1622949029000,32707,75551,108258
1622949330000,32577,75735,108312
1622949630000,32380,75472,107852
1622949929000,32229,75154,107383
1622950230000,31886,74858,106744
1622950530000,31778,74199,105977
1622950830000,31722,74163,105885
1622951130000,31594,73724,105318
1622951430000,31462,73313,104775
1622951730000,31182,72846,104028
1622952030000,31012,72274,103286
1622952330000,30717,71677,102394
1622952630000,30427,71204,101631
1622952930000,30307,70713,101020
1622953229000,29981,70465,100446
1622953530000,29725,69827,99552
1622953829000,29455,69467,98922
1622954130000,29262,68803,98065
1622954430000,28962,68215,97177
1622954730000,28752,67825,96577
1622955030000,28584,67434,96018
1622955330000,28436,66711,95147
1622955630000,28306,66088,94394
1622955930000,28047,65590,93637
1622956230000,27785,64818,92603
1622956529000,27559,64495,92054
1622956830000,27273,63986,91259
1622957130000,27145,63380,90525
1622957430000,26952,62407,89359
1622957730000,26761,62128,88889
1622958030000,26527,61606,88133
1622958330000,26364,60942,87306
1622958630000,26055,60279,86334
1622958929000,26346,59467,85813
1622959230000,24695,58635,83330
1622959530000,24676,57961,82637
1622959830000,24273,57458,81731
1622960130000,24221,56653,80874
1622960429000,24136,56067,80203
1622960730000,23961,55715,79676
1622961030000,24664,55187,79851
1622961330000,24476,54805,79281
1622961630000,25502,54317,79819
1622961930000,25406,53912,79318
1622962230000,25285,53545,78830
1622962530000,25230,53145,78375
1622962830000,25059,52943,78002
1622963130000,24946,52669,77615
1622963430000,24860,53018,77878
1622963730000,24795,53520,78315
1622964030000,24496,53119,77615
1622964330000,24541,51840,76381
1622964629000,24599,50988,75587
1622964930000,24589,50736,75325
1622965230000,24609,51167,75776
1622965530000,24693,51799,76492
1622965830000,24479,51838,76317
1622966130000,24594,51597,76191
1622966430000,24594,51332,75926
1622966730000,24703,51035,75738
1622967030000,24628,50727,75355
1622967330000,24763,50666,75429
1622967630000,24779,50682,75461
1622967930000,24838,50502,75340
1622968230000,24704,50382,75086
1622968530000,24729,50246,74975
1622968830000,24891,50240,75131
1622969130000,24907,50302,75209
1622969430000,25112,50306,75418
1622969730000,25259,50404,75663
1622970030000,25420,50065,75485
1622970330000,25582,50035,75617
1622970630000,25693,50003,75696
1622970931000,25581,50119,75700
1622971230000,25669,50056,75725
1622971530000,25621,50149,75770
1622971830000,25759,50300,76059
1622972130000,25925,50463,76388
1622972430000,25943,50502,76445
1622972730000,25871,50433,76304
1622973030000,25952,50722,76674
1622973330000,26083,50745,76828
1622973630000,26124,50872,76996
1622973930000,26090,50983,77073
1622974230000,26065,50920,76985
1622974530000,26170,51056,77226
1622974830000,26153,50822,76975
1622975129000,26312,50975,77287
1622975430000,26359,51231,77590
1622975730000,26496,51284,77780
1622976030000,26575,51419,77994
1622976330000,26695,51744,78439
1622976630000,26790,51893,78683
1622976930000,26880,52160,79040
1622977230000,26980,52329,79309
1622977530000,27119,52599,79718
1622977830000,27277,52931,80208
1622978130000,27580,53417,80997
1622978430000,27727,53759,81486
1622978730000,27993,54189,82182
1622979030000,28172,54627,82799
1622979330000,28318,54844,83162
1622979630000,28464,55156,83620
1622979930000,28676,55464,84140
1622980230000,28852,55856,84708
1622980530000,29100,56203,85303
1622980830000,29303,56564,85867
1622981130000,29490,57055,86545
1622981430000,29589,57465,87054
1622981729000,29629,57979,87608
1622982030000,29829,58112,87941
1622982330000,29966,58771,88737
1622982629000,30155,59089,89244
1622982930000,30416,59494,89910
1622983230000,30649,59850,90499
1622983530000,30946,60575,91521
1622983830000,31208,60917,92125
1622984130000,31377,61604,92981
1622984429000,31428,61883,93311
1622984730000,31710,62567,94277
1622985030000,31808,63004,94812
1622985330000,32208,63698,95906
1622985629000,32454,64361,96815
1622985930000,32791,65183,97974
1622986230000,32999,65558,98557
1622986530000,32554,66073,98627
1622986831000,32704,66329,99033
1622987131000,32901,66935,99836
1622987430000,33210,67623,100833
1622987730000,33424,68337,101761
1622988032000,33605,68881,102486
1622988330000,33765,69454,103219
1622988630000,33975,70012,103987
1622988930000,34262,70509,104771
1622989230000,34481,70794,105275
1622989530000,34639,71285,105924
1622989830000,35066,71641,106707
1622990130000,35383,72294,107677
1622990430000,35702,72911,108613
1622990729000,35917,73268,109185
1622991030000,36100,73811,109911
1622991330000,36306,74413,110719
1622991630000,36602,74804,111406
1622991929000,36727,75042,111769
1622992230000,36841,75490,112331
1622992530000,37043,75821,112864
1622992829000,37163,76339,113502
1622993130000,37379,76915,114294
1622993430000,37548,75815,113363
1622993730000,37368,76439,113807
1622994030000,37578,76723,114301
1622994330000,37711,77140,114851
1622994630000,37862,77530,115392
1622994930000,37943,77921,115864
1622995231000,38142,78030,116172
1622995530000,38279,78145,116424
1622995830000,38366,78261,116627
1622996130000,38509,78735,117244
1622996430000,38650,78739,117389
1622996730000,38720,79065,117785
1622997030000,38832,79262,118094
1622997330000,38928,79434,118362
1622997630000,39047,79651,118698
1622997932000,39362,79754,119116
1622998229000,39572,80328,119900
1622998530000,39767,80610,120377
1622998830000,39910,80744,120654
1622999130000,39978,81126,121104
1622999430000,40071,81499,121570
1622999730000,40290,81416,121706
1623000030000,40480,81586,122066
1623000330000,40669,82001,122670
1623000629000,40813,82117,122930
1623000930000,40931,82443,123374
1623001230000,41082,82961,124043
1623001530000,41286,83267,124553
1623001830000,41337,83681,125018
1623002129000,41521,84191,125712
1623002430000,41744,84515,126259
1623002731000,40714,84878,125592
1623003030000,40511,85607,126118
1623003330000,40546,86100,126646
1623003630000,40172,86591,126763
1623003930000,40213,87094,127307
1623004230000,40389,87406,127795
1623004530000,40389,87985,128374
1623004830000,40665,88498,129163
1623005130000,40759,88974,129733
1623005430000,40828,89315,130143
1623005730000,41024,89540,130564
1623006030000,41141,89678,130819
1623006330000,41228,89891,131119
1623006630000,41229,90021,131250
1623006932000,41396,90361,131757
1623007230000,41775,90515,132290
1623007530000,41646,90711,132357
1623007829000,42180,91002,133182
1623008130000,42451,91019,133470
1623008430000,42467,91254,133721
1623008730000,43645,91170,134815
1623009030000,43603,91261,134864
1623009335000,43527,91475,135002
1623009395000,43572,91459,135031
1623009630000,43439,91379,134818
1623009930000,43382,91370,134752
1623010230000,43395,91607,135002
1623010530000,43374,91603,134977
1623010830000,43528,91505,135033
1623011130000,43467,91242,134709
1623011430000,43384,91069,134453
1623011729000,43250,90753,134003
1623012030000,43227,90712,133939
1623012330000,43106,90608,133714
1623012630000,42857,90460,133317
1623012930000,42715,90189,132904
1623013230000,42474,89753,132227
1623013530000,42340,89379,131719
1623013830000,42179,88777,130956
1623014130000,42021,88398,130419
1623014430000,41827,88034,129861
1623014730000,41716,88183,129899
1623015030000,41607,87792,129399
1623015330000,41418,87077,128495
1623015630000,41260,86515,127775
1623015929000,41085,86232,127317
1623016230000,40774,85810,126584
1623016530000,40572,85403,125975
1623016830000,40207,85086,125293
1623017130000,39993,84505,124498
1623017430000,39785,84031,123816
1623017730000,39509,84038,123547
1623018030000,39321,83633,122954
1623018330000,39186,83356,122542
1623018630000,38982,82956,121938
1623018930000,38923,82598,121521
1623019230000,38908,82497,121405
1623019530000,38636,82270,120906
1623019830000,38599,81899,120498
1623020130000,38384,81680,120064
1623020430000,38255,81427,119682
1623020730000,38119,81108,119227
1623021030000,37993,80602,118595
1623021330000,37961,80685,118646
1623021630000,37831,80455,118286
1623021930000,37767,80461,118228
1623022229000,37715,80393,118108
1623022530000,37620,80291,117911
1623022830000,37654,80093,117747
1623023129000,37696,80184,117880
1623023430000,37736,80069,117805
1623023729000,37720,79952,117672
1623024029000,37793,79942,117735
1623024330000,38114,80056,118170
1623024630000,38199,79938,118137
1623024929000,38170,79939,118109
1623025230000,38105,80081,118186
1623025530000,38083,80275,118358
1623025830000,37990,80440,118430
1623026130000,37996,80401,118397
1623026430000,37980,80573,118553
1623026730000,37894,80819,118713
1623027030000,37842,80907,118749
1623027330000,37696,81007,118703
1623027630000,37645,81140,118785
1623027930000,37503,81147,118650
1623028230000,37500,81373,118873
1623028530000,37524,81389,118913
1623028830000,37404,81633,119037
1623029130000,37370,81845,119215
1623029430000,37238,81705,118943
1623029730000,37180,81955,119135
1623030030000,37148,81836,118984
1623030330000,37016,81791,118807
1623030630000,36869,81900,118769
1623030930000,36804,81723,118527
1623031230000,36733,81572,118305
1623031530000,36552,81704,118256
1623031830000,36418,81576,117994
1623032130000,36226,81302,117528
1623032430000,36032,81275,117307
1623032730000,35830,81232,117062
1623033030000,35682,80820,116502
1623033330000,35473,80400,115873
1623033629000,35252,79889,115141
1623033930000,35008,79296,114304
1623034230000,34729,78590,113319
1623034530000,34462,78009,112471
1623034830000,34173,77319,111492
1623035130000,33741,76145,109886
1623035430000,33467,75625,109092
1623035730000,33124,75069,108193
1623036030000,32872,74206,107078
1623036329000,32504,73595,106099
1623036630000,32341,73018,105359
1623036930000,32073,72319,104392
1623037230000,31662,71903,103565
1623037530000,31418,71604,103022
1623037830000,31205,70959,102164
1623038130000,30847,70264,101111
1623038429000,30501,69588,100089
1623038730000,30128,68998,99126
1623039030000,29875,68373,98248
1623039330000,29722,67781,97503
1623039630000,29482,66903,96385
1623039929000,29275,66555,95830
1623040229000,28936,65819,94755
1623040530000,28550,65128,93678
1623040830000,28152,64466,92618
1623041129000,27862,63928,91790
1623041430000,27488,63252,90740
1623041730000,27172,62653,89825
1623042030000,26918,61958,88876
1623042330000,26603,61205,87808
1623042630000,26375,60508,86883
1623042930000,26244,60027,86271
1623043230000,25989,59343,85332
1623043530000,25648,58742,84390
1623043830000,25378,58044,83422
1623044130000,25215,57506,82721
1623044430000,24950,57005,81955
1623044730000,24766,56419,81185
1623045030000,24596,55659,80255
1623045330000,24344,54951,79295
1623045630000,24067,54472,78539
1623045930000,23694,53822,77516
1623046230000,23435,53337,76772
1623046530000,23367,52973,76340
1623046830000,23317,52508,75825
1623047130000,23088,52173,75261
1623047430000,22897,51733,74630
1623047730000,21590,51437,73027
1623048030000,22525,51020,73545
1623048330000,20580,50760,71340
1623048630000,20571,50632,71203
1623048930000,20379,50311,70690
1623049229000,20387,49976,70363
1623049530000,20373,49425,69798
1623049830000,20268,49668,69936
1623050130000,20182,50283,70465
1623050430000,20035,50145,70180
1623050730000,19996,49064,69060
1623051030000,19933,48292,68225
1623051330000,19960,48076,68036
1623051630000,20019,48612,68631
1623051930000,20168,49329,69497
1623052230000,20538,49296,69834
1623052530000,20853,49002,69855
1623052829000,20955,48728,69683
1623053130000,21083,48588,69671
1623053430000,21113,48213,69326
1623053730000,21177,47977,69154
1623054030000,21289,47916,69205
1623054330000,21363,47845,69208
1623054630000,21477,47603,69080
1623054930000,21530,47519,69049
1623055230000,21671,47496,69167
1623055530000,21717,47364,69081
1623055830000,21587,47379,68966
1623056130000,21687,47403,69090
1623056430000,21843,47337,69180
1623056730000,21931,46629,68560
1623057030000,21960,46610,68570
1623057330000,22024,46615,68639
1623057630000,22142,46716,68858
1623057930000,22147,46723,68870
1623058230000,22184,46568,68752
1623058530000,22143,46472,68615
1623058830000,22087,46855,68942
1623059130000,21889,46860,68749
1623059430000,21549,46906,68455
1623059730000,20391,46875,67266
1623060030000,18773,46812,65585
1623060330000,2,46875,46877
1623060630000,9092,46819,55911
1623060930000,11714,46749,58463
1623061230000,13470,46719,60189
1623061530000,14874,46707,61581
1623061830000,15881,46758,62639
1623062130000,16653,46901,63554
1623062430000,17359,47113,64472
1623062733000,17833,47431,65264
1623063030000,18435,47789,66224
1623063330000,18912,47923,66835
1623063630000,19301,48219,67520
1623063930000,19581,48412,67993
1623064230000,19996,48729,68725
1623064530000,20389,48964,69353
1623064830000,20794,49068,69862
1623065130000,21192,49313,70505
1623065430000,21599,49711,71310
1623065730000,22024,50179,72203
1623066030000,22483,50636,73119
1623066330000,22905,51110,74015
1623066630000,23243,51067,74310
1623066930000,23087,51343,74430
1623067229000,23321,51723,75044
1623067530000,23612,52261,75873
1623067830000,23871,52828,76699
1623068130000,23968,53321,77289
1623068430000,24201,53521,77722
1623068730000,24511,53909,78420
1623069029000,24849,54348,79197
1623069330000,25254,55035,80289
1623069630000,25696,55173,80869
1623069930000,25993,55955,81948
1623070230000,26246,56518,82764
1623070530000,26510,57200,83710
1623070830000,26813,57920,84733
1623071130000,27108,58517,85625
1623071430000,27457,59022,86479
1623071730000,27740,59467,87207
1623072030000,27981,60044,88025
1623072331000,28246,60672,88918
1623072630000,28431,61342,89773
1623072930000,28712,61958,90670
1623073229000,29038,62344,91382
1623073530000,29335,62913,92248
1623073830000,29528,63517,93045
1623074130000,29842,63611,93453
1623074430000,29999,63981,93980
1623074730000,30206,64433,94639
1623075030000,30399,65059,95458
1623075330000,30679,65435,96114
1623075630000,30947,66067,97014
1623075930000,31191,66661,97852
1623076230000,31395,66590,97985
1623076530000,31649,66485,98134
1623076830000,31908,67070,98978
1623077131000,32158,67456,99614
1623077430000,32330,67992,100322
1623077729000,32403,68474,100877
1623078030000,32486,68661,101147
1623078330000,32626,69381,102007
1623078630000,32832,70055,102887
1623078930000,32995,70505,103500
1623079230000,33172,71142,104314
1623079530000,33375,71601,104976
1623079830000,33531,71794,105325
1623080130000,33691,72193,105884
1623080430000,33897,72440,106337
1623080729000,34067,72451,106518
1623081030000,34122,72735,106857
1623081330000,34273,72755,107028
1623081630000,34456,72897,107353
1623081930000,34569,73086,107655
1623082230000,34653,72936,107589
1623082530000,34688,73275,107963
1623082830000,34753,73588,108341
1623083130000,34859,73795,108654
1623083430000,34888,74141,109029
1623083730000,35127,74306,109433
1623084030000,35324,74518,109842
1623084329000,35450,74707,110157
1623084630000,35584,75114,110698
1623084931000,35648,75170,110818
1623085230000,35834,75382,111216
1623085530000,36048,75677,111725
1623085845000,36190,76229,112419
1623086130000,36359,76193,112552
1623086430000,36543,76235,112778
1623086729000,36867,76457,113324
1623087030000,36953,76978,113931
1623087334000,37153,77502,114655
1623087400000,37201,77668,114869
1623087630000,37390,77866,115256
1623087930000,37692,78118,115810
1623088230000,37617,78685,116302
1623088530000,37947,78967,116914
1623088830000,37933,78622,116555
1623089130000,39005,79046,118051
1623089430000,39170,79854,119024
1623089730000,40469,80349,120818
1623090030000,40545,80718,121263
1623090330000,40548,81290,121838
1623090630000,40810,81587,122397
1623090930000,40887,81953,122840
1623091230000,41006,82280,123286
1623091530000,41125,82800,123925
1623091830000,41226,83255,124481
1623092130000,41272,83513,124785
1623092430000,41398,83471,124869
1623092730000,41543,83714,125257
1623093030000,41581,83976,125557
1623093330000,41684,84441,126125
1623093630000,41857,84788,126645
1623093930000,41830,84887,126717
1623094230000,41870,84567,126437
1623094530000,41800,84911,126711
1623094830000,41802,85181,126983
1623095130000,41758,85554,127312
1623095430000,41716,85537,127253
1623095730000,41757,85666,127423
1623096030000,41615,85682,127297
1623096330000,41548,85403,126951
1623096630000,41398,85465,126863
1623096930000,41345,85357,126702
1623097230000,41245,85371,126616
1623097530000,41213,85302,126515
1623097829000,41105,85073,126178
1623098130000,41059,85106,126165
1623098430000,41023,84987,126010
1623098730000,40890,84991,125881
1623099029000,40844,84822,125666
1623099330000,40652,84519,125171
1623099630000,40408,84188,124596
1623099930000,40189,83731,123920
1623100230000,40095,83252,123347
1623100530000,39938,83315,123253
1623100830000,39762,83143,122905
1623101130000,39619,82819,122438
1623101430000,39544,82571,122115
1623101730000,39383,82225,121608
1623102030000,39371,81811,121182
1623102330000,39151,81567,120718
1623102630000,38936,81368,120304
1623102930000,38803,81112,119915
1623103231000,38567,80692,119259
1623103530000,38403,80482,118885
1623103830000,38254,80154,118408
1623104130000,38202,79965,118167
1623104430000,38112,79916,118028
1623104730000,38078,79378,117456
1623105030000,37997,78955,116952
1623105330000,37875,77704,115579
1623105630000,37744,77730,115474
1623105930000,37606,77844,115450
1623106230000,37657,77858,115515
1623106530000,37657,77638,115295
1623106830000,37613,77541,115154
1623107130000,37559,77470,115029
1623107430000,37437,77594,115031
1623107730000,37444,77760,115204
1623108030000,37478,77461,114939
1623108330000,37336,77224,114560
1623108630000,37394,77320,114714
1623108930000,37293,77532,114825
1623109230000,37287,77473,114760
1623109530000,37198,77543,114741
1623109830000,37193,77817,115010
1623110130000,37149,77818,114967
1623110430000,37213,77641,114854
1623110730000,37742,77845,115587
1623111030000,37914,78183,116097
1623111330000,38032,78339,116371
1623111630000,38053,78525,116578
1623111930000,38122,78850,116972
1623112230000,38074,78906,116980
1623112530000,38086,78988,117074
1623112830000,38006,79243,117249
1623113130000,37897,79439,117336
1623113430000,38027,79809,117836
1623113730000,37963,79777,117740
1623114030000,37905,79970,117875
1623114330000,37857,80085,117942
1623114630000,37779,80105,117884
1623114930000,37640,80090,117730
1623115232000,37662,80337,117999
1623115530000,37619,80408,118027
1623115830000,37682,80378,118060
1623116130000,37548,80258,117806
1623116430000,37482,80202,117684
1623116730000,37318,80336,117654
1623117029000,37203,80443,117646
1623117330000,37033,80390,117423
1623117630000,36833,80198,117031
1623117930000,36562,79955,116517
1623118230000,36465,79590,116055
1623118530000,36214,79353,115567
1623118830000,36129,79227,115356
1623119130000,36012,78996,115008
1623119430000,35815,78797,114612
1623119730000,35607,78184,113791
1623120030000,35392,77841,113233
1623120330000,35092,77443,112535
1623120630000,34802,77091,111893
1623120930000,34468,76613,111081
1623121230000,34273,75956,110229
1623121530000,33989,75217,109206
1623121830000,33693,74705,108398
1623122131000,33435,74131,107566
1623122430000,33157,73746,106903
1623122730000,32864,73051,105915
1623123030000,32500,72229,104729
1623123330000,32223,71677,103900
1623123630000,32038,71079,103117
1623123930000,31765,70540,102305
1623124230000,31435,70140,101575
1623124530000,31230,69076,100306
1623124830000,30839,68310,99149
1623125130000,30493,67733,98226
1623125430000,30195,66946,97141
1623125730000,29823,66385,96208
1623126030000,29579,65495,95074
1623126330000,29255,65072,94327
1623126630000,28878,64328,93206
1623126930000,28657,63674,92331
1623127230000,28313,63263,91576
1623127530000,28057,62595,90652
1623127830000,27809,61827,89636
1623128130000,27564,61225,88789
1623128430000,27279,60632,87911
1623128730000,26901,59882,86783
1623129030000,26681,59030,85711
1623129330000,26385,58348,84733
1623129630000,26118,57722,83840
1623129930000,25689,57074,82763
1623130230000,25410,56446,81856
1623130530000,25189,55931,81120
1623130830000,25102,55468,80570
1623131130000,24827,54786,79613
1623131430000,24639,54037,78676
1623131730000,24420,53692,78112
1623132030000,24343,52951,77294
1623132330000,22749,52401,75150
1623132630000,23353,51856,75209
1623132930000,21969,51570,73539
1623133230000,21781,51229,73010
1623133530000,21788,50744,72532
1623133830000,21710,50301,72011
1623134130000,22347,49844,72191
1623134430000,22006,49628,71634
1623134730000,22469,49296,71765
1623135030000,23227,49028,72255
1623135330000,23112,48876,71988
1623135630000,22938,48552,71490
1623135930000,22999,48138,71137
1623136230000,22914,48399,71313
1623136530000,22951,48817,71768
1623136830000,22887,48529,71416
1623137130000,22788,46889,69677
1623137430000,22697,46203,68900
1623137730000,22658,45799,68457
1623138030000,22615,46280,68895
1623138330000,22496,47239,69735
1623138630000,22474,47461,69935
1623138930000,22193,47278,69471
1623139230000,22250,46877,69127
1623139530000,22646,47071,69717
1623139830000,22928,46703,69631
1623140130000,22935,46577,69512
1623140430000,22879,46430,69309
1623140730000,22897,46325,69222
1623141030000,22936,46171,69107
1623141330000,23018,46277,69295
1623141630000,23059,46235,69294
1623141930000,22985,46269,69254
1623142230000,23022,46377,69399
1623142530000,23090,46012,69102
1623142830000,23058,45821,68879
1623143130000,23165,45578,68743
1623143430000,23217,45481,68698
1623143731000,23343,45617,68960
1623144030000,23338,45258,68596
1623144330000,23381,45486,68867
1623144630000,23508,45362,68870
1623144930000,23573,45941,69514
1623145230000,23425,45683,69108
1623145530000,23022,45492,68514
1623145830000,23010,45647,68657
1623146130000,23023,45623,68646
1623146430000,23005,45552,68557
1623146730000,23089,45550,68639
1623147030000,23078,45566,68644
1623147330000,23183,45642,68825
1623147629000,23366,45638,69004
1623147930000,23452,45929,69381
1623148230000,23530,45947,69477
1623148530000,23568,46148,69716
1623148830000,23730,46328,70058
1623149130000,23740,46617,70357
1623149430000,23962,46878,70840
1623149730000,24049,46933,70982
1623150030000,24102,46752,70854
1623150330000,24182,47174,71356
1623150630000,24374,47359,71733
1623150930000,24577,47691,72268
1623151231000,24751,47999,72750
1623151530000,24981,48442,73423
1623151830000,25152,48877,74029
1623152130000,25379,49140,74519
1623152430000,25606,49617,75223
1623152730000,25655,49382,75037
1623153030000,25829,49932,75761
1623153330000,26003,50452,76455
1623153630000,26058,49942,76000
1623153930000,26242,50489,76731
1623154230000,26427,51010,77437
1623154530000,26478,51119,77597
1623154830000,26801,51097,77898
1623155130000,27039,51671,78710
1623155430000,27166,51729,78895
1623155730000,27491,52401,79892
1623156030000,27794,53172,80966
1623156330000,28014,53626,81640
1623156630000,28243,53302,81545
1623156930000,28515,54177,82692
1623157230000,28566,54820,83386
1623157530000,28902,55209,84111
1623157830000,29215,55845,85060
1623158130000,29519,55769,85288
1623158430000,29781,56272,86053
1623158730000,30003,56703,86706
1623159030000,30293,57500,87793
1623159330000,30655,58541,89196
1623159630000,31042,59131,90173
1623159930000,31345,59899,91244
1623160230000,31704,60559,92263
1623160530000,31837,59625,91462
1623160830000,32127,60000,92127
1623161131000,31462,60421,91883
1623161431000,31744,60461,92205
1623161731000,32019,61252,93271
1623162030000,32251,61393,93644
1623162330000,32538,61893,94431
1623162630000,32815,62720,95535
1623162930000,32985,64060,97045
1623163230000,33240,65078,98318
1623163530000,33522,65291,98813
1623163830000,33895,66404,100299
1623164130000,34188,67194,101382
1623164430000,34373,67741,102114
1623164730000,34659,68316,102975
1623165030000,34895,69009,103904
1623165329000,35045,69607,104652
1623165630000,35293,70251,105544
1623165930000,35541,70538,106079
1623166230000,35782,70996,106778
1623166530000,35948,71499,107447
1623166830000,36178,72063,108241
1623167130000,36297,72407,108704
1623167430000,36327,73075,109402
1623167730000,36589,73188,109777
1623168030000,35233,73134,108367
1623168330000,35173,73317,108490
1623168630000,35355,73460,108815
1623168930000,35561,73738,109299
1623169230000,35667,73730,109397
1623169529000,35929,74024,109953
1623169830000,36029,74197,110226
1623170130000,36096,74086,110182
1623170430000,36200,74284,110484
1623170730000,36364,74745,111109
1623171030000,36733,75062,111795
1623171330000,37001,75273,112274
1623171630000,37187,75460,112647
1623171930000,37430,75615,113045
1623172229000,37766,76139,113905
1623172530000,38107,76416,114523
1623172830000,38387,76552,114939
1623173131000,38657,76902,115559
1623173430000,38897,77249,116146
1623173730000,39156,77579,116735
1623174030000,39456,77965,117421
1623174330000,39584,78453,118037
1623174630000,39865,78872,118737
1623174933000,40035,79291,119326
1623175230000,40128,77768,117896
1623175530000,40178,76503,116681
1623175830000,40435,78228,118663
1623176130000,38796,79909,118705
1623176430000,38890,80667,119557
1623176730000,39129,81240,120369
1623177030000,39439,81441,120880
1623177330000,39372,81760,121132
1623177630000,40020,82152,122172
1623177930000,39909,82519,122428
1623178230000,38695,82884,121579
1623178530000,39076,83107,122183
1623178830000,38613,83298,121911
1623179130000,38381,83649,122030
1623179430000,38644,83744,122388
1623179730000,38648,83885,122533
1623180030000,39546,84126,123672
1623180331000,39301,84632,123933
1623180630000,40367,84759,125126
1623180930000,40701,84976,125677
1623181230000,40766,85137,125903
1623181530000,40812,85397,126209
1623181830000,40802,85330,126132
1623182130000,40839,85318,126157
1623182429000,40743,85380,126123
1623182730000,40707,85235,125942
1623183030000,40677,85183,125860
1623183330000,40539,85359,125898
1623183630000,40659,85569,126228
1623183929000,40634,85386,126020
1623184230000,40579,85299,125878
1623184530000,40481,85311,125792
1623184830000,40359,85191,125550
1623185130000,40190,85044,125234
1623185430000,40010,84935,124945
1623185730000,39974,84634,124608
1623186030000,39720,84184,123904
1623186330000,39523,83616,123139
1623186630000,39440,83355,122795
1623186930000,39243,82922,122165
1623187230000,39051,82615,121666
1623187530000,39105,82491,121596
1623187829000,38848,82213,121061
1623188130000,38642,81881,120523
1623188430000,38579,82052,120631
1623188731000,38441,81643,120084
1623189030000,38255,81246,119501
1623189330000,38095,81020,119115
1623189630000,37956,80640,118596
1623189930000,37793,79901,117694
1623190230000,37563,79405,116968
1623190530000,37464,79275,116739
1623190831000,37468,79090,116558
1623191130000,37397,79166,116563
1623191430000,37186,78891,116077
1623191730000,37147,78605,115752
1623192030000,37027,78343,115370
1623192330000,37026,78214,115240
1623192630000,36955,78008,114963
1623192930000,36884,77774,114658
1623193230000,36739,77548,114287
1623193530000,36614,77330,113944
1623193830000,36411,77226,113637
1623194130000,36372,77188,113560
1623194430000,36297,77194,113491
1623194730000,36244,77244,113488
1623195030000,36238,77083,113321
1623195330000,36313,76983,113296
1623195629000,36393,77096,113489
1623195930000,36372,77091,113463
1623196232000,36274,77150,113424
1623196530000,36468,77257,113725
1623196830000,36656,77335,113991
1623197130000,37110,77397,114507
1623197430000,37360,77351,114711
1623197730000,37339,77679,115018
1623198030000,37287,77903,115190
1623198331000,37285,78214,115499
1623198630000,37309,78313,115622
1623198930000,37255,78593,115848
1623199230000,37297,78706,116003
1623199530000,37103,78963,116066
1623199830000,37203,79091,116294
1623200129000,37168,79446,116614
1623200430000,37082,79231,116313
1623200730000,36971,79219,116190
1623201030000,36862,79279,116141
1623201330000,36817,79409,116226
1623201630000,36806,79717,116523
1623201930000,36832,79781,116613
1623202230000,36704,79812,116516
1623202530000,36651,79961,116612
1623202830000,36493,80135,116628
1623203130000,36369,80240,116609
1623203430000,36280,80250,116530
1623203730000,36152,79924,116076
1623204033000,35983,79977,115960
1623204330000,35665,79655,115320
1623204630000,35517,79384,114901
1623204930000,35326,79236,114562
1623205230000,35330,79034,114364
1623205530000,35123,78852,113975
1623205830000,34900,78474,113374
1623206130000,34715,78049,112764
1623206430000,34591,77716,112307
1623206730000,34373,77282,111655
1623207030000,34157,76911,111068
1623207329000,33979,76356,110335
1623207630000,33646,75607,109253
1623207930000,33384,75066,108450
1623208230000,33053,74463,107516
1623208530000,32699,73912,106611
1623208830000,32306,73463,105769
1623209130000,32158,72968,105126
1623209430000,31809,72223,104032
1623209730000,31537,71847,103384
1623210030000,31334,71463,102797
1623210330000,31043,70846,101889
1623210629000,30953,70230,101183
1623210933000,30578,69494,100072
1623211230000,30239,68681,98920
1623211530000,29944,67898,97842
1623211830000,29592,66987,96579
1623212130000,29290,66370,95660
1623212430000,28969,65689,94658
1623212730000,28661,64985,93646
1623213030000,28288,64227,92515
1623213330000,27914,63681,91595
1623213631000,27604,63103,90707
1623213930000,27399,62384,89783
1623214230000,27083,61611,88694
1623214529000,26689,60949,87638
1623214830000,26315,60323,86638
1623215130000,25994,59690,85684
1623215430000,25746,59054,84800
1623215729000,25143,58404,83547
1623216031000,24923,57729,82652
1623216330000,24680,57345,82025
1623216629000,24480,56863,81343
1623216929000,24303,56066,80369
1623217230000,23992,55435,79427
1623217530000,22599,54848,77447
1623217830000,22133,53800,75933
1623218130000,23096,52701,75797
1623218430000,21386,51295,72681
1623218730000,20505,50004,70509
1623219030000,20039,48773,68812
1623219330000,19814,47695,67509
1623219630000,19552,46374,65926
1623219930000,19210,45341,64551
1623220229000,18444,44012,62456
1623220530000,18038,42708,60746
1623220829000,17710,41290,59000
1623221130000,17174,39262,56436
1623221430000,16305,36438,52743
1623221730000,15020,24844,39864
1623222030000,11295,0,11295
1623222330000,0,0,0
1623222630000,0,0,0
1623222929000,0,0,0
1623223229000,0,0,0
1623223530000,0,0,0
1623223830000,0,0,0
1623224129000,0,0,0
1623224430000,0,0,0
1623224729000,0,0,0
1623225030000,0,0,0
1623225329000,0,0,0
1623225629000,0,0,0
1623225929000,0,0,0
1623226229000,0,0,0
1623226529000,0,0,0
1623226829000,0,0,0
1623227130000,0,0,0
1623227430000,0,0,0
1623227729000,0,0,0
1623228030000,0,0,0
1623228329000,0,0,0
1623228630000,0,0,0
1623228930000,0,0,0
1623229230000,0,0,0
1623229530000,0,0,0
1623229830000,0,0,0
1623230130000,0,0,0
1623230430000,0,0,0
1623230729000,0,0,0
1623231030000,0,0,0
1623231329000,0,0,0
1623231630000,0,0,0
1623231930000,0,0,0
1623232229000,0,0,0
1623232530000,0,0,0
1623232829000,0,0,0
1623233130000,0,0,0
1623233430000,0,0,0
1623233730000,0,0,0
1623234029000,0,0,0
1623234329000,0,0,0
1623234630000,0,0,0
1623234930000,0,0,0
1623235229000,0,0,0
1623235529000,0,0,0
1623235830000,0,0,0
1623236129000,0,0,0
1623236429000,0,0,0
1623236730000,0,0,0
1623237030000,0,0,0
1623237330000,0,0,0
1623237629000,0,0,0
1623237930000,0,0,0
1623238230000,0,0,0
1623238530000,0,0,0
1623238830000,0,0,0
1623239129000,0,0,0
1623239430000,0,0,0
1623239729000,0,0,0
1623240029000,0,0,0
1623240329000,0,0,0
1623240630000,0,0,0
1623240930000,0,0,0
1623241230000,0,0,0
1623241529000,0,0,0
1623241830000,0,0,0
1623242129000,0,0,0
1623242430000,0,0,0
1623242729000,0,0,0
1623243030000,0,0,0
1623243329000,0,0,0
1623243629000,0,0,0
1623243930000,3,0,3
1623244229000,11,0,11
1623244530000,9,0,9
1623244830000,12,0,12
1623245130000,69,0,69
1623245430000,41,0,41
1623245730000,51,0,51
1623246030000,763,0,763
1623246330000,11318,0,11318
1623246631000,10660,16323,26983
1623246930000,14064,24759,38823
1623247230000,16293,31459,47752
1623247530000,18405,37012,55417
1623247830000,19913,41504,61417
1623248130000,21275,44904,66179
1623248430000,22517,47563,70080
1623248730000,23693,50179,73872
1623249030000,24912,52336,77248
1623249330000,26130,54149,80279
1623249630000,27007,56007,83014
1623249929000,27765,57586,85351
1623250230000,28358,58833,87191
1623250530000,28958,59904,88862
1623250830000,29422,60782,90204
1623251130000,29796,61692,91488
1623251430000,30260,62833,93093
1623251730000,30548,63753,94301
1623252029000,30870,64576,95446
1623252330000,31317,65530,96847
1623252630000,31605,65862,97467
1623252930000,31905,66702,98607
1623253230000,32000,67371,99371
1623253530000,32054,67369,99423
1623253830000,32497,67732,100229
1623254130000,32831,67858,100689
1623254430000,33012,68115,101127
1623254730000,33278,68244,101522
1623255030000,33553,67969,101522
1623255330000,33912,68411,102323
1623255630000,33948,68778,102726
1623255930000,34291,68991,103282
1623256231000,34540,69427,103967
1623256530000,33265,69309,102574
1623256829000,33503,69644,103147
1623257130000,33648,70271,103919
1623257430000,33890,70665,104555
1623257730000,34009,70909,104918
1623258030000,34140,71140,105280
1623258330000,34425,71193,105618
1623258630000,34694,71236,105930
1623258930000,34943,71901,106844
1623259230000,35168,72519,107687
1623259530000,35392,72747,108139
1623259830000,35657,73074,108731
1623260130000,35843,73328,109171
1623260430000,36060,73472,109532
1623260732000,36358,73885,110243
1623261031000,36573,74315,110888
1623261330000,36871,74751,111622
1623261630000,37031,75174,112205
1623261930000,37220,75593,112813
1623262230000,37430,76436,113866
1623262530000,38198,77814,116012
1623262830000,37984,78067,116051
1623263130000,36270,78191,114461
1623263430000,36671,78306,114977
1623263730000,36985,78474,115459
1623264030000,36751,78995,115746
1623264330000,36903,79170,116073
1623264630000,37079,79552,116631
1623264930000,38412,79926,118338
1623265230000,38405,79964,118369
1623265530000,38546,80352,118898
1623265830000,38726,80695,119421
1623266129000,38274,80617,118891
1623266430000,38431,81052,119483
1623266730000,38668,81389,120057
1623267031000,38793,81398,120191
1623267330000,38752,81827,120579
1623267630000,38904,81653,120557
1623267930000,39078,81916,120994
1623268230000,39211,82111,121322
1623268530000,39199,82078,121277
1623268830000,39206,82092,121298
1623269130000,39102,82064,121166
1623269430000,39132,81914,121046
1623269730000,39118,81932,121050
1623270030000,38948,82076,121024
1623270330000,38864,82126,120990
1623270630000,38859,82177,121036
1623270930000,38651,82028,120679
1623271230000,38631,82528,121159
1623271530000,38612,82117,120729
1623271830000,38434,81977,120411
1623272130000,38251,81722,119973
1623272430000,38157,81292,119449
1623272729000,37907,80969,118876
1623273030000,37708,80612,118320
1623273330000,37581,80211,117792
1623273630000,37414,79852,117266
1623273930000,37359,79433,116792
1623274233000,37213,79046,116259
1623274530000,36992,78907,115899
1623274830000,36839,78429,115268
1623275130000,36794,78257,115051
1623275430000,36652,78127,114779
1623275730000,36455,77683,114138
1623276029000,36136,77238,113374
1623276330000,36057,76664,112721
1623276630000,35940,76458,112398
1623276930000,35705,76276,111981
1623277230000,35639,75944,111583
1623277530000,35534,75740,111274
1623277829000,35548,75693,111241
1623278130000,35433,75464,110897
1623278430000,35319,75360,110679
1623278730000,35248,75242,110490
1623279030000,35201,74982,110183
1623279330000,35035,74801,109836
1623279630000,34984,74701,109685
1623279929000,34821,74440,109261
1623280230000,34760,74159,108919
1623280530000,34755,74344,109099
1623280830000,34657,74300,108957
1623281130000,34711,74246,108957
1623281430000,34642,74080,108722
1623281730000,34697,74122,108819
1623282030000,34712,74403,109115
1623282330000,34854,74430,109284
1623282630000,34758,74314,109072
1623282930000,34848,74407,109255
1623283230000,34973,74448,109421
1623283530000,35403,74305,109708
1623283830000,35590,74430,110020
1623284130000,35622,74790,110412
1623284430000,35677,74856,110533
1623284730000,35821,75103,110924
1623285031000,35743,75328,111071
1623285330000,35740,75305,111045
1623285632000,35639,75723,111362
1623285930000,35518,75972,111490
1623286230000,35546,76340,111886
1623286530000,35563,76399,111962
1623286830000,35501,76437,111938
1623287130000,35541,76448,111989
1623287430000,35435,76910,112345
1623287731000,35406,77052,112458
1623288030000,35419,77477,112896
1623288331000,35263,77496,112759
1623288630000,35200,77582,112782
1623288930000,35176,77647,112823
1623289229000,34991,77766,112757
1623289530000,34876,77806,112682
1623289830000,34644,77757,112401
1623290130000,34675,77455,112130
1623290430000,34487,77320,111807
1623290729000,34287,76967,111254
1623291030000,34165,76787,110952
1623291330000,33999,76668,110667
1623291630000,33838,76309,110147
1623291929000,33817,76306,110123
1623292230000,33615,76064,109679
1623292530000,33322,75752,109074
1623292830000,33212,75521,108733
1623293130000,33002,75381,108383
1623293430000,32813,74876,107689
1623293730000,32609,74338,106947
1623294030000,32304,73968,106272
1623294330000,32071,73275,105346
1623294630000,31731,72832,104563
1623294929000,31545,72469,104014
1623295230000,31234,71792,103026
1623295530000,30788,71416,102204
1623295829000,30565,70780,101345
1623296130000,30299,70207,100506
1623296430000,30126,69666,99792
1623296730000,29836,69294,99130
1623297030000,29501,68665,98166
1623297330000,29164,68404,97568
1623297630000,28817,67711,96528
1623297930000,28509,65961,94470
1623298230000,28254,65658,93912
1623298530000,27745,64793,92538
1623298830000,27665,64594,92259
1623299130000,27393,63825,91218
1623299430000,27159,63250,90409
1623299729000,26984,62754,89738
1623300031000,26907,62658,89565
1623300330000,26681,62031,88712
1623300630000,26389,61329,87718
1623300930000,26162,60594,86756
1623301229000,25919,60050,85969
1623301530000,25369,58908,84277
1623301830000,25384,58807,84191
1623302132000,25247,58371,83618
1623302430000,25028,57511,82539
1623302730000,24800,57121,81921
1623303030000,24580,56245,80825
1623303330000,24298,55281,79579
1623303630000,24113,54666,78779
1623303930000,23796,54279,78075
1623304230000,23609,53595,77204
1623304529000,23349,53101,76450
1623304830000,23202,52541,75743
1623305130000,21685,52077,73762
1623305430000,22329,51466,73795
1623305730000,21451,51125,72576
1623306030000,21412,50339,71751
1623306330000,21263,49960,71223
1623306630000,21804,49683,71487
1623306930000,21692,49359,71051
1623307229000,21602,49091,70693
1623307530000,22535,48791,71326
1623307831000,22471,48644,71115
1623308130000,22509,48274,70783
1623308430000,22141,48042,70183
1623308730000,22199,47891,70090
1623309030000,22341,48143,70484
1623309330000,22320,48860,71180
1623309630000,22406,48769,71175
1623309930000,22434,46907,69341
1623310230000,22499,46033,68532
1623310530000,22671,46100,68771
1623310830000,22645,46507,69152
1623311130000,22555,47433,69988
1623311430000,22578,47300,69878
1623311731000,22614,47191,69805
1623312030000,22608,46931,69539
1623312330000,22765,46720,69485
1623312630000,23092,47018,70110
1623312930000,23239,46830,70069
1623313230000,23071,46761,69832
1623313530000,23053,46947,70000
1623313830000,23224,46410,69634
1623314130000,23232,46153,69385
1623314430000,23406,46198,69604
1623314730000,23440,46129,69569
1623315030000,23502,46133,69635
1623315330000,22434,46151,68585
1623315630000,22441,45074,67515
1623315930000,22519,44870,67389
1623316230000,22739,44964,67703
1623316530000,22969,45079,68048
1623316830000,23076,45190,68266
1623317130000,23179,45408,68587
1623317430000,23325,45398,68723
1623317730000,23405,45447,68852
1623318030000,23470,45265,68735
1623318330000,23621,45191,68812
1623318630000,23781,45415,69196
1623318930000,23840,45658,69498
1623319230000,23905,45523,69428
1623319530000,23965,45107,69072
1623319830000,24128,45176,69304
1623320130000,24286,45069,69355
1623320430000,24389,44987,69376
1623320730000,24524,45107,69631
1623321030000,24731,44969,69700
1623321330000,24906,45485,70391
1623321630000,25039,45736,70775
1623321930000,24016,46132,70148
1623322230000,24071,46356,70427
1623322530000,24202,46567,70769
1623322830000,24250,46580,70830
1623323130000,24371,46788,71159
1623323430000,24530,47051,71581
1623323730000,24677,47384,72061
1623324030000,24877,47724,72601
1623324330000,24992,48059,73051
1623324630000,25203,48211,73414
1623324930000,25205,48685,73890
1623325230000,25403,49191,74594
1623325534000,25631,49686,75317
1623325830000,25821,50212,76033
1623326130000,25964,50617,76581
1623326430000,26111,50933,77044
1623326730000,26407,51219,77626
1623327030000,26636,51791,78427
1623327330000,26698,52251,78949
1623327630000,26895,52594,79489
1623327930000,27198,53288,80486
1623328231000,27376,53587,80963
1623328530000,27591,54125,81716
1623328830000,27770,54721,82491
1623329130000,27991,55381,83372
1623329431000,28061,56230,84291
1623329730000,27977,56287,84264
1623330031000,28123,56520,84643
1623330330000,28327,56967,85294
1623330631000,28588,57683,86271
1623330930000,28889,58321,87210
1623331231000,29113,58872,87985
1623331530000,29264,59233,88497
1623331831000,29552,59661,89213
1623332130000,29868,59596,89464
1623332431000,30056,60144,90200
1623332730000,30317,60891,91208
1623333031000,30559,61417,91976
1623333330000,30915,61884,92799
1623333631000,31196,62266,93462
1623333930000,31437,62669,94106
1623334231000,31803,63138,94941
1623334530000,32058,63864,95922
1623334831000,32345,64524,96869
1623335129000,32714,64681,97395
1623335431000,32870,65002,97872
1623335729000,33220,65508,98728
1623336031000,33540,65668,99208
1623336330000,33664,66219,99883
1623336631000,34001,66639,100640
1623336930000,34091,66978,101069
1623337231000,34216,67201,101417
1623337530000,34390,67415,101805
1623337831000,34587,68000,102587
1623338130000,34792,68490,103282
1623338431000,35006,68927,103933
1623338730000,35268,69401,104669
1623339031000,33896,69834,103730
1623339330000,34039,69944,103983
1623339631000,34220,70301,104521
1623339930000,34319,70879,105198
1623340231000,34487,71012,105499
1623340530000,34551,70955,105506
1623340831000,34544,70855,105399
1623341130000,34565,70827,105392
1623341431000,34688,70641,105329
1623341730000,34736,70795,105531
1623342031000,34898,71107,106005
1623342331000,34912,71281,106193
1623342631000,35011,71289,106300
1623342930000,35024,71268,106292
1623343231000,35155,71569,106724
1623343530000,35281,71503,106784
1623343831000,35351,71785,107136
1623344130000,35428,72076,107504
1623344432000,35626,72081,107707
1623344730000,35673,72497,108170
1623345032000,35692,72628,108320
1623345330000,35899,72698,108597
1623345631000,36019,73036,109055
1623345930000,36170,73455,109625
1623346232000,36197,73686,109883
1623346530000,36505,74007,110512
1623346832000,36608,74480,111088
1623347130000,36781,74711,111492
1623347432000,36888,75075,111963
1623347730000,37115,75375,112490
1623348032000,37160,74671,111831
1623348330000,36114,74827,110941
1623348632000,35682,75639,111321
1623348930000,35801,76613,112414
1623349232000,35599,76759,112358
1623349530000,35969,77172,113141
1623349832000,36070,77086,113156
1623350130000,36991,77871,114862
1623350432000,37218,78203,115421
1623350730000,37656,78536,116192
1623351032000,38564,78802,117366
1623351330000,38656,79073,117729
1623351632000,38670,79398,118068
1623351930000,38779,79697,118476
1623352232000,38830,79945,118775
1623352530000,38915,80327,119242
1623352832000,38921,80835,119756
1623353130000,38930,80925,119855
1623353432000,38998,80964,119962
1623353730000,39135,81132,120267
1623354032000,39077,81561,120638
1623354330000,39034,81444,120478
1623354632000,39022,81537,120559
1623354930000,38992,81349,120341
1623355232000,38983,81368,120351
1623355530000,38870,81000,119870
1623355832000,38756,80846,119602
1623356130000,38725,80915,119640
1623356432000,38721,81078,119799
1623356730000,38618,81297,119915
1623357032000,38558,81350,119908
1623357334000,38500,81347,119847
1623357485000,38456,81335,119791
1623357632000,38474,81331,119805
1623357930000,38420,81266,119686
1623358232000,38337,81164,119501
1623358530000,38332,81046,119378
1623358832000,38072,80727,118799
1623359130000,37940,80331,118271
1623359432000,37715,80119,117834
1623359730000,37592,79915,117507
1623360032000,37498,79686,117184
1623360330000,37443,79313,116756
1623360632000,37338,79218,116556
1623360930000,37248,78953,116201
1623361232000,37137,78739,115876
1623361529000,37040,78540,115580
1623361833000,36930,78346,115276
1623362130000,36800,77993,114793
1623362432000,36533,77380,113913
1623362730000,36431,77310,113741
1623363032000,36139,76966,113105
1623363330000,35908,76439,112347
1623363632000,35934,76138,112072
1623363930000,35738,76031,111769
1623364232000,35635,76048,111683
1623364530000,35628,75758,111386
1623364832000,35529,75622,111151
1623365130000,35463,75226,110689
1623365432000,35464,74998,110462
1623365730000,35403,75015,110418
1623366033000,35311,74627,109938
1623366330000,35208,74452,109660
1623366632000,35074,74285,109359
1623366930000,35002,74255,109257
1623367232000,34949,73982,108931
1623367530000,34860,73960,108820
1623367830000,34771,73693,108464
1623368130000,34815,73772,108587
1623368433000,34810,73795,108605
1623368730000,34847,73934,108781
1623369033000,34899,73828,108727
1623369330000,34982,73921,108903
1623369632000,35073,73913,108986
1623369930000,35602,73941,109543
1623370232000,35680,74034,109714
1623370530000,35640,74073,109713
1623370833000,35676,74353,110029
1623371130000,35731,74519,110250
1623371430000,35900,74462,110362
1623371730000,35831,74547,110378
1623372030000,35871,74783,110654
1623372330000,35874,74959,110833
1623372630000,35833,75335,111168
1623372930000,35805,75401,111206
1623373230000,35749,74992,110741
1623373530000,35726,75084,110810
1623373830000,35626,75276,110902
1623374130000,35607,75514,111121
1623374430000,35521,75650,111171
1623374730000,35480,75588,111068
1623375030000,35419,75311,110730
1623375330000,35234,75359,110593
1623375630000,35215,75369,110584
1623375930000,35169,74819,109988
1623376230000,35173,75248,110421
1623376530000,34986,75341,110327
1623376830000,34962,75383,110345
1623377130000,34723,75444,110167
1623377433000,34435,75195,109630
1623377730000,34303,75058,109361
1623378030000,34139,75050,109189
1623378330000,34080,74773,108853
1623378633000,33972,74664,108636
1623378930000,33798,74376,108174
1623379230000,33589,74252,107841
1623379530000,33489,74137,107626
1623379830000,33398,73938,107336
1623380130000,33240,73487,106727
1623380430000,33012,73091,106103
1623380730000,32714,72777,105491
1623381030000,32520,72176,104696
1623381330000,32228,71868,104096
1623381630000,31945,71523,103468
1623381930000,31645,71003,102648
1623382230000,31353,70482,101835
1623382530000,30946,69936,100882
1623382830000,30824,69322,100146
1623383130000,30470,68826,99296
1623383430000,30347,68032,98379
1623383730000,29843,67405,97248
1623384030000,29635,66521,96156
1623384330000,29393,65838,95231
1623384630000,29165,65042,94207
1623384930000,28876,64322,93198
1623385230000,28694,63698,92392
1623385530000,28373,63026,91399
1623385830000,28186,62405,90591
1623386130000,27819,61868,89687
1623386430000,27406,61217,88623
1623386730000,27231,60693,87924
1623387030000,26566,60262,86828
1623387330000,26401,59701,86102
1623387630000,26257,58828,85085
1623387930000,26016,58077,84093
1623388230000,25849,57552,83401
1623388530000,25688,57205,82893
1623388830000,25390,56594,81984
1623389130000,25071,55987,81058
1623389430000,24743,55485,80228
1623389729000,24474,55015,79489
1623390029000,24305,54564,78869
1623390330000,24126,53898,78024
1623390630000,23901,53392,77293
1623390929000,23984,52590,76574
1623391230000,23552,51741,75293
1623391530000,22099,50841,72940
1623391830000,22061,50303,72364
1623392130000,21533,49755,71288
1623392430000,20907,49547,70454
1623392730000,20774,49034,69808
1623393030000,20765,48662,69427
1623393330000,20278,48667,68945
1623393630000,21334,48203,69537
1623393929000,21317,47301,68618
1623394230000,22319,47412,69731
1623394530000,22297,46361,68658
1623394830000,22141,45965,68106
1623395129000,21957,45765,67722
1623395430000,21888,46093,67981
1623395730000,21937,46992,68929
1623396030000,21976,46822,68798
1623396330000,21844,45213,67057
1623396630000,21835,44735,66570
1623396930000,21887,44363,66250
1623397230000,21968,44873,66841
1623397530000,21871,45480,67351
1623397830000,22196,45463,67659
1623398130000,22544,45373,67917
1623398430000,22542,45385,67927
1623398730000,22509,45044,67553
1623399030000,22578,45125,67703
1623399330000,22853,44926,67779
1623399630000,23014,44800,67814
1623399930000,22763,44580,67343
1623400230000,22641,44415,67056
1623400530000,22793,44306,67099
1623400830000,22856,44383,67239
1623401129000,22931,44244,67175
1623401430000,23029,44128,67157
1623401730000,21848,43906,65754
1623402030000,21521,43736,65257
1623402330000,21721,43887,65608
1623402630000,21887,44001,65888
1623402929000,21922,44086,66008
1623403230000,22051,44050,66101
1623403530000,22091,44196,66287
1623403830000,22168,44041,66209
1623404130000,22215,44205,66420
1623404430000,22237,44084,66321
1623404729000,22364,44266,66630
1623405030000,22423,44315,66738
1623405330000,22472,44353,66825
1623405630000,22383,44213,66596
1623405930000,22392,44440,66832
1623406230000,22483,44528,67011
1623406530000,22666,44496,67162
1623406830000,21991,44459,66450
1623407130000,21945,44731,66676
1623407430000,22079,44815,66894
1623407730000,22170,44506,66676
1623408030000,22241,44930,67171
1623408330000,22293,45290,67583
1623408631000,22522,45352,67874
1623408930000,22609,45586,68195
1623409230000,22719,45572,68291
1623409530000,22864,46092,68956
1623409830000,22975,46373,69348
1623410130000,23165,46662,69827
1623410430000,23329,47028,70357
1623410730000,23544,47506,71050
1623411030000,23806,48016,71822
1623411330000,23938,48292,72230
1623411630000,24252,48840,73092
1623411931000,24571,49186,73757
1623412230000,24819,49660,74479
1623412530000,25054,50085,75139
1623412830000,25246,50405,75651
1623413130000,25479,50943,76422
1623413430000,25743,51445,77188
1623413730000,26068,51909,77977
1623414030000,26399,52358,78757
1623414330000,26605,52911,79516
1623414630000,26794,53337,80131
1623414930000,27301,53947,81248
1623415230000,27639,54709,82348
1623415530000,27832,55343,83175
1623415830000,27069,55661,82730
1623416130000,27348,56467,83815
1623416430000,27474,56570,84044
1623416730000,27776,57185,84961
1623417030000,27940,57439,85379
1623417330000,28110,58053,86163
1623417630000,28431,58023,86454
1623417930000,28647,58691,87338
1623418230000,28705,59260,87965
1623418530000,29051,59465,88516
1623418830000,29210,60076,89286
1623419130000,29338,60486,89824
1623419430000,29544,60956,90500
1623419730000,29712,61122,90834
1623420030000,29778,61597,91375
1623420330000,30031,62010,92041
1623420630000,30271,62342,92613
1623420929000,30394,62862,93256
1623421230000,30518,63372,93890
1623421530000,30752,63505,94257
1623421830000,30951,64100,95051
1623422130000,31044,64621,95665
1623422430000,31187,65045,96232
1623422730000,31151,65559,96710
1623423031000,31324,66061,97385
1623423330000,31087,66490,97577
1623423630000,31127,66557,97684
1623423930000,31248,66996,98244
1623424230000,31366,67080,98446
1623424530000,31572,67252,98824
1623424830000,31702,67507,99209
1623425130000,31831,67528,99359
1623425430000,31797,67965,99762
1623425729000,31946,68201,100147
1623426030000,32135,68157,100292
1623426330000,32325,68422,100747
1623426630000,32577,68760,101337
1623426930000,32821,68846,101667
1623427230000,32981,68717,101698
1623427530000,33134,68726,101860
1623427830000,33342,68819,102161
1623428130000,33441,68930,102371
1623428430000,33560,69020,102580
1623428730000,33661,69224,102885
1623429030000,33714,69323,103037
1623429330000,33866,69456,103322
1623429630000,34099,69544,103643
1623429930000,34277,69837,104114
1623430230000,34428,69861,104289
1623430530000,34557,70033,104590
1623430830000,34606,70299,104905
1623431130000,34746,70459,105205
1623431430000,34893,70426,105319
1623431730000,35017,70815,105832
1623432030000,35267,70841,106108
1623432330000,35457,71199,106656
1623432630000,33584,71625,105209
1623432930000,33568,72022,105590
1623433230000,33634,72440,106074
1623433530000,33769,72434,106203
1623433830000,33786,72488,106274
1623434130000,34040,72875,106915
1623434430000,34148,71363,105511
1623434730000,34290,71737,106027
1623435030000,34349,72501,106850
1623435330000,34738,73822,108560
1623435630000,34676,74499,109175
1623435929000,33357,74868,108225
1623436230000,33291,75074,108365
1623436530000,33404,75332,108736
1623436830000,33218,75516,108734
1623437130000,33472,75857,109329
1623437430000,33632,75911,109543
1623437730000,34251,75675,109926
1623438030000,34676,75866,110542
1623438330000,34751,76079,110830
1623438630000,35921,76335,112256
1623438930000,35976,76611,112587
1623439230000,35973,76620,112593
1623439530000,35965,76955,112920
1623439830000,36011,77241,113252
1623440130000,36104,77328,113432
1623440431000,36185,77684,113869
1623440730000,36190,77838,114028
1623441030000,36262,77975,114237
1623441330000,36292,78240,114532
1623441630000,36409,78187,114596
1623441930000,36346,78096,114442
1623442230000,36390,78054,114444
1623442530000,36433,78203,114636
1623442830000,36347,78053,114400
1623443130000,36392,77765,114157
1623443430000,36300,77791,114091
1623443730000,36268,78003,114271
1623444030000,36218,77923,114141
1623444329000,36252,77733,113985
1623444630000,36132,77702,113834
1623444930000,36188,77330,113518
1623445230000,36153,77115,113268
1623445530000,36064,77008,113072
1623445829000,35973,77089,113062
1623446130000,35974,77031,113005
1623446430000,35942,76881,112823
1623446730000,35795,76707,112502
1623447030000,35710,76679,112389
1623447331000,35668,76440,112108
1623447630000,35578,76284,111862
1623447930000,35361,76269,111630
1623448230000,35249,76087,111336
1623448530000,35125,75983,111108
1623448830000,35084,75457,110541
1623449130000,34868,75148,110016
1623449430000,34705,74816,109521
1623449730000,34523,74826,109349
1623450030000,34431,74572,109003
1623450330000,34405,74408,108813
1623450630000,34265,74181,108446
1623450930000,34169,73992,108161
1623451230000,34068,73862,107930
1623451530000,34019,73552,107571
1623451830000,33905,73022,106927
1623452130000,33700,72698,106398
1623452430000,33586,72730,106316
1623452730000,33526,72298,105824
1623453030000,33428,72171,105599
1623453330000,33280,71935,105215
1623453629000,33150,71823,104973
1623453929000,33094,71531,104625
1623454229000,33058,71487,104545
1623454530000,33039,71504,104543
1623454830000,33018,71286,104304
1623455130000,33018,71312,104330
1623455430000,33020,71052,104072
1623455730000,33002,71014,104016
1623456030000,33049,70802,103851
1623456330000,33302,70662,103964
1623456630000,33186,69110,102296
1623456930000,33165,69656,102821
1623457231000,33152,70173,103325
1623457530000,33107,70230,103337
1623457830000,32983,70341,103324
1623458130000,32963,70355,103318
1623458429000,32958,70416,103374
1623458730000,32977,70611,103588
1623459030000,32977,70737,103714
1623459331000,33005,70708,103713
1623459629000,32993,70696,103689
1623459930000,32947,70668,103615
1623460230000,32983,70813,103796
1623460530000,32684,71011,103695
1623460830000,32887,70889,103776
1623461130000,32754,71052,103806
1623461429000,32680,71287,103967
1623461729000,32670,71536,104206
1623462030000,32602,71728,104330
1623462331000,32520,71978,104498
1623462630000,32426,72100,104526
1623462930000,32436,72027,104463
1623463229000,32154,71991,104145
1623463530000,32069,72034,104103
1623463830000,32021,71993,104014
1623464129000,31847,72116,103963
1623464430000,31574,72181,103755
1623464729000,31477,72238,103715
1623465030000,31393,72076,103469
1623465330000,31299,71857,103156
1623465630000,31189,71864,103053
1623465929000,31052,71723,102775
1623466230000,30909,71730,102639
1623466530000,30860,71509,102369
1623466830000,30701,71405,102106
1623467130000,30462,71045,101507
1623467430000,30276,70909,101185
1623467730000,30217,70649,100866
1623468030000,30133,70460,100593
1623468330000,29950,70239,100189
1623468630000,29753,69727,99480
1623468930000,29403,69500,98903
1623469229000,29241,69241,98482
1623469537000,28985,68790,97775
1623469830000,28836,68317,97153
1623470130000,28654,67913,96567
1623470430000,28480,67390,95870
1623470730000,28287,66749,95036
1623471029000,28055,66170,94225
1623471330000,27810,65617,93427
1623471630000,27705,65116,92821
1623471930000,27470,64788,92258
1623472229000,27391,64462,91853
1623472530000,26980,63825,90805
1623472830000,26811,63394,90205
1623473132000,26517,63035,89552
1623473430000,26306,62384,88690
1623473730000,26022,61747,87769
1623474030000,25916,61059,86975
1623474330000,25675,60467,86142
1623474630000,25405,60044,85449
1623474929000,25236,59509,84745
1623475230000,25005,58895,83900
1623475530000,24852,58354,83206
1623475830000,24693,57589,82282
1623476131000,24589,57177,81766
1623476430000,24446,56618,81064
1623476730000,24297,55995,80292
1623477030000,24136,55287,79423
1623477330000,24006,54494,78500
1623477630000,23771,53822,77593
1623477929000,23557,53039,76596
1623478229000,23295,52430,75725
1623478530000,23093,51804,74897
1623478830000,22942,50926,73868
1623479130000,21552,50130,71682
1623479430000,21164,49520,70684
1623479730000,21039,49191,70230
1623480030000,20243,48959,69202
1623480329000,20044,48432,68476
1623480630000,19997,48137,68134
1623480930000,19938,47675,67613
1623481230000,19707,47215,66922
1623481530000,19619,46789,66408
1623481830000,19576,46929,66505
1623482130000,19534,47603,67137
1623482430000,19443,47398,66841
1623482730000,19356,45810,65166
1623483030000,19252,45249,64501
1623483330000,19214,45071,64285
1623483630000,19139,45425,64564
1623483930000,19144,46119,65263
1623484230000,19186,46176,65362
1623484531000,19046,45882,64928
1623484830000,19037,45588,64625
1623485130000,19091,45357,64448
1623485430000,19100,45092,64192
1623485730000,19089,44975,64064
1623486030000,19187,44814,64001
1623486330000,19303,44764,64067
1623486630000,19434,44711,64145
1623486930000,19516,44381,63897
1623487230000,19566,44142,63708
1623487529000,19545,44106,63651
1623487830000,19557,44151,63708
1623488129000,19632,44047,63679
1623488430000,19664,44090,63754
1623488730000,19786,43942,63728
1623489030000,19849,43831,63680
1623489330000,19667,43985,63652
1623489629000,19698,43978,63676
1623489930000,19797,44186,63983
1623490230000,19851,44173,64024
1623490530000,19898,44331,64229
1623490830000,19988,44359,64347
1623491130000,20047,44578,64625
1623491429000,20177,44678,64855
1623491730000,20321,44709,65030
1623492030000,20366,44589,64955
1623492330000,20431,44612,65043
1623492630000,20421,44804,65225
1623492930000,20390,45029,65419
1623493230000,20411,45172,65583
1623493530000,20539,45410,65949
1623493830000,20520,45618,66138
1623494130000,20596,44032,64628
1623494430000,20753,45834,66587
1623494730000,20821,46072,66893
1623495029000,20972,46273,67245
1623495330000,21132,46543,67675
1623495630000,21269,46700,67969
1623495930000,21399,46774,68173
1623496230000,21552,47091,68643
1623496529000,21729,47468,69197
1623496830000,21864,47857,69721
1623497129000,22047,48355,70402
1623497431000,22144,48930,71074
1623497730000,22323,49179,71502
1623498030000,22493,49498,71991
1623498330000,22620,49898,72518
1623498630000,22804,50258,73062
1623498929000,23015,50593,73608
1623499230000,23124,50902,74026
1623499530000,23250,51297,74547
1623499830000,23294,51854,75148
1623500130000,23541,52288,75829
1623500430000,23698,52978,76676
1623500730000,23724,53463,77187
1623501030000,24062,53896,77958
1623501330000,24263,54277,78540
1623501630000,24508,54758,79266
1623501930000,24646,55229,79875
1623502230000,24902,55837,80739
1623502530000,25081,56407,81488
1623502831000,25287,56665,81952
1623503130000,25474,57045,82519
1623503430000,25490,57299,82789
1623503730000,25712,57884,83596
1623504030000,25966,58410,84376
1623504330000,25999,59097,85096
1623504630000,26159,59513,85672
1623504930000,26365,60060,86425
1623505230000,26517,60500,87017
1623505533000,26784,60815,87599
1623505829000,26960,61235,88195
1623506130000,27284,61893,89177
1623506430000,27485,62404,89889
1623506729000,27669,61657,89326
1623507030000,27917,62875,90792
1623507329000,28202,63313,91515
1623507630000,28443,63755,92198
1623507930000,28604,64062,92666
1623508230000,28792,64598,93390
1623508530000,28892,64993,93885
1623508830000,29056,65480,94536
1623509129000,29241,65908,95149
1623509429000,29317,66381,95698
1623509730000,29551,66839,96390
1623510030000,29801,67102,96903
1623510330000,29909,67411,97320
1623510630000,30038,67927,97965
1623510930000,30177,68468,98645
1623511230000,30250,68916,99166
1623511530000,30439,69371,99810
1623511830000,30502,69607,100109
1623512130000,30601,69837,100438
1623512430000,30758,70046,100804
1623512730000,30848,70418,101266
1623513030000,30943,70525,101468
1623513330000,31002,70172,101174
1623513629000,31015,70378,101393
1623513930000,30997,70319,101316
1623514230000,31008,70351,101359
1623514530000,31154,70384,101538
1623514830000,30996,70618,101614
1623515130000,31186,70699,101885
1623515430000,31113,70708,101821
1623515730000,31158,70780,101938
1623516030000,31249,70844,102093
1623516330000,31510,70906,102416
1623516630000,31579,70531,102110
1623516930000,31560,70344,101904
1623517230000,31512,70272,101784
1623517530000,31546,70325,101871
1623517830000,31637,70684,102321
1623518130000,31728,70929,102657
1623518430000,31895,71374,103269
1623518730000,31970,71731,103701
1623519086000,32066,72120,104186
1623519330000,32116,72470,104586
1623519630000,32250,72943,105193
1623519930000,32447,73281,105728
1623520230000,32511,73246,105757
1623520530000,32415,73506,105921
1623520830000,32681,72546,105227
1623521130000,32728,72804,105532
1623521430000,32823,73180,106003
1623521730000,32971,74211,107182
1623522030000,33162,75071,108233
1623522330000,33236,75283,108519
1623522630000,33396,75493,108889
1623522931000,33550,75782,109332
1623523229000,33576,76132,109708
1623523530000,33730,76522,110252
1623523830000,33908,76919,110827
1623524130000,33931,77409,111340
1623524430000,33888,77592,111480
1623524730000,33966,77828,111794
1623525029000,34170,77958,112128
1623525330000,34255,77796,112051
1623525629000,34300,77975,112275
1623525930000,34368,78192,112560
1623526230000,34358,78560,112918
1623526529000,34365,78541,112906
1623526830000,34445,78722,113167
1623527131000,34439,78786,113225
1623527430000,34548,78911,113459
1623527730000,34535,79245,113780
1623528030000,34560,78956,113516
1623528330000,34565,79085,113650
1623528629000,34508,78981,113489
1623528930000,34491,79006,113497
1623529230000,34490,79001,113491
1623529530000,34538,79108,113646
1623529830000,34454,79177,113631
1623530130000,34528,78912,113440
1623530430000,34524,78880,113404
1623530729000,34426,78668,113094
1623531030000,34361,78358,112719
1623531330000,34278,78480,112758
1623531629000,34227,78422,112649
1623531930000,34257,78353,112610
1623532230000,34220,78359,112579
1623532529000,34095,78189,112284
1623532830000,33927,78257,112184
1623533130000,33943,78237,112180
1623533430000,33906,77751,111657
1623533729000,33777,77640,111417
1623534030000,33802,77530,111332
1623534330000,33647,77144,110791
1623534630000,33454,76751,110205
1623534930000,33446,76513,109959
1623535230000,33337,76249,109586
1623535530000,33232,75829,109061
1623535830000,33112,75776,108888
1623536130000,32973,75382,108355
1623536430000,32753,74978,107731
1623536732000,32617,74871,107488
1623537030000,32506,74804,107310
1623537330000,32345,74435,106780
1623537630000,32196,74392,106588
1623537930000,32038,73967,106005
1623538230000,31846,73973,105819
1623538530000,31676,73742,105418
1623538829000,31532,73585,105117
1623539130000,31384,73204,104588
1623539430000,31270,72614,103884
1623539730000,31180,72301,103481
1623540030000,31014,72197,103211
1623540330000,30960,71940,102900
1623540630000,30815,71740,102555
1623540930000,30776,71390,102166
1623541229000,30675,71367,102042
1623541530000,30713,71097,101810
1623541830000,30675,70993,101668
1623542129000,30590,70778,101368
1623542430000,30608,70638,101246
1623542730000,30910,70583,101493
1623543030000,30975,70397,101372
1623543330000,31044,70577,101621
1623543630000,30976,70548,101524
1623543930000,30904,70618,101522
1623544230000,30845,70698,101543
1623544530000,30954,70725,101679
1623544831000,30984,70935,101919
1623545130000,31082,70977,102059
1623545430000,31004,71114,102118
1623545730000,30930,70978,101908
1623546030000,30787,71046,101833
1623546330000,30685,71103,101788
1623546630000,30599,71242,101841
1623546930000,30586,71316,101902
1623547230000,30462,71306,101768
1623547530000,30405,71262,101667
1623547830000,30307,71439,101746
1623548130000,30255,71186,101441
1623548429000,30168,71231,101399
1623548730000,30033,71303,101336
1623549032000,29967,71392,101359
1623549330000,29858,71386,101244
1623549629000,29866,71586,101452
1623549930000,29723,71689,101412
1623550230000,29714,71523,101237
1623550529000,29608,71647,101255
1623550830000,29616,71534,101150
1623551129000,29481,71468,100949
1623551430000,29246,71318,100564
1623551730000,29219,71339,100558
1623552030000,29061,71156,100217
1623552330000,29020,71107,100127
1623552630000,28935,70947,99882
1623552930000,28892,70664,99556
1623553230000,28781,70440,99221
1623553530000,28739,70195,98934
1623553830000,28537,69846,98383
1623554130000,28387,69597,97984
1623554430000,28256,69237,97493
1623554730000,28047,69136,97183
1623555030000,28004,68772,96776
1623555330000,27901,68670,96571
1623555630000,27736,68433,96169
1623555930000,27574,68091,95665
1623556230000,27422,67743,95165
1623556530000,27255,67497,94752
1623556829000,27041,67152,94193
1623557130000,26809,66544,93353
1623557430000,26540,65951,92491
1623557729000,26307,65515,91822
1623558030000,26117,65032,91149
1623558330000,25953,64639,90592
1623558630000,25668,64250,89918
1623558929000,25439,63959,89398
1623559230000,25370,63360,88730
1623559529000,25124,62881,88005
1623559830000,24921,62204,87125
1623560130000,24810,61413,86223
1623560430000,24653,60954,85607
1623560730000,24379,60442,84821
1623561030000,24124,59847,83971
1623561330000,23851,59109,82960
1623561629000,23670,58589,82259
1623561930000,23405,57866,81271
1623562230000,23298,57291,80589
1623562530000,23194,56874,80068
1623562830000,23023,56497,79520
1623563130000,22751,56041,78792
1623563429000,22650,55486,78136
1623563729000,22431,54881,77312
1623564030000,22306,54816,77122
1623564329000,21981,53802,75783
1623564630000,21759,52891,74650
1623564929000,21608,52026,73634
1623565230000,21532,51672,73204
1623565530000,21438,50907,72345
1623565829000,21229,50524,71753
1623566130000,21113,50180,71293
1623566430000,20933,49723,70656
1623566730000,20781,49359,70140
1623567030000,20662,49216,69878
1623567330000,20471,48750,69221
1623567630000,20336,48415,68751
1623567930000,20113,47969,68082
1623568230000,19921,48243,68164
1623568530000,19973,49026,68999
1623568830000,19851,48801,68652
1623569130000,19843,47464,67307
1623569430000,19738,46748,66486
1623569730000,19717,46666,66383
1623570030000,19620,47231,66851
1623570330000,19625,48009,67634
1623570630000,19571,47882,67453
1623570929000,19541,47700,67241
1623571230000,19571,47416,66987
1623571529000,19499,47251,66750
1623571830000,19570,46942,66512
1623572130000,19576,46735,66311
1623572430000,19721,46650,66371
1623572730000,19767,46438,66205
1623573030000,19833,46100,65933
1623573330000,19926,45882,65808
1623573630000,20048,45824,65872
1623573930000,20143,45721,65864
1623574230000,20284,45215,65499
1623574530000,20415,45332,65747
1623574830000,20474,45220,65694
1623575130000,20529,45151,65680
1623575430000,20586,45057,65643
1623575730000,20635,44350,64985
1623576030000,20777,44505,65282
1623576330000,20810,44532,65342
1623576630000,20840,45025,65865
1623576930000,20981,44965,65946
1623577230000,21111,45034,66145
1623577530000,21216,45065,66281
1623577830000,21336,45206,66542
1623578130000,21400,45193,66593
1623578430000,21418,45223,66641
1623578730000,21493,45283,66776
1623579030000,21564,45420,66984
1623579330000,21666,45583,67249
1623579630000,21704,45679,67383
1623579930000,21784,45883,67667
1623580230000,21854,46217,68071
1623580530000,21953,46284,68237
1623580830000,22104,46576,68680
1623581130000,22143,46737,68880
1623581430000,22174,46728,68902
1623581730000,22321,46956,69277
1623582029000,22365,47102,69467
1623582330000,22462,47422,69884
1623582630000,22574,47653,70227
1623582930000,22701,48045,70746
1623583229000,22841,48418,71259
1623583530000,22962,48563,71525
1623583830000,23123,48831,71954
1623584130000,23261,49084,72345
1623584430000,23424,49739,73163
1623584729000,23580,50070,73650
1623585030000,23804,50411,74215
1623585330000,24094,50599,74693
1623585630000,24314,51144,75458
1623585930000,24446,51572,76018
1623586230000,24560,52013,76573
1623586530000,24608,52397,77005
1623586831000,24651,52778,77429
1623587130000,24786,53376,78162
1623587430000,24992,53828,78820
1623587730000,25163,54193,79356
1623588030000,25175,54560,79735
1623588330000,25373,54835,80208
1623588630000,25659,55097,80756
1623588930000,25860,55423,81283
1623589230000,25987,55522,81509
1623589530000,26263,55915,82178
1623589830000,26481,56247,82728
1623590129000,26738,56966,83704
1623590430000,26884,57791,84675
1623590730000,26973,58420,85393
1623591030000,27170,59117,86287
1623591330000,27371,59610,86981
1623591630000,27684,60002,87686
1623591930000,27894,60813,88707
1623592230000,28117,61438,89555
1623592530000,28343,61923,90266
1623592829000,28645,62541,91186
1623593130000,28883,62799,91682
1623593430000,29064,63407,92471
1623593729000,29349,63808,93157
1623594030000,29574,64316,93890
1623594330000,29842,64768,94610
1623594630000,30030,65280,95310
1623594930000,30187,65886,96073
1623595230000,30352,66401,96753
1623595530000,30550,66645,97195
1623595830000,30736,67144,97880
1623596130000,30895,67522,98417
1623596429000,31017,68209,99226
1623596730000,31259,68837,100096
1623597029000,31399,69272,100671
1623597330000,31617,69995,101612
1623597630000,31813,70717,102530
1623597930000,32003,71088,103091
1623598230000,32161,71215,103376
1623598530000,32486,71906,104392
1623598830000,32697,72222,104919
1623599130000,32752,72638,105390
1623599430000,33003,73394,106397
1623599729000,33144,73477,106621
1623600030000,33204,73576,106780
1623600331000,33209,73822,107031
1623600630000,33249,74194,107443
1623600930000,33380,74567,107947
1623601230000,33512,74856,108368
1623601530000,33580,75066,108646
1623601830000,33664,75128,108792
1623602130000,33833,75380,109213
1623602430000,33933,75651,109584
1623602730000,34051,75962,110013
1623603030000,34096,76044,110140
1623603330000,34296,76344,110640
1623603629000,34510,76678,111188
1623603930000,34567,77058,111625
1623604230000,34591,77173,111764
1623604530000,34740,77506,112246
1623604830000,34910,77818,112728
1623605130000,35012,78061,113073
1623605430000,35139,78408,113547
1623605730000,35218,78682,113900
1623606030000,35338,78986,114324
1623606330000,35548,79295,114843
1623606630000,35699,79639,115338
1623606930000,35742,78750,114492
1623607230000,35859,78485,114344
1623607530000,36039,78696,114735
1623607830000,36206,79490,115696
1623608192000,36357,81031,117388
1623608430000,36413,81418,117831
1623608730000,36547,81635,118182
1623609030000,36769,82161,118930
1623609330000,36858,82514,119372
1623609630000,37017,82817,119834
1623609930000,37102,83146,120248
1623610230000,37233,83487,120720
1623610530000,37399,83610,121009
1623610830000,37436,83778,121214
1623611130000,37438,83807,121245
1623611430000,37566,84176,121742
1623611730000,37648,84572,122220
1623612030000,37680,84869,122549
1623612332000,37841,84988,122829
1623612630000,37853,85180,123033
1623612930000,37917,85256,123173
1623613230000,38030,85439,123469
1623613529000,38102,85731,123833
1623613830000,38171,86039,124210
1623614130000,38137,86124,124261
1623614430000,38146,86357,124503
1623614730000,37961,86000,123961
1623615030000,37839,85811,123650
1623615330000,37718,85491,123209
1623615630000,37684,85285,122969
1623615930000,37655,85396,123051
1623616230000,37564,85406,122970
1623616530000,37457,85057,122514
1623616831000,37394,84929,122323
1623617130000,37416,84584,122000
1623617430000,37141,84291,121432
1623617730000,36947,83828,120775
1623618030000,36755,83663,120418
1623618330000,36580,83424,120004
1623618630000,36538,83191,119729
1623618930000,36389,82790,119179
1623619230000,36222,82606,118828
1623619530000,36092,82400,118492
1623619830000,35972,81741,117713
1623620130000,35728,81598,117326
1623620430000,35668,81231,116899
1623620730000,35612,81148,116760
1623621030000,35467,81045,116512
1623621330000,35292,80728,116020
1623621630000,35071,80376,115447
1623621930000,34821,79818,114639
1623622230000,34642,79532,114174
1623622530000,34533,78977,113510
1623622830000,34342,78836,113178
1623623130000,34134,78553,112687
1623623430000,34069,78460,112529
1623623730000,33967,78255,112222
1623624030000,33809,77886,111695
1623624329000,33697,77624,111321
1623624630000,33644,77350,110994
1623624930000,33516,77212,110728
1623625230000,32893,72518,105411
1623625530000,32889,72986,105875
1623625830000,32872,73631,106503
1623626129000,32856,73945,106801
1623626430000,32694,74222,106916
1623626730000,32598,74121,106719
1623627030000,32596,73855,106451
1623627329000,32623,74157,106780
1623627630000,32568,74421,106989
1623627930000,32515,74473,106988
1623628229000,32481,74600,107081
1623628530000,32609,74781,107390
1623628830000,32672,74948,107620
1623629130000,33159,75049,108208
1623629430000,33290,74984,108274
1623629730000,33192,75130,108322
1623630030000,33220,75382,108602
1623630329000,33166,75629,108795
1623630630000,33210,75918,109128
1623630930000,33144,76124,109268
1623631230000,33146,76143,109289
1623631530000,33179,76171,109350
1623631830000,33048,76269,109317
1623632130000,32907,76455,109362
1623632431000,32732,76567,109299
1623632730000,32599,76728,109327
1623633030000,32567,76893,109460
1623633330000,32540,76830,109370
1623633630000,32460,77020,109480
1623633930000,32402,76956,109358
1623634230000,32387,77183,109570
1623634530000,32188,76954,109142
1623634829000,32092,76967,109059
1623635130000,32047,76843,108890
1623635430000,31986,77005,108991
1623635730000,31907,76850,108757
1623636030000,31755,76782,108537
1623636330000,31616,76471,108087
1623636630000,31450,76471,107921
1623636929000,31289,76449,107738
1623637232000,31039,76345,107384
1623637530000,30854,76205,107059
1623637830000,30668,75871,106539
1623638130000,30539,75520,106059
1623638430000,30424,75296,105720
1623638730000,30277,74916,105193
1623639030000,30154,74636,104790
1623639330000,29884,74183,104067
1623639630000,29596,73565,103161
1623639930000,29294,72980,102274
1623640230000,28986,72329,101315
1623640530000,28772,71764,100536
1623640830000,28616,71285,99901
1623641130000,28386,70790,99176
1623641430000,28069,70158,98227
1623641730000,27867,69809,97676
1623642030000,27603,69459,97062
1623642329000,27354,68775,96129
1623642630000,27232,68128,95360
1623642930000,26982,67488,94470
1623643230000,26732,66646,93378
1623643530000,26355,65716,92071
1623643830000,26023,65138,91161
1623644129000,25836,64375,90211
1623644430000,25538,64013,89551
1623644731000,25362,63429,88791
1623645030000,24987,62789,87776
1623645330000,24684,62041,86725
1623645630000,24519,61570,86089
1623645930000,24195,61024,85219
1623646230000,23953,60365,84318
1623646530000,23778,59701,83479
1623646830000,23506,58976,82482
1623647130000,23180,58279,81459
1623647430000,22936,57821,80757
1623647730000,22746,57072,79818
1623648030000,22519,56559,79078
1623648330000,22124,56151,78275
1623648630000,21996,55617,77613
1623648930000,21676,55023,76699
1623649230000,21497,54359,75856
1623649530000,21167,53833,75000
1623649830000,21065,53182,74247
1623650130000,20907,52537,73444
1623650430000,20672,51547,72219
1623650730000,20591,50749,71340
1623651030000,20394,50106,70500
1623651330000,20279,49393,69672
1623651630000,20116,48884,69000
1623651930000,20040,48639,68679
1623652230000,20029,48255,68284
1623652530000,19972,47926,67898
1623652830000,19771,47607,67378
1623653130000,19558,47139,66697
1623653430000,19430,46802,66232
1623653730000,19269,46549,65818
1623654030000,19152,46201,65353
1623654330000,19165,45934,65099
1623654630000,19011,46240,65251
1623654930000,18946,46837,65783
1623655230000,18873,46682,65555
1623655530000,18853,45293,64146
1623655830000,18748,44682,63430
1623656129000,18733,44390,63123
1623656430000,18754,44923,63677
1623656730000,18672,45622,64294
1623657030000,18713,45873,64586
1623657330000,18664,45631,64295
1623657630000,18645,45250,63895
1623657930000,18660,45096,63756
1623658230000,18702,44896,63598
1623658530000,18768,44619,63387
1623658830000,18901,44407,63308
1623659130000,18930,44413,63343
1623659430000,19074,44303,63377
1623659730000,19289,44175,63464
1623660030000,19374,44088,63462
1623660330000,19020,44046,63066
1623660630000,19173,44079,63252
1623660929000,19241,44098,63339
1623661230000,19182,44050,63232
1623661530000,19388,43805,63193
1623661830000,19732,43843,63575
1623662130000,20050,43703,63753
1623662430000,20058,43649,63707
1623662729000,20152,43685,63837
1623663030000,20180,43777,63957
1623663330000,20413,43895,64308
1623663630000,20580,43872,64452
1623663930000,20210,43936,64146
1623664231000,20361,43664,64025
1623664530000,20498,43749,64247
1623664830000,20622,43666,64288
1623665130000,20851,43695,64546
1623665429000,20904,43833,64737
1623665730000,21108,43949,65057
1623666030000,21318,43510,64828
1623666330000,21543,43699,65242
1623666630000,21703,43748,65451
1623666930000,21930,43767,65697
1623667230000,22064,44194,66258
1623667530000,22232,44339,66571
1623667830000,22349,44582,66931
1623668130000,22545,44814,67359
1623668430000,22704,44854,67558
1623668730000,22887,44853,67740
1623669030000,22996,45274,68270
1623669333000,23309,45648,68957
1623669630000,23552,46149,69701
1623669930000,23729,46516,70245
1623670231000,23902,46853,70755
1623670530000,24064,47060,71124
1623670830000,24221,47593,71814
1623671130000,24316,48061,72377
1623671430000,24471,48453,72924
1623671730000,24536,48951,73487
1623672030000,24753,49097,73850
1623672330000,24942,49433,74375
1623672630000,25162,50027,75189
1623672930000,25248,50498,75746
1623673230000,23782,51116,74898
1623673530000,24162,51560,75722
1623673830000,24443,51998,76441
1623674130000,24339,52496,76835
1623674429000,24422,53012,77434
1623674730000,24329,53664,77993
1623675030000,23494,54104,77598
1623675330000,22687,54511,77198
1623675630000,9166,55066,64232
1623675930000,6683,55465,62148
1623676230000,11931,56139,68070
1623676530000,14568,56746,71314
1623676830000,16531,57270,73801
1623677130000,17888,58102,75990
1623677430000,19270,58749,78019
1623677730000,20337,59260,79597
1623678030000,21179,59554,80733
1623678330000,22004,59871,81875
1623678630000,22737,60721,83458
1623678930000,23523,61150,84673
1623679230000,24114,61459,85573
1623679530000,24735,61922,86657
1623679829000,25220,62502,87722
1623680130000,25719,62896,88615
1623680431000,26220,63453,89673
1623680729000,26326,63860,90186
1623681030000,26749,64446,91195
1623681330000,27106,65068,92174
1623681630000,27491,65597,93088
1623681930000,27954,66128,94082
1623682230000,28259,66582,94841
1623682531000,28636,66977,95613
1623682830000,29023,67130,96153
1623683130000,29420,67304,96724
1623683430000,29712,67771,97483
1623683730000,29252,68074,97326
1623684030000,29461,68191,97652
1623684330000,29671,68787,98458
1623684630000,29941,69100,99041
1623684930000,30126,69718,99844
1623685231000,30285,70480,100765
1623685530000,30496,70624,101120
1623685830000,30796,70816,101612
1623686130000,30992,70987,101979
1623686430000,30953,71002,101955
1623686730000,31074,71115,102189
1623687030000,31232,71258,102490
1623687330000,31305,71405,102710
1623687630000,31413,71552,102965
1623687930000,31472,71989,103461
1623688239000,31681,72084,103765
1623688288000,31719,72128,103847
1623688530000,31739,72187,103926
1623688830000,32007,72419,104426
1623689130000,32095,72477,104572
1623689430000,32303,72854,105157
1623689730000,32459,73101,105560
1623690030000,32665,73278,105943
1623690330000,32823,73389,106212
1623690630000,32922,73646,106568
1623690930000,33143,74002,107145
1623691230000,33322,74533,107855
1623691530000,33520,74823,108343
1623691831000,33617,75008,108625
1623692130000,33996,75316,109312
1623692430000,34214,75521,109735
1623692730000,34480,75787,110267
1623693030000,34582,76318,110900
1623693330000,34632,76403,111035
1623693629000,34840,74650,109490
1623693930000,34955,74871,109826
1623694230000,35091,75669,110760
1623694530000,35356,77088,112444
1623694830000,35557,77717,113274
1623695130000,35771,78035,113806
1623695431000,35815,78628,114443
1623695730000,35879,78277,114156
1623696030000,35948,78640,114588
1623696330000,36095,78626,114721
1623696630000,36233,79140,115373
1623696930000,36262,79074,115336
1623697230000,36308,79053,115361
1623697530000,36267,79456,115723
1623697830000,36274,79646,115920
1623698130000,36352,80031,116383
1623698430000,36447,80577,117024
1623698729000,36515,80846,117361
1623699030000,36502,81116,117618
1623699330000,36520,81277,117797
1623699630000,36643,81515,118158
1623699930000,36584,81831,118415
1623700230000,36611,82109,118720
1623700530000,36557,82185,118742
1623700830000,36541,82099,118640
1623701130000,36432,82078,118510
1623701430000,36359,82316,118675
1623701730000,36403,82479,118882
1623702030000,36461,82456,118917
1623702330000,36534,82484,119018
1623702630000,36319,82189,118508
1623702930000,36225,81946,118171
1623703230000,36195,81813,118008
1623703530000,36067,81653,117720
1623703830000,36015,81443,117458
1623704130000,35916,81146,117062
1623704430000,35623,80506,116129
1623704730000,35444,80087,115531
1623705030000,35327,79912,115239
1623705330000,35288,80064,115352
1623705630000,35193,79759,114952
1623705930000,34969,79761,114730
1623706230000,34847,79570,114417
1623706530000,34783,78958,113741
1623706830000,34687,78691,113378
1623707130000,34574,78644,113218
1623707430000,34410,78446,112856
1623707730000,34297,78216,112513
1623708030000,34147,77590,111737
1623708330000,33964,77085,111049
1623708630000,33836,76721,110557
1623708930000,33712,76504,110216
1623709230000,33515,76410,109925
1623709530000,33367,76229,109596
1623709830000,33317,75838,109155
1623710130000,33169,75667,108836
1623710430000,32991,75482,108473
1623710729000,32998,75471,108469
1623711030000,32903,75133,108036
1623711330000,32903,75210,108113
1623711630000,32804,75072,107876
1623711930000,32747,74600,107347
1623712230000,32632,74393,107025
1623712530000,32628,74247,106875
1623712830000,32556,74353,106909
1623713130000,32584,73878,106462
1623713430000,32493,74070,106563
1623713730000,32586,73812,106398
1623714030000,32598,73827,106425
1623714330000,32652,74003,106655
1623714630000,32649,74145,106794
1623714930000,32739,74110,106849
1623715230000,32801,74032,106833
1623715530000,33243,74031,107274
1623715829000,33297,74175,107472
1623716130000,33392,74397,107789
1623716430000,33370,74654,108024
1623716730000,33430,74864,108294
1623717030000,33350,75127,108477
1623717330000,33310,75186,108496
1623717630000,33245,75427,108672
1623717930000,33339,75779,109118
1623718230000,33329,75884,109213
1623718530000,33173,75908,109081
1623718830000,33086,75846,108932
1623719130000,33186,75922,109108
1623719429000,33107,75690,108797
1623719730000,33129,75590,108719
1623720030000,33014,75765,108779
1623720330000,32866,75992,108858
1623720630000,32774,76151,108925
1623720930000,32811,76266,109077
1623721230000,32822,76523,109345
1623721530000,32698,76692,109390
1623721830000,32595,76770,109365
1623722130000,32549,76968,109517
1623722430000,32431,76774,109205
1623722732000,32264,76301,108565
1623723030000,32026,75971,107997
1623723330000,31774,75694,107468
1623723630000,31591,75490,107081
1623723929000,31458,75325,106783
1623724230000,31263,75016,106279
1623724530000,31086,74787,105873
1623724830000,30827,74412,105239
1623725130000,30626,74216,104842
1623725430000,30324,73694,104018
1623725730000,30079,73395,103474
1623726030000,29706,72719,102425
1623726330000,29398,72092,101490
1623726630000,29071,71637,100708
1623726930000,28740,71150,99890
1623727230000,28538,70698,99236
1623727530000,28264,70046,98310
1623727830000,27905,69355,97260
1623728130000,27649,68607,96256
1623728430000,27455,68319,95774
1623728731000,27200,67618,94818
1623729030000,26879,67172,94051
1623729330000,26543,66437,92980
1623729629000,26315,65420,91735
1623729930000,25990,64649,90639
1623730230000,25629,64016,89645
1623730531000,25276,63113,88389
1623730830000,25052,62969,88021
1623731130000,24840,62228,87068
1623731430000,24672,61498,86170
1623731730000,24500,60757,85257
1623732030000,24067,59967,84034
1623732330000,23984,59149,83133
1623732629000,23763,58638,82401
1623732930000,23551,57771,81322
1623733229000,23264,57114,80378
1623733530000,23064,56477,79541
1623733830000,22849,55841,78690
1623734130000,22573,55487,78060
1623734430000,22348,54865,77213
1623734730000,22179,54416,76595
1623735029000,21995,53698,75693
1623735330000,21817,53041,74858
1623735630000,21710,52593,74303
1623735930000,21524,51811,73335
1623736230000,21383,51272,72655
1623736530000,21366,50697,72063
1623736830000,21125,49906,71031
1623737130000,20952,49099,70051
1623737430000,20792,48376,69168
1623737730000,20663,47874,68537
1623738030000,20501,47536,68037
1623738330000,20317,47108,67425
1623738630000,20019,46459,66478
1623738930000,19969,46207,66176
1623739230000,19899,46054,65953
1623739530000,19674,45626,65300
1623739829000,19377,45251,64628
1623740130000,19261,44502,63763
1623740430000,19129,44148,63277
1623740730000,19094,43881,62975
1623741030000,18984,44621,63605
1623741330000,18860,45501,64361
1623741630000,18788,45121,63909
1623741930000,18723,43566,62289
1623742230000,18629,42960,61589
1623742530000,18515,42930,61445
1623742830000,18436,43374,61810
1623743130000,18524,43900,62424
1623743430000,18603,44158,62761
1623743730000,18489,44027,62516
1623744030000,18515,43746,62261
1623744330000,18497,43669,62166
1623746807000,16638,40435,57073
1623747030000,17275,40634,57909
1623750330000,15565,39102,54667
1623750630000,16621,39965,56586
1623754230000,16346,40907,57253
1623754530000,17673,41794,59467
1623754830000,18465,42484,60949
1623755130000,19076,42940,62016
1623755430000,19594,43510,63104
1623755730000,20100,44140,64240
1623756030000,20696,44679,65375
1623756330000,21158,45163,66321
1623756630000,21461,45527,66988
1623756930000,21880,45845,67725
1623757230000,22215,46455,68670
1623757530000,22456,47012,69468
1623757830000,22818,47377,70195
1623758130000,22619,47571,70190
1623758429000,22775,47888,70663
1623758730000,22977,48350,71327
1623759031000,23236,48746,71982
1623759331000,23382,49351,72733
1623759630000,23812,49821,73633
1623759930000,23990,50345,74335
1623760230000,24283,50865,75148
1623760530000,24547,51553,76100
1623760830000,24824,52132,76956
1623761130000,25143,52797,77940
1623761430000,25425,53553,78978
1623761729000,25682,53947,79629
1623762030000,25969,54489,80458
1623762330000,26316,55018,81334
1623762630000,26658,55571,82229
1623762930000,26871,56174,83045
1623763230000,27105,56737,83842
1623763530000,27369,57134,84503
1623763830000,27562,57727,85289
1623764130000,27904,58303,86207
1623764429000,28152,58772,86924
1623764730000,28314,59188,87502
1623765030000,28561,59784,88345
1623765330000,28892,60246,89138
1623765630000,29139,60492,89631
1623765930000,29282,61197,90479
1623766230000,29575,61532,91107
1623766530000,29928,62021,91949
1623766830000,30171,62707,92878
1623767130000,30288,63083,93371
1623767430000,30486,63630,94116
1623767730000,29203,64226,93429
1623768030000,29496,64679,94175
1623768330000,29795,65350,95145
1623768630000,29989,65337,95326
1623768930000,30145,66039,96184
1623769230000,30337,66150,96487
1623769530000,30596,66520,97116
1623769830000,30772,67056,97828
1623770130000,31002,67644,98646
1623770430000,31237,67928,99165
1623770730000,31460,68261,99721
1623771030000,31631,68545,100176
1623771330000,30823,68631,99454
1623771630000,30882,68784,99666
1623771930000,31042,68906,99948
1623772230000,31347,69031,100378
1623772530000,31414,68979,100393
1623772830000,31319,68732,100051
1623773130000,31358,68549,99907
1623773430000,31457,68654,100111
1623773730000,31589,68790,100379
1623774030000,31731,68955,100686
1623774330000,31823,69137,100960
1623774630000,31866,69408,101274
1623774930000,32150,69450,101600
1623775230000,32372,69772,102144
1623775530000,32564,70342,102906
1623775830000,32712,70277,102989
1623776130000,32921,70357,103278
1623776430000,32858,70131,102989
1623776730000,32894,70429,103323
1623777030000,33009,70880,103889
1623777330000,33097,71032,104129
1623777630000,33293,71438,104731
1623777929000,33513,71700,105213
1623778230000,33663,72186,105849
1623778530000,33817,72310,106127
1623778829000,33903,72624,106527
1623779130000,34033,72942,106975
1623779430000,34173,73249,107422
1623779729000,34373,73529,107902
1623780030000,34462,72230,106692
1623780330000,34543,72596,107139
1623780630000,34712,73237,107949
1623780929000,34841,74664,109505
1623781231000,35022,75123,110145
1623781530000,35386,75370,110756
1623781830000,35675,75774,111449
1623782132000,35940,75580,111520
1623782430000,36182,76570,112752
1623782730000,36424,77028,113452
1623783030000,36641,77212,113853
1623783330000,36842,77141,113983
1623783630000,36900,77027,113927
1623783930000,37045,77175,114220
1623784230000,37277,77480,114757
1623784530000,37439,77911,115350
1623784830000,37572,78163,115735
1623785151000,37600,78319,115919
1623785198000,37629,78339,115968
1623785430000,37785,78766,116551
1623785730000,37850,78949,116799
1623786030000,38008,79142,117150
1623786330000,38170,79152,117322
1623786630000,38269,79022,117291
1623786930000,38292,79158,117450
1623787230000,38317,79387,117704
1623787530000,38322,79308,117630
1623787830000,38231,79315,117546
1623788130000,38229,79379,117608
1623788430000,36075,79230,115305
1623788729000,36141,79270,115411
1623789030000,36134,79253,115387
1623789330000,36026,79079,115105
1623789692000,35901,78981,114882
1623789931000,35755,78647,114402
1623790230000,35571,78743,114314
1623790530000,35399,78446,113845
1623790830000,35129,77723,112852
1623791130000,35239,77256,112495
1623791429000,35035,77274,112309
1623791729000,34965,77205,112170
1623792029000,34896,77254,112150
1623792330000,34744,77064,111808
1623792631000,34695,76848,111543
1623792930000,34531,76773,111304
1623793229000,34466,76397,110863
1623793530000,34306,76273,110579
1623793830000,34216,76188,110404
1623794130000,34143,76113,110256
1623794430000,34040,75663,109703
1623794729000,33796,74749,108545
1623795030000,33571,74585,108156
1623795330000,33524,74454,107978
1623795630000,33370,74183,107553
1623795930000,33314,73931,107245
1623796229000,33351,73471,106822
1623796530000,33180,73398,106578
1623796830000,33104,73325,106429
1623797130000,32996,73046,106042
1623797430000,32936,73085,106021
1623797730000,32927,72739,105666
1623798030000,32895,72486,105381
1623798330000,32806,72170,104976
1623798630000,32672,71761,104433
1623798930000,32631,71553,104184
1623799229000,32575,71758,104333
1623799530000,32520,71549,104069
1623799830000,32501,71514,104015
1623800130000,32475,71603,104078
1623800430000,32671,71599,104270
1623800730000,32783,71745,104528
1623801030000,32984,71603,104587
1623801330000,33185,71852,105037
1623801630000,33524,71462,104986
1623801931000,34034,71438,105472
1623802230000,34225,71390,105615
1623802530000,34204,71767,105971
1623802830000,34280,71941,106221
1623803132000,34332,72176,106508
1623803430000,34350,72210,106560
1623803730000,34489,71944,106433
1623804030000,34637,72582,107219
1623804330000,34706,72850,107556
1623804630000,34677,73017,107694
1623804929000,34828,73275,108103
1623805230000,34705,73233,107938
1623805530000,34850,73278,108128
1623805830000,35019,73508,108527
1623806130000,35029,73606,108635
1623806430000,35008,73593,108601
1623806730000,34952,73698,108650
1623807030000,33142,74046,107188
1623807330000,33083,73995,107078
1623807629000,32946,74172,107118
1623807930000,32742,74188,106930
1623808231000,32561,74333,106894
1623808530000,32414,74307,106721
1623808830000,32430,74224,106654
1623809130000,32187,73785,105972
1623809430000,32084,73614,105698
1623809730000,31873,73378,105251
1623810030000,31748,73297,105045
1623810330000,31643,72992,104635
1623810631000,31438,72719,104157
1623810930000,31191,72385,103576
1623811231000,31068,72048,103116
1623811530000,30747,71980,102727
1623811830000,30632,71563,102195
1623812131000,30322,71135,101457
1623812430000,30172,70592,100764
1623812730000,29831,69833,99664
1623813030000,29608,69349,98957
1623813330000,29350,68904,98254
1623813630000,29139,68556,97695
1623813929000,28956,68077,97033
1623814230000,28681,67762,96443
1623814530000,28420,67052,95472
1623814830000,28057,66619,94676
1623815130000,27674,65974,93648
1623815430000,27339,65197,92536
1623815730000,27188,64756,91944
1623816030000,26834,63628,90462
1623816330000,26549,62856,89405
1623816630000,26314,62298,88612
1623816930000,25992,61688,87680
1623817229000,25840,61238,87078
1623817530000,25590,60534,86124
1623817830000,25269,59763,85032
1623818130000,24831,59153,83984
1623818430000,24569,58789,83358
1623818730000,24311,58111,82422
1623819030000,24129,57395,81524
1623819329000,24057,56889,80946
1623819629000,23639,56119,79758
1623819930000,23324,55273,78597
1623820231000,23087,54744,77831
1623820530000,22744,54134,76878
1623820830000,22542,53743,76285
1623821130000,22282,52942,75224
1623821430000,22033,52494,74527
1623821730000,21743,51947,73690
1623822030000,21529,51406,72935
1623822330000,21218,50751,71969
1623822630000,20981,50031,71012
1623822930000,20757,49248,70005
1623823230000,20600,48315,68915
1623823530000,20337,47704,68041
1623823830000,20126,46986,67112
1623824130000,19966,46562,66528
1623824430000,19796,46035,65831
1623824730000,19653,45681,65334
1623825029000,19638,45427,65065
1623825330000,19591,45094,64685
1623825630000,19523,44819,64342
1623825930000,19440,44431,63871
1623826229000,19364,44285,63649
1623826530000,19348,43951,63299
1623826830000,19335,43484,62819
1623827130000,19323,43182,62505
1623827430000,19343,43408,62751
1623827730000,19401,43892,63293
1623828030000,19330,43519,62849
1623828330000,19301,42264,61565
1623828630000,19102,41659,60761
1623828930000,19127,41595,60722
1623829230000,19223,42152,61375
1623829530000,19229,42673,61902
1623829829000,19381,42905,62286
1623830130000,19430,42504,61934
1623830430000,19677,42511,62188
1623830730000,19953,42350,62303
1623831029000,20129,42377,62506
1623831329000,19305,42117,61422
1623831629000,19376,42009,61385
1623831930000,19482,42123,61605
1623832230000,19569,41857,61426
1623832530000,19700,41790,61490
1623832830000,19833,41855,61688
1623833130000,19832,41791,61623
1623833430000,19835,41471,61306
1623833729000,19917,41413,61330
1623834030000,20098,41314,61412
1623834330000,20216,39818,60034
1623834630000,20362,39285,59647
1623834929000,20498,38547,59045
1623835230000,20541,37121,57662
1623835530000,20677,34971,55648
1623835829000,20697,24082,44779
1623836130000,20830,0,20830
1623836430000,20900,0,20900
1623836730000,21013,0,21013
1623837030000,21152,2215,23367
1623837330000,21224,9386,30610
1623837630000,21298,13470,34768
1623837930000,19042,11962,31004
1623838230000,17198,10634,27832
1623838530000,19247,17301,36548
1623838830000,19985,20076,40061
1623839130000,20493,22000,42493
1623839429000,20789,23231,44020
1623839730000,21050,24238,45288
1623840030000,21256,25319,46575
1623840329000,21495,26869,48364
1623840630000,21684,28435,50119
1623840930000,21848,29610,51458
1623841230000,21860,30724,52584
1623841530000,21982,31640,53622
1623841830000,22196,32910,55106
1623842130000,22423,33846,56269
1623842430000,22774,34656,57430
1623842730000,22967,35466,58433
1623843030000,23184,36023,59207
1623843387000,23488,36941,60429
1623843630000,23661,37549,61210
1623843930000,23857,38228,62085
1623844231000,24095,38906,63001
1623844530000,24354,39377,63731
1623844830000,24542,39953,64495
1623845130000,24691,40436,65127
1623845430000,24992,41072,66064
1623845730000,25187,41775,66962
1623846030000,25531,42532,68063
1623846330000,25738,43337,69075
1623846630000,26019,43913,69932
1623846930000,26265,44491,70756
1623847230000,26537,45157,71694
1623847530000,26763,45458,72221
1623847830000,27100,46088,73188
1623848130000,27458,46578,74036
1623848430000,27599,47251,74850
1623848730000,27886,47934,75820
1623849030000,28189,48611,76800
1623849330000,28465,49238,77703
1623849630000,28758,49863,78621
1623849930000,26990,50714,77704
1623850229000,27104,51384,78488
1623850530000,27335,51938,79273
1623850830000,27482,52499,79981
1623851130000,27600,52984,80584
1623851430000,27796,53522,81318
1623851730000,28049,53908,81957
1623852030000,28134,54426,82560
1623852330000,28412,55027,83439
1623852630000,28672,55469,84141
1623852930000,28896,56073,84969
1623853230000,29113,56404,85517
1623853530000,29455,57096,86551
1623853830000,29642,57656,87298
1623854130000,29985,58357,88342
1623854430000,30254,58804,89058
1623854730000,30552,59193,89745
1623855030000,30827,59445,90272
1623855330000,31053,59742,90795
1623855630000,31184,59880,91064
1623855930000,31444,60278,91722
1623856230000,31690,60631,92321
1623856530000,32003,61037,93040
1623856830000,32187,61485,93672
1623857130000,32376,61338,93714
1623857430000,32507,61619,94126
1623857730000,32736,61985,94721
1623858030000,32982,62196,95178
1623858332000,33239,62548,95787
1623858630000,33689,62810,96499
1623858930000,33963,63028,96991
1623859285000,34174,62879,97053
1623859530000,34329,62833,97162
1623859830000,34502,62925,97427
1623860130000,35171,63128,98299
1623860430000,36941,63404,100345
1623860730000,38726,63739,102465
1623861030000,39825,63709,103534
1623861330000,40459,64092,104551
1623861630000,41188,64521,105709
1623861930000,41684,64888,106572
1623862230000,40854,65126,105980
1623862530000,40876,65426,106302
1623862830000,41555,65802,107357
1623863130000,42881,66154,109035
1623863429000,43604,66743,110347
1623863729000,43866,67174,111040
1623864030000,43887,67587,111474
1623864330000,43966,67712,111678
1623864630000,43975,68074,112049
1623864929000,43854,68340,112194
1623865230000,43842,68481,112323
1623865530000,43974,68890,112864
1623865830000,44385,69160,113545
1623866129000,44242,69494,113736
1623866430000,44030,69621,113651
1623866730000,44049,69439,113488
1623867030000,44091,69856,113947
1623867330000,44139,70261,114400
1623867630000,44163,70644,114807
1623867929000,44322,71060,115382
1623868230000,44383,71276,115659
1623868531000,44431,71485,115916
1623868830000,44666,71598,116264
1623869130000,44784,72233,117017
1623869430000,44944,72433,117377
1623869730000,45022,72646,117668
1623870030000,45119,72544,117663
1623870330000,45619,72705,118324
1623870630000,46449,72920,119369
1623870929000,46400,73200,119600
1623871230000,46678,73399,120077
1623871530000,46969,73668,120637
1623871830000,46990,73554,120544
1623872130000,44287,73897,118184
1623872430000,44391,74341,118732
1623872730000,44387,74516,118903
1623873030000,7571,2474,10045
1623873330000,44637,74630,119267
1623873630000,44476,74574,119050
1623873930000,44442,74904,119346
1623874230000,44546,75056,119602
1623874530000,44557,75067,119624
1623874831000,44675,75317,119992
1623875130000,44527,75219,119746
1623875430000,44437,75049,119486
1623875730000,44245,75159,119404
1623876030000,44213,75169,119382
1623876329000,44125,75004,119129
1623876630000,45184,74761,119945
1623876930000,44981,74727,119708
1623877230000,44694,74139,118833
1623877530000,44422,73739,118161
1623877830000,44159,73685,117844
1623878130000,43915,73280,117195
1623878430000,43714,73208,116922
1623878730000,43679,72894,116573
1623879030000,43447,72592,116039
1623879330000,43305,72446,115751
1623879630000,43203,72424,115627
1623879930000,43033,72447,115480
1623880230000,42961,71797,114758
1623880530000,42801,71578,114379
1623880830000,42456,71243,113699
1623881130000,42202,70795,112997
1623881430000,42224,70106,112330
1623881729000,42275,69795,112070
1623882029000,42274,69758,112032
1623882330000,42097,69575,111672
1623882630000,42094,69509,111603
1623882930000,42024,69420,111444
1623883230000,42113,69780,111893
1623883530000,42198,69595,111793
1623883830000,41989,69317,111306
1623884130000,41878,69238,111116
1623884430000,41754,68945,110699
1623884730000,41608,68791,110399
1623885030000,41364,68477,109841
1623885330000,41317,68293,109610
1623885630000,41305,68225,109530
1623885930000,38689,68143,106832
1623886230000,38575,68042,106617
1623886530000,38497,67896,106393
1623886830000,38453,67944,106397
1623887130000,38436,68047,106483
1623887429000,38410,68280,106690
1623887730000,38657,68336,106993
1623888030000,38796,68165,106961
1623888330000,39197,68100,107297
1623888630000,39259,68311,107570
1623888930000,39210,68403,107613
1623889230000,39187,68719,107906
1623889530000,39227,68798,108025
1623889830000,39319,69217,108536
1623890129000,39270,69454,108724
1623890430000,39305,69635,108940
1623890730000,39180,69850,109030
1623891030000,39201,69857,109058
1623891330000,39035,70041,109076
1623891630000,39157,70341,109498
1623891929000,39021,70344,109365
1623892230000,38924,70340,109264
1623892530000,39098,70838,109936
1623892830000,39026,71109,110135
1623893131000,38969,70973,109942
1623893430000,38869,71109,109978
1623893730000,38867,71431,110298
1623894030000,38825,71652,110477
1623894329000,38659,71688,110347
1623894630000,38467,71658,110125
1623894930000,38383,71595,109978
1623895230000,38160,71540,109700
1623895530000,37975,71239,109214
1623895830000,37720,71067,108787
1623896130000,37539,71231,108770
1623896430000,37474,71003,108477
1623896729000,37320,70785,108105
1623897030000,37096,70373,107469
1623897330000,36944,70479,107423
1623897630000,36649,70533,107182
1623897930000,36390,70258,106648
1623898230000,36162,69785,105947
1623898530000,35835,69109,104944
1623898830000,35608,68722,104330
1623899130000,35385,68244,103629
1623899430000,35202,67626,102828
1623899730000,34889,67255,102144
1623900029000,34661,66807,101468
1623900330000,34216,66198,100414
1623900630000,33959,65560,99519
1623900930000,33786,64986,98772
1623901230000,33444,64433,97877
1623901530000,33191,63784,96975
1623901830000,32812,63166,95978
1623902130000,32467,62706,95173
1623902430000,32125,61850,93975
1623902730000,31774,61266,93040
1623903030000,31462,60544,92006
1623903330000,31320,59762,91082
1623903630000,31124,59061,90185
1623903930000,30827,58359,89186
1623904230000,30464,57734,88198
1623904530000,30240,57160,87400
1623904830000,29975,56532,86507
1623905130000,29560,56017,85577
1623905430000,29323,55327,84650
1623905730000,29006,54791,83797
1623906030000,28666,54149,82815
1623906330000,28380,53361,81741
1623906630000,28016,52756,80772
1623906930000,27780,52020,79800
1623907230000,27452,51493,78945
1623907530000,27055,50926,77981
1623907830000,26861,50479,77340
1623908130000,26441,49840,76281
1623908430000,26222,49318,75540
1623908730000,26051,48725,74776
1623909030000,25892,48082,73974
1623909330000,25673,47594,73267
1623909629000,25340,46918,72258
1623909930000,25050,46378,71428
1623910230000,24795,46082,70877
1623910530000,24600,45676,70276
1623910830000,24530,45558,70088
1623911130000,24330,45406,69736
1623911430000,24083,44989,69072
1623911731000,23942,44514,68456
1623912030000,23765,44237,68002
1623912330000,23433,43965,67398
1623912630000,23317,43728,67045
1623912930000,23292,43519,66811
1623913230000,23239,43247,66486
1623913530000,23389,42914,66303
1623913830000,23302,43050,66352
1623914130000,23347,43576,66923
1623914430000,23268,43517,66785
1623914729000,23182,42418,65600
1623915030000,23002,41733,64735
1623915330000,22997,41615,64612
1623915630000,23044,42104,65148
1623915930000,23328,42708,66036
1623916230000,23497,42684,66181
1623916530000,23725,42382,66107
1623916830000,23786,42071,65857
1623917130000,23927,42021,65948
1623917430000,23953,41963,65916
1623917730000,23945,41871,65816
1623918030000,24085,41773,65858
1623918330000,24133,41658,65791
1623918630000,24140,41403,65543
1623918930000,23513,41314,64827
1623919230000,23396,41155,64551
1623919531000,23422,41098,64520
1623919830000,23438,41105,64543
1623920130000,23401,41019,64420
1623920430000,23334,40915,64249
1623920730000,23458,41237,64695
1623921030000,23620,41198,64818
1623921330000,23792,41218,65010
1623921630000,23827,41334,65161
1623921930000,23991,41621,65612
1623922230000,23692,41453,65145
1623922530000,23745,41727,65472
1623922830000,24007,41688,65695
1623923130000,24149,41948,66097
1623923430000,24296,42079,66375
1623923730000,24391,42237,66628
1623924030000,24416,41974,66390
1623924330000,24597,42142,66739
1623924630000,24840,42205,67045
1623924930000,25082,42269,67351
1623925230000,25292,42442,67734
1623925530000,25408,42629,68037
1623925830000,25552,42593,68145
1623926130000,25717,42845,68562
1623926429000,25858,43099,68957
1623926730000,26030,43126,69156
1623927030000,26234,43171,69405
1623927330000,26334,43134,69468
1623927629000,26489,43246,69735
1623927931000,26453,43563,70016
1623928230000,26702,43919,70621
1623928530000,26956,44352,71308
1623928830000,27349,44730,72079
1623929130000,27558,45122,72680
1623929430000,27741,45560,73301
1623929729000,26633,45960,72593
1623930030000,26908,46212,73120
1623930329000,26879,46559,73438
1623930629000,27143,46668,73811
1623930930000,27421,47175,74596
1623931230000,27514,47513,75027
1623931530000,27662,47823,75485
1623931830000,27905,48293,76198
1623932130000,28197,48714,76911
1623932430000,28340,49179,77519
1623932730000,28559,49863,78422
1623933030000,28834,50502,79336
1623933330000,28880,51260,80140
1623933630000,29407,51854,81261
1623933930000,29698,52407,82105
1623934230000,30039,53118,83157
1623934530000,30424,53241,83665
1623934830000,30629,53617,84246
1623935130000,30913,54410,85323
1623935430000,31309,55154,86463
1623935730000,31703,55506,87209
1623936030000,32152,56160,88312
1623936330000,32515,56517,89032
1623936630000,32829,57039,89868
1623936930000,33086,57549,90635
1623937230000,33292,57968,91260
1623937530000,33598,58403,92001
1623937830000,33869,59055,92924
1623938130000,33997,59540,93537
1623938430000,34314,59851,94165
1623938730000,34452,60139,94591
1623939030000,34741,60631,95372
1623939330000,35057,60920,95977
1623939632000,35268,61417,96685
1623939929000,35563,61812,97375
1623940230000,35871,62487,98358
1623940530000,36016,63037,99053
1623940830000,36339,63130,99469
1623941130000,36605,63633,100238
1623941430000,36892,64175,101067
1623941731000,37147,64731,101878
1623942030000,37092,64779,101871
1623942330000,37268,64855,102123
1623942630000,36931,65313,102244
1623942930000,37385,65695,103080
1623943230000,37667,65971,103638
1623943530000,37901,66575,104476
1623943830000,38168,66638,104806
1623944130000,38360,66923,105283
1623944430000,38564,67242,105806
1623944730000,38682,67416,106098
1623945030000,38793,67574,106367
1623945330000,38845,67655,106500
1623945630000,38894,67259,106153
1623945930000,38862,67305,106167
1623946230000,39277,67249,106526
1623946530000,39443,67508,106951
1623946830000,39608,67627,107235
1623947129000,39855,67846,107701
1623947430000,39982,68012,107994
1623947729000,40108,68249,108357
1623948030000,40291,68530,108821
1623948330000,40369,68674,109043
1623948630000,40537,68871,109408
1623948930000,40646,68980,109626
1623949230000,40787,69084,109871
1623949530000,40895,69214,110109
1623949830000,41099,69406,110505
1623950130000,41275,69419,110694
1623950430000,41554,69801,111355
1623950730000,41599,70057,111656
1623951030000,41859,70476,112335
1623951330000,41947,70662,112609
1623951630000,42245,71053,113298
1623951930000,42396,71199,113595
1623952230000,42561,71573,114134
1623952530000,42652,71623,114275
1623952830000,39814,70421,110235
1623953130000,39851,70697,110548
1623953430000,39945,71568,111513
1623953730000,40165,72729,112894
1623954030000,40315,72767,113082
1623954330000,40347,73172,113519
1623954630000,40534,73448,113982
1623954930000,40619,73778,114397
1623955230000,40794,74193,114987
1623955530000,40824,74441,115265
1623955830000,40881,74271,115152
1623956130000,40813,74491,115304
1623956430000,40826,74527,115353
1623956730000,40813,74651,115464
1623957030000,40676,74560,115236
1623957329000,40765,74765,115530
1623957630000,41051,75227,116278
1623957930000,40837,75451,116288
1623958229000,40884,75599,116483
1623958530000,41096,75690,116786
1623958830000,41192,76111,117303
1623959130000,41371,76034,117405
1623959430000,41325,76217,117542
1623959730000,41351,76198,117549
1623960030000,41488,76341,117829
1623960330000,41467,76157,117624
1623960630000,41523,76073,117596
1623960930000,41285,76295,117580
1623961230000,41400,76137,117537
1623961530000,41377,76232,117609
1623961829000,41534,76050,117584
1623962130000,41536,75969,117505
1623962430000,41544,76103,117647
1623962730000,39638,76084,115722
1623963030000,39468,76011,115479
1623963330000,39325,75586,114911
1623963630000,39251,74989,114240
1623963930000,38982,74406,113388
1623964230000,38816,74199,113015
1623964530000,38743,73974,112717
1623964830000,38636,73758,112394
1623965129000,38466,73515,111981
1623965430000,38282,73423,111705
1623965730000,38231,73208,111439
1623966030000,37960,72946,110906
1623966330000,37862,72889,110751
1623966630000,37717,72445,110162
1623966930000,37560,72205,109765
1623967230000,37247,71909,109156
1623967530000,37091,71440,108531
1623967830000,36941,71243,108184
1623968130000,36754,70811,107565
1623968430000,36623,70903,107526
1623968730000,36549,70971,107520
1623969030000,36349,70681,107030
1623969330000,36148,70240,106388
1623969630000,36131,69988,106119
1623969930000,36050,69682,105732
1623970230000,36034,69464,105498
1623970530000,36167,69377,105544
1623970830000,36073,69272,105345
1623971129000,35896,69252,105148
1623971430000,35659,69349,105008
1623971730000,35600,69246,104846
1623972030000,35628,69349,104977
1623972330000,35641,69334,104975
1623972630000,35631,68925,104556
1623972930000,35506,68705,104211
1623973230000,35525,68700,104225
1623973530000,35448,68695,104143
1623973830000,35544,68674,104218
1623974130000,35576,68703,104279
1623974430000,35688,68600,104288
1623974730000,36170,68634,104804
1623975030000,36203,68741,104944
1623975330000,36333,68992,105325
1623975630000,36359,69177,105536
1623975930000,36371,69338,105709
1623976230000,36334,69335,105669
1623976530000,36255,69596,105851
1623976830000,36307,69825,106132
1623977130000,36371,69862,106233
1623977430000,36349,70060,106409
1623977730000,36288,70319,106607
1623978029000,36022,70427,106449
1623978330000,36096,70490,106586
1623978629000,36005,70755,106760
1623978930000,35823,70843,106666
1623979230000,35713,70953,106666
1623979530000,35614,71039,106653
1623979830000,35632,71111,106743
1623980130000,35611,71274,106885
1623980429000,35565,71457,107022
1623980730000,35557,71420,106977
1623981030000,35536,71318,106854
1623981330000,35415,71266,106681
1623981630000,35298,71051,106349
1623981930000,35070,70867,105937
1623982230000,34824,70704,105528
1623982530000,34714,70740,105454
1623982830000,34626,70432,105058
1623983130000,34419,70506,104925
1623983430000,34269,70471,104740
1623983730000,34159,70083,104242
1623984030000,33995,69767,103762
1623984331000,33779,69359,103138
1623984630000,33518,69172,102690
1623984930000,33282,68577,101859
1623985230000,33046,68019,101065
1623985530000,32735,67726,100461
1623985830000,32491,67244,99735
1623986130000,32267,66834,99101
1623986430000,32099,66565,98664
1623986730000,31834,65934,97768
1623987030000,31499,65477,96976
1623987330000,31248,64806,96054
1623987630000,30997,64230,95227
1623987930000,30694,63787,94481
1623988230000,30439,63363,93802
1623988529000,30217,62757,92974
1623988830000,29890,61984,91874
1623989130000,29654,61012,90666
1623989430000,29409,60516,89925
1623989730000,29131,60113,89244
1623990030000,28896,59571,88467
1623990330000,28632,58901,87533
1623990630000,28403,58233,86636
1623990930000,28080,57297,85377
1623991230000,27765,56840,84605
1623991530000,27566,56394,83960
1623991830000,27281,55906,83187
1623992130000,26988,55501,82489
1623992430000,26741,54831,81572
1623992730000,26509,54188,80697
1623993030000,26263,53638,79901
1623993329000,25993,52894,78887
1623993630000,25794,52234,78028
1623993931000,25613,51622,77235
1623994230000,25336,50992,76328
1623994530000,25079,50630,75709
1623994830000,24812,50228,75040
1623995130000,24574,49728,74302
1623995430000,24432,48978,73410
1623995730000,24301,48384,72685
1623996030000,23999,47857,71856
1623996330000,23611,47226,70837
1623996630000,23492,46851,70343
1623996930000,23481,46355,69836
1623997230000,23247,45955,69202
1623997530000,23216,45575,68791
1623997830000,22943,45275,68218
1623998130000,22794,44706,67500
1623998430000,22654,44402,67056
1623998730000,22483,43888,66371
1623999030000,22323,43608,65931
1623999330000,22210,43302,65512
1623999630000,22165,43017,65182
1623999930000,22068,42786,64854
1624000230000,22128,43121,65249
1624000530000,22246,43574,65820
1624000830000,22173,43346,65519
1624001130000,22092,42192,64284
1624001430000,22086,41560,63646
1624001730000,22045,41305,63350
1624002029000,22084,41659,63743
1624002330000,22147,42522,64669
1624002630000,22048,42478,64526
1624002929000,21585,42211,63796
1624003230000,21988,41978,63966
1624003530000,22306,41435,63741
1624003830000,22377,41587,63964
1624004130000,22433,41204,63637
1624004430000,22412,39521,61933
1624004730000,22518,40609,63127
1624005030000,22575,40559,63134
1624005330000,22639,40328,62967
1624005630000,22751,40083,62834
1624005930000,22369,39896,62265
1624006229000,22432,40111,62543
1624006530000,22527,40027,62554
1624006830000,22513,39869,62382
1624007130000,22682,39826,62508
1624007430000,22827,39797,62624
1624007730000,22840,39927,62767
1624008030000,22908,39962,62870
1624008330000,22930,40269,63199
1624008630000,23037,40367,63404
1624008930000,23239,40455,63694
1624009230000,23343,40369,63712
1624009530000,23409,40440,63849
1624009830000,23414,40548,63962
1624010130000,23496,40297,63793
1624010429000,22229,40346,62575
1624010730000,22270,40511,62781
1624011031000,22339,40454,62793
1624011330000,22464,40814,63278
1624011630000,22656,41007,63663
1624011930000,22913,41104,64017
1624012230000,23070,41168,64238
1624012530000,23277,41279,64556
1624012830000,23460,41521,64981
1624013130000,23665,41687,65352
1624013430000,23846,42003,65849
1624013730000,23966,42379,66345
1624014029000,24169,42456,66625
1624014330000,24314,42828,67142
1624014630000,24495,43235,67730
1624014930000,24883,43574,68457
1624015230000,25120,42718,67838
1624015530000,25368,44303,69671
1624015830000,25502,44963,70465
1624016129000,24909,45466,70375
1624016430000,25075,45971,71046
1624016730000,25263,46429,71692
1624017030000,25481,46712,72193
1624017330000,25793,47193,72986
1624017630000,25997,47464,73461
1624017930000,26170,47814,73984
1624018230000,26473,48351,74824
1624018530000,26742,48842,75584
1624018830000,27089,49403,76492
1624019130000,27456,50116,77572
1624019430000,27891,50632,78523
1624019730000,28318,51178,79496
1624020030000,28692,51794,80486
1624020330000,29025,52455,81480
1624020630000,29421,52894,82315
1624020930000,29597,52909,82506
1624021230000,29886,53923,83809
1624021530000,30276,54446,84722
1624021830000,30678,55055,85733
1624022130000,30201,55728,85929
1624022430000,30484,56352,86836
1624022730000,30733,56874,87607
1624023029000,30914,57406,88320
1624023330000,31167,57887,89054
1624023630000,31481,58527,90008
1624023930000,31203,58877,90080
1624024230000,31574,59355,90929
1624024530000,31843,59959,91802
1624024830000,31966,59982,91948
1624025129000,32163,60428,92591
1624025430000,32391,60897,93288
1624025730000,32584,61286,93870
1624026030000,32891,61886,94777
1624026330000,33261,62324,95585
1624026630000,33580,62423,96003
1624026930000,33791,62885,96676
1624027230000,34003,63336,97339
1624027530000,33982,63791,97773
1624027830000,34343,64091,98434
1624028130000,34565,64447,99012
1624028430000,34935,64623,99558
1624028730000,35047,64806,99853
1624029030000,35349,65440,100789
1624029330000,35564,65876,101440
1624029629000,35900,66377,102277
1624029930000,36074,66488,102562
1624030230000,36249,66826,103075
1624030530000,36529,66986,103515
1624030831000,36892,67136,104028
1624031129000,37176,67460,104636
1624031430000,37373,67489,104862
1624031730000,35984,67443,103427
1624032030000,35925,67452,103377
1624032330000,35873,67446,103319
1624032630000,35950,67479,103429
1624032930000,35910,67661,103571
1624033230000,35886,67731,103617
1624033530000,36009,67868,103877
1624033830000,36033,67862,103895
1624034130000,36143,68152,104295
1624034430000,36213,68245,104458
1624034730000,36211,68416,104627
1624035030000,36297,68606,104903
1624035330000,36272,68850,105122
1624035630000,36342,68688,105030
1624035930000,36459,68821,105280
1624036230000,36569,69043,105612
1624036530000,36669,69199,105868
1624036830000,36724,69493,106217
1624037130000,36829,69677,106506
1624037429000,36863,70057,106920
1624037730000,37157,70356,107513
1624038030000,37239,70488,107727
1624038330000,37373,70589,107962
1624038629000,37420,70928,108348
1624038930000,37538,71001,108539
1624039230000,37659,69363,107022
1624039530000,37729,69632,107361
1624039830000,37959,70184,108143
1624040130000,38055,71276,109331
1624040430000,38191,72154,110345
1624040730000,38338,72347,110685
1624041030000,38343,72496,110839
1624041330000,38426,72640,111066
1624041630000,38423,72626,111049
1624041930000,38460,72880,111340
1624042229000,38485,73024,111509
1624042530000,38545,72953,111498
1624042830000,38370,72652,111022
1624043130000,38413,72701,111114
1624043430000,38494,72910,111404
1624043730000,38459,73164,111623
1624044030000,38588,73528,112116
1624044330000,38661,73533,112194
1624044630000,38682,73841,112523
1624044931000,38815,74292,113107
1624045230000,38897,74419,113316
1624045530000,38984,74678,113662
1624045830000,39039,74772,113811
1624046130000,39063,74863,113926
1624046430000,39093,74782,113875
1624046730000,38967,74693,113660
1624047030000,38804,74761,113565
1624047330000,38723,74907,113630
1624047630000,38750,74960,113710
1624047930000,38803,75020,113823
1624048230000,38777,75141,113918
1624048530000,38726,74984,113710
1624048830000,38793,74888,113681
1624049130000,38576,74851,113427
1624049430000,38486,74515,113001
1624049730000,38462,74545,113007
1624050030000,38307,74431,112738
1624050330000,38224,74428,112652
1624050629000,38222,74407,112629
1624050930000,38183,74580,112763
1624051230000,38156,74559,112715
1624051530000,38081,74581,112662
1624051830000,37952,74382,112334
1624052130000,37895,73981,111876
1624052430000,37547,74158,111705
1624052730000,37488,73886,111374
1624053030000,37426,73754,111180
1624053330000,37329,73549,110878
1624053630000,37173,73229,110402
1624053930000,36984,72785,109769
1624054230000,36834,72447,109281
1624054530000,36804,72282,109086
1624054830000,36760,72072,108832
1624055130000,36753,71771,108524
1624055430000,36457,71444,107901
1624055730000,36465,71142,107607
1624056030000,36388,70879,107267
1624056330000,36249,70486,106735
1624056630000,36231,70085,106316
1624056930000,36016,70009,106025
1624057230000,35823,69778,105601
1624057530000,35658,69222,104880
1624057830000,35613,69115,104728
1624058130000,35507,69005,104512
1624058430000,35483,68920,104403
1624058729000,35471,68841,104312
1624059030000,35320,68768,104088
1624059330000,35244,68469,103713
1624059630000,35230,68392,103622
1624059930000,35219,68309,103528
1624060229000,35217,68406,103623
1624060530000,35159,68219,103378
1624060830000,35322,68050,103372
1624061130000,35587,67934,103521
1624061429000,35708,67825,103533
1624061730000,35572,67902,103474
1624062029000,35524,67970,103494
1624062330000,35526,67883,103409
1624062630000,35551,68160,103711
1624062930000,35424,68136,103560
1624063230000,35319,68353,103672
1624063530000,35343,68541,103884
1624063829000,35333,68594,103927
1624064130000,35391,68759,104150
1624064430000,35373,68601,103974
1624064730000,35350,68755,104105
1624065030000,35341,68887,104228
1624065330000,35390,69065,104455
1624065630000,35387,69265,104652
1624065930000,35375,69405,104780
1624066230000,35380,69566,104946
1624066529000,35270,69721,104991
1624066829000,35269,69884,105153
1624067130000,35275,70038,105313
1624067430000,35230,70119,105349
1624067730000,35147,70068,105215
1624068029000,34876,70093,104969
1624068330000,34820,70183,105003
1624068630000,34786,70136,104922
1624068930000,34601,70215,104816
1624069230000,34509,70197,104706
1624069530000,34489,70182,104671
1624069830000,34473,70036,104509
1624070130000,34392,70085,104477
1624070430000,34239,70084,104323
1624070730000,34152,70018,104170
1624071030000,33988,70027,104015
1624071330000,33903,69951,103854
1624071629000,33698,69554,103252
1624071930000,33642,69025,102667
1624072230000,33532,68651,102183
1624072529000,33408,68537,101945
1624072830000,33171,68136,101307
1624073130000,32978,67903,100881
1624073430000,32751,67479,100230
1624073730000,32522,67021,99543
1624074029000,32249,66646,98895
1624074330000,32103,66231,98334
1624074630000,31937,65933,97870
1624074930000,31710,65480,97190
1624075230000,31453,64776,96229
1624075530000,31197,64249,95446
1624075830000,30927,63703,94630
1624076130000,30740,63456,94196
1624076430000,30527,62921,93448
1624076730000,30374,62547,92921
1624077030000,30017,62113,92130
1624077330000,29724,61501,91225
1624077630000,29524,61131,90655
1624077930000,29291,60638,89929
1624078229000,29048,60073,89121
1624078530000,28735,59503,88238
1624078829000,28418,58931,87349
1624079130000,28097,58163,86260
1624079430000,27791,57595,85386
1624079730000,27528,56498,84026
1624080029000,27303,56383,83686
1624080330000,26937,55825,82762
1624080630000,26751,55273,82024
1624080930000,26569,54530,81099
1624081230000,26312,54110,80422
1624081530000,26101,53668,79769
1624081829000,25820,52908,78728
1624082130000,25687,52316,78003
1624082430000,25408,51626,77034
1624082730000,25079,50959,76038
1624083030000,24878,50359,75237
1624083330000,24716,49850,74566
1624083630000,24627,49050,73677
1624083930000,24420,48662,73082
1624084230000,24068,48085,72153
1624084530000,23895,47615,71510
1624084830000,23789,47221,71010
1624085130000,23587,46695,70282
1624085430000,23418,46211,69629
1624085730000,23333,45865,69198
1624086030000,23211,45549,68760
1624086330000,22983,44964,67947
1624086630000,22835,45142,67977
1624086929000,22891,45724,68615
1624087230000,22951,45449,68400
1624087529000,22865,44243,67108
1624087829000,22938,43374,66312
1624088130000,22629,42964,65593
1624088430000,22558,43294,65852
1624088730000,22573,43805,66378
1624089030000,22833,43748,66581
1624089330000,23046,43571,66617
1624089630000,23148,43169,66317
1624089930000,23142,42918,66060
1624090230000,23125,42616,65741
1624090530000,23082,42644,65726
1624090830000,23045,42483,65528
1624091130000,23091,42402,65493
1624091429000,23058,42352,65410
1624091730000,22925,42190,65115
1624092030000,22470,42084,64554
1624092329000,22375,42038,64413
1624092630000,22486,41982,64468
1624092930000,22578,41910,64488
1624093230000,22677,41424,64101
1624093530000,22857,41747,64604
1624093830000,22990,41864,64854
1624094130000,23113,41701,64814
1624094430000,23288,41320,64608
1624094730000,23605,41822,65427
1624095030000,23865,41929,65794
1624095329000,24013,42087,66100
1624095630000,24223,41935,66158
1624095930000,24359,41936,66295
1624096229000,24527,42064,66591
1624096530000,24663,42162,66825
1624096830000,23812,42315,66127
1624097130000,23865,42418,66283
1624097430000,24025,42782,66807
1624097730000,23970,42950,66920
1624098030000,24111,43320,67431
1624098330000,24231,43650,67881
1624098630000,24306,43850,68156
1624098930000,24507,43947,68454
1624099230000,24590,44196,68786
1624099530000,24755,44583,69338
1624099830000,24873,44966,69839
1624100130000,24963,45161,70124
1624100430000,25123,45270,70393
1624100730000,25200,45513,70713
1624101030000,25475,45859,71334
1624101330000,25684,46283,71967
1624101630000,25855,46844,72699
1624101930000,26109,47232,73341
1624102229000,26264,47444,73708
1624102530000,26357,47809,74166
1624102830000,26498,48232,74730
1624103130000,26766,48555,75321
1624103430000,27120,49228,76348
1624103730000,27342,49711,77053
1624104030000,27344,50044,77388
1624104330000,27527,50407,77934
1624104630000,27699,50809,78508
1624104930000,27804,51253,79057
1624105230000,28065,51687,79752
1624105530000,28233,52200,80433
1624105830000,28407,52646,81053
1624106130000,28738,53160,81898
1624106430000,29081,53782,82863
1624106729000,29318,54288,83606
1624107030000,29447,54549,83996
1624107330000,29701,55062,84763
1624107630000,29774,55576,85350
1624107930000,30109,56197,86306
1624108230000,30435,56723,87158
1624108530000,30646,57334,87980
1624108830000,31000,57895,88895
1624109130000,31195,58548,89743
1624109430000,31419,58890,90309
1624109731000,31619,59354,90973
1624110030000,31885,59958,91843
1624110330000,32055,60475,92530
1624110630000,32305,61000,93305
1624110930000,32664,61379,94043
1624111230000,32866,61649,94515
1624111530000,33022,62079,95101
1624111830000,33278,62387,95665
1624112130000,33665,62897,96562
1624112430000,33998,63459,97457
1624112730000,34091,63792,97883
1624113030000,34332,64307,98639
1624113330000,34480,64641,99121
1624113630000,34794,65159,99953
1624113930000,34974,65598,100572
1624114230000,35206,65957,101163
1624114530000,35200,66127,101327
1624114830000,35340,66596,101936
1624115130000,35530,66881,102411
1624115430000,35581,67177,102758
1624115730000,35677,67707,103384
1624116031000,35891,67604,103495
1624116330000,36003,68565,104568
1624116630000,36135,68912,105047
1624116930000,36212,69188,105400
1624117230000,36379,69229,105608
1624117530000,36378,68935,105313
1624117830000,36530,68804,105334
1624118130000,36723,68631,105354
1624118430000,36778,68502,105280
1624118730000,36155,68419,104574
1624119030000,36309,68502,104811
1624119330000,36441,68807,105248
1624119630000,36454,69079,105533
1624119930000,36543,69117,105660
1624120230000,36839,69204,106043
1624120530000,36950,69219,106169
1624120830000,36967,69210,106177
1624121130000,36922,69084,106006
1624121430000,36947,69139,106086
1624121730000,37135,69336,106471
1624122030000,37392,69538,106930
1624122330000,37466,69710,107176
1624122629000,37556,69671,107227
1624122930000,37629,69952,107581
1624123230000,37774,70002,107776
1624123529000,37856,70307,108163
1624123830000,38048,70376,108424
1624124130000,38271,70482,108753
1624124430000,38330,70713,109043
1624124730000,38344,71022,109366
1624125030000,38450,71214,109664
1624125330000,38432,71433,109865
1624125630000,38507,69921,108428
1624125930000,38637,70278,108915
1624126230000,38773,70965,109738
1624126529000,38902,72205,111107
1624126830000,39050,73059,112109
1624127130000,39157,73411,112568
1624127430000,39167,73579,112746
1624127730000,39300,73878,113178
1624128030000,39392,74058,113450
1624128330000,39481,74366,113847
1624128630000,39447,74501,113948
1624128930000,39567,74766,114333
1624129230000,39739,75021,114760
1624129530000,39780,75180,114960
1624129830000,39879,75632,115511
1624130130000,39949,75816,115765
1624130430000,40026,75945,115971
1624130730000,40074,76112,116186
1624131030000,40212,76309,116521
1624131329000,40184,76447,116631
1624131630000,40208,76596,116804
1624131930000,40238,76673,116911
1624132229000,40241,76857,117098
1624132530000,40216,76899,117115
1624132830000,40226,77009,117235
1624133130000,40222,76869,117091
1624133430000,40341,76882,117223
1624133730000,40239,76790,117029
1624134029000,40259,76984,117243
1624134330000,40253,77087,117340
1624134629000,40273,77198,117471
1624134929000,40226,77305,117531
1624135230000,40268,77155,117423
1624135530000,40134,77090,117224
1624135830000,40059,76986,117045
1624136130000,39966,76903,116869
1624136430000,39827,76648,116475
1624136730000,39773,76632,116405
1624137030000,39828,76689,116517
1624137329000,39795,76869,116664
1624137630000,39716,76952,116668
1624137930000,39719,76950,116669
1624138229000,39555,76608,116163
1624138530000,39413,76457,115870
1624138830000,39484,76198,115682
1624139130000,39310,76038,115348
1624139430000,39370,75844,115214
1624139730000,39251,75501,114752
1624140030000,39023,75216,114239
1624140330000,38765,74862,113627
1624140629000,38606,74804,113410
1624140930000,38624,74580,113204
1624141230000,38353,74395,112748
1624141530000,38244,74239,112483
1624141829000,38084,73868,111952
1624142130000,37988,73530,111518
1624142430000,37869,73134,111003
1624142730000,37775,72850,110625
1624143030000,37665,72563,110228
1624143330000,37500,72311,109811
1624143630000,37305,71894,109199
1624143930000,37117,71748,108865
1624144230000,36932,71457,108389
1624144530000,36876,71141,108017
1624144830000,36839,70807,107646
1624145130000,36665,70782,107447
1624145430000,36493,70428,106921
1624145730000,36527,70129,106656
1624146030000,36398,70198,106596
1624146330000,36313,70094,106407
1624146629000,36291,69739,106030
1624146930000,36334,69454,105788
1624147229000,36314,69098,105412
1624147530000,36547,69053,105600
1624147830000,36587,68743,105330
1624148130000,36527,68823,105350
1624148430000,36515,68984,105499
1624148730000,36325,69162,105487
1624149030000,36104,69207,105311
1624149330000,36271,69143,105414
1624149630000,36075,69201,105276
1624149930000,36078,69155,105233
1624150230000,36065,69107,105172
1624150530000,36089,69221,105310
1624150829000,36100,69256,105356
1624151130000,36150,69457,105607
1624151430000,36092,69469,105561
1624151729000,36012,69451,105463
1624152030000,35949,69472,105421
1624152329000,35892,69506,105398
1624152629000,35780,69740,105520
1624152930000,35707,69654,105361
1624153230000,35688,70040,105728
1624153529000,35614,70080,105694
1624153830000,35494,70312,105806
1624154130000,35415,70247,105662
1624154429000,35305,70123,105428
1624154730000,35159,70193,105352
1624155030000,35044,70518,105562
1624155329000,34993,70701,105694
1624155630000,35028,70438,105466
1624155930000,35031,70567,105598
1624156230000,35022,70127,105149
1624156530000,34875,68948,103823
1624156830000,34823,69150,103973
1624157129000,34736,69907,104643
1624157429000,34618,69740,104358
1624157730000,34442,69555,103997
1624158030000,34425,69269,103694
1624158330000,34295,68854,103149
1624158630000,33927,68693,102620
1624158930000,33768,68552,102320
1624159230000,33649,68345,101994
1624159530000,33502,68108,101610
1624159830000,33323,67738,101061
1624160130000,33179,67622,100801
1624160429000,33089,67410,100499
1624160730000,32934,67156,100090
1624161030000,32769,66788,99557
1624161330000,32470,66390,98860
1624161630000,32170,65860,98030
1624161930000,31917,65503,97420
1624162230000,31731,64907,96638
1624162530000,31557,64420,95977
1624162830000,31252,63874,95126
1624163130000,31020,63534,94554
1624163430000,30735,62909,93644
1624163730000,30599,62221,92820
1624164029000,30408,61783,92191
1624164330000,30211,61281,91492
1624164630000,29897,60842,90739
1624164930000,29687,60316,90003
1624165230000,29433,59890,89323
1624165531000,29202,58526,87728
1624165830000,28864,57921,86785
1624166130000,28652,57253,85905
1624166430000,28374,56746,85120
1624166730000,28143,56094,84237
1624167030000,27887,55588,83475
1624167330000,27727,55069,82796
1624167630000,27512,54296,81808
1624167929000,27308,53821,81129
1624168230000,26999,53274,80273
1624168530000,26799,52670,79469
1624168830000,26590,51941,78531
1624169130000,26342,51159,77501
1624169429000,26087,50493,76580
1624169730000,25813,50006,75819
1624170029000,25619,49601,75220
1624170330000,25467,49213,74680
1624170630000,25246,48675,73921
1624170929000,25017,48112,73129
1624171230000,24950,47774,72724
1624171530000,24805,47393,72198
1624171830000,24573,46848,71421
1624172130000,24474,46555,71029
1624172429000,24384,46073,70457
1624172729000,24235,45645,69880
1624173030000,24117,45680,69797
1624173330000,23990,46082,70072
1624173630000,23955,46011,69966
1624173930000,23912,44748,68660
1624174230000,23735,44075,67810
1624174530000,23658,43734,67392
1624174830000,23693,44281,67974
1624175130000,23610,44910,68520
1624175430000,23588,44995,68583
1624175729000,23819,44955,68774
1624176030000,23955,44777,68732
1624176330000,24052,44521,68573
1624176630000,24130,44359,68489
1624176930000,24189,44293,68482
1624177229000,24291,44214,68505
1624177530000,24240,43943,68183
1624177829000,24233,43887,68120
1624178130000,24370,43901,68271
1624178430000,24355,43980,68335
1624178730000,24180,43873,68053
1624179029000,24192,43602,67794
1624179330000,24285,43421,67706
1624179629000,24346,43339,67685
1624179930000,24458,43163,67621
1624180230000,24460,43228,67688
1624180530000,24590,43214,67804
1624180830000,24595,43081,67676
1624181130000,24667,43361,68028
1624181430000,24763,43486,68249
1624181730000,24876,43682,68558
1624182029000,24916,43798,68714
1624182330000,24998,43996,68994
1624182630000,25029,44113,69142
1624182930000,25108,44018,69126
1624183230000,25035,44346,69381
1624183530000,25186,44652,69838
1624183830000,25301,44714,70015
1624184130000,25343,44701,70044
1624184430000,25463,44937,70400
1624184730000,25573,44997,70570
1624185030000,25635,45224,70859
1624185330000,25860,45117,70977
1624185630000,25890,45247,71137
1624185930000,25954,45452,71406
1624186230000,26015,45468,71483
1624186530000,26169,46010,72179
1624186830000,26370,46340,72710
1624187130000,26554,46415,72969
1624187430000,26724,46593,73317
1624187730000,26886,46882,73768
1624188030000,27032,47258,74290
1624188329000,27279,47664,74943
1624188629000,27515,47958,75473
1624188930000,27754,48408,76162
1624189229000,28000,48894,76894
1624189530000,28086,49256,77342
1624189830000,28298,49395,77693
1624190130000,28451,49690,78141
1624190430000,28609,50041,78650
1624190730000,28809,50428,79237
1624191030000,28923,50997,79920
1624191330000,28920,51475,80395
1624191630000,29053,51755,80808
1624191930000,29253,52167,81420
1624192230000,29324,52653,81977
1624192529000,29645,52874,82519
1624192829000,29866,53343,83209
1624193129000,30051,53751,83802
1624193430000,30302,54130,84432
1624193729000,30469,54549,85018
1624194030000,30598,55034,85632
1624194329000,30878,55357,86235
1624194630000,31176,55915,87091
1624194930000,31487,56452,87939
1624195230000,31911,57103,89014
1624195530000,32165,57775,89940
1624195830000,32464,58326,90790
1624196129000,32698,58637,91335
1624196430000,32912,58893,91805
1624196730000,33160,59257,92417
1624197029000,33460,59746,93206
1624197330000,33666,60337,94003
1624197630000,33901,60628,94529
1624197930000,34124,60750,94874
1624198230000,34259,60803,95062
1624198530000,34474,61114,95588
1624198830000,34735,61720,96455
1624199130000,34915,62105,97020
1624199430000,35022,62226,97248
1624199730000,35210,62562,97772
1624200029000,35381,62930,98311
1624200330000,35628,63350,98978
1624200630000,35665,63793,99458
1624200929000,35909,64574,100483
1624201230000,36078,64868,100946
1624201529000,36378,65235,101613
1624201830000,36518,65846,102364
1624202130000,36780,66050,102830
1624202430000,37027,66556,103583
1624202730000,37175,67011,104186
1624203030000,37371,67141,104512
1624203330000,37427,67404,104831
1624203629000,37594,67575,105169
1624203929000,37837,67795,105632
1624204230000,37904,67174,105078
1624204530000,37874,67033,104907
1624204830000,37969,67089,105058
1624205130000,38078,67286,105364
1624205430000,38131,67423,105554
1624205730000,38262,67551,105813
1624206030000,38354,67951,106305
1624206330000,38533,68369,106902
1624206630000,38580,68674,107254
1624206930000,38705,68973,107678
1624207230000,38841,68987,107828
1624207530000,39021,69354,108375
1624207829000,39185,69682,108867
1624208129000,39295,69920,109215
1624208430000,39435,70115,109550
1624208730000,39445,70325,109770
1624209030000,39611,70415,110026
1624209330000,39656,70465,110121
1624209630000,39845,70681,110526
1624209930000,39991,71042,111033
1624210229000,40072,71222,111294
1624210530000,40165,71650,111815
1624210829000,40306,71787,112093
1624211130000,40435,71874,112309
1624211430000,40510,71926,112436
1624211729000,40618,72271,112889
1624212030000,40737,72219,112956
1624212330000,40869,72679,113548
1624212630000,41018,73287,114305
1624212930000,41186,73856,115042
1624213230000,41294,74289,115583
1624213530000,41487,74572,116059
1624213829000,41625,74935,116560
1624214130000,41941,75456,117397
1624214430000,42039,75708,117747
1624214730000,42086,76007,118093
1624215030000,42226,76258,118484
1624215330000,42267,76443,118710
1624215629000,42336,76699,119035
1624215930000,42420,76961,119381
1624216230000,42515,77119,119634
1624216530000,42590,77285,119875
1624216830000,42643,77519,120162
1624217129000,42801,77698,120499
1624217430000,42776,78018,120794
1624217730000,42801,77960,120761
1624218030000,42801,78300,121101
1624218329000,42805,78415,121220
1624218630000,42812,78333,121145
1624218929000,42840,78314,121154
1624219230000,42886,78490,121376
1624219529000,42780,78287,121067
1624219830000,42441,77901,120342
1624220130000,42574,77804,120378
1624220429000,42530,77753,120283
1624220730000,42411,77665,120076
1624221031000,42327,77548,119875
1624221330000,42217,77371,119588
1624221630000,42032,77166,119198
1624221930000,41977,76908,118885
1624222230000,41894,76821,118715
1624222530000,41718,76613,118331
1624222830000,41441,76134,117575
1624223131000,41309,75787,117096
1624223430000,41109,75211,116320
1624223730000,40958,74927,115885
1624224029000,40815,74682,115497
1624224330000,40544,74299,114843
1624224629000,40404,73879,114283
1624224930000,40095,73352,113447
1624225230000,39969,73138,113107
1624225530000,39864,72688,112552
1624225829000,39657,72346,112003
1624226130000,39429,72010,111439
1624226430000,39007,71538,110545
1624226730000,38802,71251,110053
1624227030000,38670,70894,109564
1624227330000,38449,70586,109035
1624227630000,38196,70474,108670
1624227930000,37951,70077,108028
1624228230000,37759,69673,107432
1624228530000,37674,69462,107136
1624228830000,37607,69257,106864
1624229130000,37390,68986,106376
1624229430000,37238,68556,105794
1624229730000,37083,68312,105395
1624230031000,36848,67965,104813
1624230330000,36711,67738,104449
1624230630000,36642,67383,104025
1624230930000,36490,67187,103677
1624231230000,36400,66865,103265
1624231530000,36191,66659,102850
1624231830000,36148,66125,102273
1624232130000,36269,66070,102339
1624232429000,36354,65896,102250
1624232731000,36272,65791,102063
1624233030000,36296,65918,102214
1624233330000,36346,65922,102268
1624233630000,36420,65886,102306
1624233930000,36923,66009,102932
1624234230000,36915,65765,102680
1624234590000,37008,65807,102815
1624234829000,37000,65826,102826
1624235130000,36965,65978,102943
1624235430000,36888,66244,103132
1624235730000,36943,66624,103567
1624236030000,36954,66991,103945
1624236330000,37022,67127,104149
1624236630000,36941,67643,104584
1624236930000,36876,67796,104672
1624237230000,36792,68005,104797
1624237530000,36682,68088,104770
1624237830000,36512,68467,104979
1624238130000,36467,68473,104940
1624238430000,36499,68638,105137
1624238730000,36616,68728,105344
1624239031000,36527,68837,105364
1624239330000,36494,68969,105463
1624239629000,36497,69060,105557
1624239930000,36371,69053,105424
1624240230000,36312,69205,105517
1624240530000,36204,69241,105445
1624240830000,36233,68943,105176
1624241130000,36089,68820,104909
1624241430000,35944,68685,104629
1624241730000,35660,68566,104226
1624242029000,35434,68399,103833
1624242330000,35258,68298,103556
1624242630000,35080,68031,103111
1624242930000,34875,67746,102621
1624243230000,34576,67615,102191
1624243530000,34328,67259,101587
1624243830000,34149,66932,101081
1624244130000,33922,66637,100559
1624244430000,33779,66345,100124
1624244731000,33417,65944,99361
1624245030000,33308,65543,98851
1624245331000,32990,65099,98089
1624245630000,32510,64607,97117
1624245931000,32690,64236,96926
1624246230000,32490,63608,96098
1624246531000,32166,63184,95350
1624246830000,31798,62816,94614
1624247131000,31493,62245,93738
1624247430000,31045,61329,92374
1624247731000,30867,60707,91574
1624248029000,30641,59870,90511
1624248331000,30318,59384,89702
1624248630000,30096,58794,88890
1624248931000,29430,58100,87530
1624249230000,29138,57522,86660
1624249531000,28843,57005,85848
1624249830000,28601,56459,85060
1624250131000,28324,55904,84228
1624250430000,28037,55338,83375
1624250731000,27926,54818,82744
1624251030000,27581,54376,81957
1624251331000,27435,53647,81082
1624251630000,26975,53100,80075
1624251931000,26684,52361,79045
1624252230000,26401,51593,77994
1624252530000,26185,51182,77367
1624252830000,25938,50721,76659
1624253131000,25625,50199,75824
1624253429000,25359,49431,74790
1624253731000,25076,49012,74088
1624254030000,24862,48652,73514
1624254331000,24701,47947,72648
1624254629000,24565,47232,71797
1624254931000,24378,46662,71040
1624255230000,24225,46224,70449
1624255531000,23930,45525,69455
1624255830000,23634,45045,68679
1624256131000,23379,44563,67942
1624256430000,23288,44475,67763
1624256731000,23176,44130,67306
1624257030000,23008,43945,66953
1624257331000,22927,43343,66270
1624257629000,22714,42978,65692
1624257931000,22455,42630,65085
1624258230000,22276,42368,64644
1624258531000,22142,41832,63974
1624258829000,21962,41558,63520
1624259131000,21905,41421,63326
1624259430000,21858,41860,63718
1624259731000,21483,42435,63918
1624260030000,21154,42427,63581
1624260331000,21285,41367,62652
1624260629000,21400,40793,62193
1624260931000,21284,40444,61728
1624261230000,21388,41170,62558
1624261531000,21359,41764,63123
1624261830000,21251,41663,62914
1624262131000,20975,41185,62160
1624262430000,21036,41224,62260
1624262731000,21253,41525,62778
1624263030000,21493,41550,63043
1624263331000,21778,41496,63274
1624263630000,21969,41572,63541
1624263931000,22037,41427,63464
1624264230000,22163,41315,63478
1624264531000,22230,41160,63390
1624264830000,22385,41188,63573
1624265131000,22477,41113,63590
1624265430000,22533,40984,63517
1624265731000,22679,40918,63597
1624266030000,22892,41029,63921
1624266332000,23060,41237,64297
1624266630000,23166,41166,64332
1624266931000,23222,41191,64413
1624267230000,23349,41240,64589
1624267531000,23418,41063,64481
1624267830000,23600,40985,64585
1624268132000,23388,41017,64405
1624268430000,23185,41195,64380
1624268732000,22809,41360,64169
1624269030000,21854,41263,63117
1624269332000,21114,41428,62542
1624269630000,8805,41440,50245
1624269932000,6724,41427,48151
1624270230000,11545,41351,52896
1624270532000,13913,41362,55275
1624270830000,15575,41545,57120
1624271132000,16726,41645,58371
1624271430000,17873,41721,59594
1624271732000,18845,41885,60730
1624272030000,19617,42263,61880
1624272332000,20472,42368,62840
1624272630000,21220,42487,63707
1624272932000,21656,42925,64581
1624273230000,22220,42638,64858
1624273532000,22671,42830,65501
1624273830000,23077,43289,66366
1624274132000,23560,43710,67270
1624274430000,24014,44075,68089
1624274732000,24509,44553,69062
1624275030000,24956,44755,69711
1624275332000,25332,45126,70458
1624275630000,25729,45591,71320
1624275932000,26192,45868,72060
1624276230000,26352,45970,72322
1624276532000,26603,46039,72642
1624276830000,26870,45964,72834
1624277132000,27204,46340,73544
1624277430000,27427,46903,74330
1624277732000,27678,47531,75209
1624278030000,27972,48049,76021
1624278332000,28353,48550,76903
1624278630000,28572,49075,77647
1624278932000,28856,49374,78230
1624279230000,29250,49945,79195
1624279532000,29527,50461,79988
1624279830000,29801,51054,80855
1624280132000,30069,51548,81617
1624280430000,30330,52091,82421
1624280732000,30607,52496,83103
1624281030000,30941,53126,84067
1624281332000,31304,53801,85105
1624281630000,31538,54397,85935
1624281932000,31949,55068,87017
1624282230000,32079,55328,87407
1624282532000,32500,55856,88356
1624282830000,32676,56423,89099
1624283132000,32852,56937,89789
1624283430000,33124,57443,90567
1624283732000,33392,57977,91369
1624284030000,33574,58097,91671
1624284332000,33783,58597,92380
1624284630000,34113,59049,93162
1624284932000,34279,59490,93769
1624285230000,34449,59939,94388
1624285532000,34633,60331,94964
1624285830000,34825,60723,95548
1624286132000,35213,60927,96140
1624286430000,35506,61639,97145
1624286732000,35744,62342,98086
1624287030000,35914,62782,98696
1624287332000,36186,63109,99295
1624287630000,36340,63278,99618
1624287933000,36570,63618,100188
1624288230000,36850,64175,101025
1624288533000,36917,64552,101469
1624288831000,37071,64880,101951
1624289132000,37205,65375,102580
1624289430000,37482,65764,103246
1624289732000,37687,65833,103520
1624290030000,37734,66141,103875
1624290332000,38049,66388,104437
1624290630000,38085,66691,104776
1624290932000,38101,66622,104723
1624291230000,38063,66178,104241
1624291533000,38141,65720,103861
1624291830000,38315,65905,104220
1624292133000,38322,66243,104565
1624292430000,38505,66511,105016
1624292733000,38653,67149,105802
1624293030000,38791,67369,106160
1624293332000,38996,67586,106582
1624293630000,39132,67671,106803
1624293933000,39348,67910,107258
1624294230000,39431,68167,107598
1624294533000,39450,68537,107987
1624294829000,39468,68843,108311
1624295129000,39436,68795,108231
1624295430000,39892,69145,109037
1624295730000,39960,69592,109552
1624296030000,40074,69922,109996
1624296333000,40181,70338,110519
1624296630000,40523,70782,111305
1624296929000,40505,70958,111463
1624297230000,40917,71234,112151
1624297533000,41020,71499,112519
1624297830000,40320,71788,112108
1624298130000,40227,72075,112302
1624298430000,40458,70955,111413
1624298730000,41765,71353,113118
1624299031000,41922,72246,114168
1624299333000,42169,73468,115637
1624299630000,42419,74020,116439
1624299933000,42605,74290,116895
1624300230000,42736,74602,117338
1624300533000,42929,74954,117883
1624300830000,42971,75316,118287
1624301130000,43077,75693,118770
1624301430000,43133,75980,119113
1624301730000,43157,76119,119276
1624302030000,43274,76015,119289
1624302333000,43408,76315,119723
1624302630000,43509,76879,120388
1624302929000,43505,77219,120724
1624303230000,43431,77462,120893
1624303530000,43580,77679,121259
1624303830000,43646,77724,121370
1624304130000,43648,77900,121548
1624304430000,43761,78091,121852
1624304730000,43845,78148,121993
1624305030000,43797,78234,122031
1624305330000,43792,78263,122055
1624305630000,43683,78246,121929
1624305930000,43582,78196,121778
1624306229000,43462,78190,121652
1624306554000,43508,78371,121879
1624306588000,43531,78427,121958
1624306830000,43458,78407,121865
1624307130000,42741,78346,121087
1624307430000,42492,78317,120809
1624307730000,42386,78201,120587
1624308030000,42240,78363,120603
1624308330000,42144,78277,120421
1624308630000,42039,77918,119957
1624308930000,41675,77510,119185
1624309230000,41597,77151,118748
1624309530000,41425,76959,118384
1624309830000,41309,76600,117909
1624310130000,41196,76433,117629
1624310430000,41028,76382,117410
1624310730000,40985,76223,117208
1624311030000,40815,75956,116771
1624311330000,40633,74070,114703
1624311630000,40609,74373,114982
1624311929000,40541,74324,114865
1624312230000,40338,74460,114798
1624312530000,40193,74267,114460
1624312830000,39955,73935,113890
1624313130000,39785,73357,113142
1624313441000,39682,73221,112903
1624313730000,39498,73220,112718
1624314030000,39465,73000,112465
1624314330000,39284,72638,111922
1624314629000,39123,72419,111542
1624314930000,39105,72225,111330
1624315230000,39066,72225,111291
1624315530000,39024,72045,111069
1624315830000,38891,71763,110654
1624316130000,38896,71520,110416
1624316430000,38854,71197,110051
1624316730000,38806,71105,109911
1624317030000,38708,71323,110031
1624317330000,38542,71200,109742
1624317630000,38404,71092,109496
1624317930000,38425,71021,109446
1624318230000,38345,70823,109168
1624318530000,38419,70797,109216
1624318839000,38503,71024,109527
1624319130000,38463,71081,109544
1624319430000,38527,71027,109554
1624319730000,38487,71038,109525
1624320030000,38606,70860,109466
1624320330000,39165,70716,109881
1624320630000,39166,70813,109979
1624320930000,39317,70976,110293
1624321230000,39289,71353,110642
1624321530000,39347,71594,110941
1624321830000,39307,71658,110965
1624322130000,39266,71875,111141
1624322430000,39190,72067,111257
1624322730000,38844,72142,110986
1624323031000,38865,72363,111228
1624323330000,38781,72502,111283
1624323630000,38660,72376,111036
1624323930000,38596,72404,111000
1624324230000,38724,72450,111174
1624324530000,38663,72719,111382
1624324830000,38636,72822,111458
1624325130000,38634,73128,111762
1624325430000,38379,73360,111739
1624325730000,38296,73369,111665
1624326029000,38262,73292,111554
1624326329000,38033,73198,111231
1624326630000,38097,73173,111270
1624326930000,37675,73061,110736
1624327230000,37614,72910,110524
1624327530000,37475,72799,110274
1624327829000,37262,72672,109934
1624328130000,37054,72429,109483
1624328430000,36924,72330,109254
1624328729000,36725,72049,108774
1624329030000,36409,71879,108288
1624329330000,36198,71400,107598
1624329630000,36000,71119,107119
1624329930000,35786,70772,106558
1624330230000,35616,70339,105955
1624330530000,35410,69884,105294
1624330830000,35057,69255,104312
1624331130000,34673,68679,103352
1624331430000,34384,68135,102519
1624331730000,34197,67453,101650
1624332030000,33966,66953,100919
1624332330000,33608,66391,99999
1624332629000,33193,65755,98948
1624332930000,32893,65190,98083
1624333230000,32616,64678,97294
1624333530000,32465,64108,96573
1624333830000,32125,63519,95644
1624334130000,31914,62745,94659
1624334430000,31588,61872,93460
1624334730000,31193,61056,92249
1624335030000,30852,60379,91231
1624335330000,30679,59845,90524
1624335630000,30328,59157,89485
1624335930000,30095,58403,88498
1624336230000,29794,57879,87673
1624336530000,29409,57318,86727
1624336830000,29151,56552,85703
1624337130000,28806,55933,84739
1624337430000,28458,55202,83660
1624337730000,28275,54544,82819
1624338029000,28083,53892,81975
1624338330000,27696,53159,80855
1624338630000,27242,52585,79827
1624338929000,26985,51899,78884
1624339230000,26654,51485,78139
1624339529000,26406,50847,77253
1624339830000,26147,50337,76484
1624340130000,25898,49789,75687
1624340430000,25639,49246,74885
1624340730000,25433,48649,74082
1624341030000,25005,46917,71922
1624341330000,24901,47114,72015
1624341630000,24662,46454,71116
1624341930000,24499,45633,70132
1624342230000,24301,45048,69349
1624342530000,24151,44607,68758
1624342830000,24013,44393,68406
1624343130000,22781,43955,66736
1624343430000,23515,43725,67240
1624343729000,22363,43289,65652
1624344029000,22288,42811,65099
1624344330000,22189,42583,64772
1624344629000,22141,42269,64410
1624344930000,22027,41943,63970
1624345230000,21988,41629,63617
1624345530000,21928,41442,63370
1624345830000,21587,41812,63399
1624346130000,21540,42336,63876
1624346430000,21525,42041,63566
1624346730000,21564,40959,62523
1624347030000,21523,40381,61904
1624347330000,21604,40142,61746
1624347630000,21600,40710,62310
1624347930000,21582,41397,62979
1624348230000,21450,41506,62956
1624348530000,21586,41442,63028
1624348830000,21778,41100,62878
1624349130000,21925,41030,62955
1624349430000,22025,40936,62961
1624349730000,22034,40736,62770
1624350030000,21844,40730,62574
1624350330000,21852,40566,62418
1624350630000,21813,40185,61998
1624350930000,21861,40072,61933
1624351230000,21912,40042,61954
1624351530000,21966,39864,61830
1624351830000,22061,39716,61777
1624352130000,22119,38858,60977
1624352430000,22119,39769,61888
1624352730000,22210,39770,61980
1624353030000,22359,39841,62200
1624353330000,22506,39789,62295
1624353630000,22667,39974,62641
1624353931000,22642,38570,61212
1624354230000,22671,38700,61371
1624354530000,22870,38643,61513
1624354830000,22953,38539,61492
1624355130000,23040,38614,61654
1624355430000,23147,38720,61867
1624355730000,23144,38709,61853
1624356030000,23168,38625,61793
1624356330000,23187,38551,61738
1624356630000,23355,38451,61806
1624356930000,23521,38728,62249
1624357230000,23688,38768,62456
1624357530000,23726,38979,62705
1624357830000,23813,39234,63047
1624358130000,23880,39486,63366
1624358430000,23991,39583,63574
1624358730000,24118,39896,64014
1624359030000,24141,40038,64179
1624359330000,24262,40289,64551
1624359630000,24384,40301,64685
1624359930000,24567,40488,65055
1624360230000,24622,40885,65507
1624360530000,24861,41270,66131
1624360830000,25049,41620,66669
1624361130000,25514,41988,67502
1624361430000,25691,42228,67919
1624361730000,25904,42446,68350
1624362030000,26108,42784,68892
1624362330000,26272,43176,69448
1624362630000,26535,43597,70132
1624362930000,26759,44013,70772
1624363231000,26915,44334,71249
1624363530000,27160,44703,71863
1624363830000,27433,45293,72726
1624364131000,27592,45769,73361
1624364430000,27862,46237,74099
1624364730000,28173,46690,74863
1624365030000,28442,47214,75656
1624365330000,28748,47774,76522
1624365630000,28979,48433,77412
1624365930000,29381,48965,78346
1624366230000,29675,49695,79370
1624366530000,29982,50137,80119
1624366830000,29368,50637,80005
1624367130000,29682,50926,80608
1624367430000,30043,51455,81498
1624367729000,30313,52117,82430
1624368030000,30588,52687,83275
1624368330000,30806,53302,84108
1624368630000,30976,53963,84939
1624368930000,31236,54528,85764
1624369230000,31462,55125,86587
1624369530000,31769,55475,87244
1624369830000,31804,56001,87805
1624370130000,32220,56593,88813
1624370429000,32327,57109,89436
1624370730000,32717,57664,90381
1624371030000,32945,58174,91119
1624371330000,33224,58687,91911
1624371630000,33415,58984,92399
1624371930000,33571,59408,92979
1624372230000,33779,59877,93656
1624372530000,33977,60388,94365
1624372830000,34252,61141,95393
1624373130000,34504,61811,96315
1624373430000,34695,62179,96874
1624373730000,34888,62641,97529
1624374030000,34980,63110,98090
1624374330000,35202,63351,98553
1624374630000,35310,63633,98943
1624374930000,35538,64219,99757
1624375230000,35751,64782,100533
1624375530000,35955,65028,100983
1624375830000,36070,65309,101379
1624376130000,36254,65742,101996
1624376430000,36400,66006,102406
1624376730000,36600,66434,103034
1624377030000,36737,66607,103344
1624377330000,36892,66524,103416
1624377630000,37047,66520,103567
1624377930000,37148,66241,103389
1624378230000,37288,66174,103462
1624378530000,37562,66253,103815
1624378830000,37934,66428,104362
1624379130000,38188,66873,105061
1624379430000,38316,67111,105427
1624379730000,38536,67067,105603
1624380030000,38783,67065,105848
1624380330000,38995,67262,106257
1624380631000,39324,67691,107015
1624380930000,39525,67783,107308
1624381230000,39684,67791,107475
1624381530000,39828,68172,108000
1624381830000,40005,68598,108603
1624382130000,40223,68926,109149
1624382430000,40480,69282,109762
1624382730000,40775,69837,110612
1624383030000,40976,70007,110983
1624383330000,41381,70318,111699
1624383630000,41677,70570,112247
1624383929000,41899,70505,112404
1624384230000,42220,70819,113039
1624384530000,40037,71113,111150
1624384830000,40235,71363,111598
1624385130000,40250,71405,111655
1624385430000,40522,71795,112317
1624385729000,40600,72175,112775
1624386030000,40763,72499,113262
1624386330000,40848,72814,113662
1624386630000,40848,72961,113809
1624386929000,40905,73372,114277
1624387230000,40843,73681,114524
1624387530000,40257,74018,114275
1624387830000,40398,74236,114634
1624388130000,40467,74154,114621
1624388430000,40396,74035,114431
1624388730000,40416,73943,114359
1624389030000,40785,74209,114994
1624389330000,40998,74377,115375
1624389630000,41114,74863,115977
1624389930000,41316,75094,116410
1624390230000,41423,75192,116615
1624390530000,41491,75429,116920
1624390830000,41677,75594,117271
1624391130000,41833,75718,117551
1624391430000,41986,76078,118064
1624391730000,42207,76078,118285
1624392030000,42297,76093,118390
1624392330000,42282,76044,118326
1624392630000,40742,76227,116969
1624392930000,40874,76448,117322
1624393230000,40743,76411,117154
1624393530000,40721,76315,117036
1624393830000,40722,76208,116930
1624394130000,40662,76150,116812
1624394429000,40523,76082,116605
1624394730000,40509,75756,116265
1624395030000,40438,75636,116074
1624395330000,40194,75137,115331
1624395630000,39888,74921,114809
1624395930000,39896,74813,114709
1624396230000,39822,74683,114505
1624396530000,39723,74686,114409
1624396830000,39647,74710,114357
1624397130000,39436,74411,113847
1624397430000,39234,74239,113473
1624397730000,38974,74076,113050
1624398030000,38944,74011,112955
1624398330000,38823,73668,112491
1624398630000,38688,73173,111861
1624398930000,38614,73052,111666
1624399231000,38403,72718,111121
1624399530000,38162,72317,110479
1624399830000,37984,71927,109911
1624400130000,37803,71623,109426
1624400429000,37574,71529,109103
1624400730000,37485,71179,108664
1624401030000,37417,71027,108444
1624401330000,37291,71167,108458
1624401630000,37253,70674,107927
1624401930000,37095,70529,107624
1624402230000,37153,70263,107416
1624402530000,36990,70170,107160
1624402830000,36821,69909,106730
1624403130000,36721,69622,106343
1624403430000,36634,69345,105979
1624403730000,36424,68995,105419
1624404030000,36386,69114,105500
1624404330000,36417,68875,105292
1624404630000,36306,68778,105084
1624404930000,36242,68544,104786
1624405230000,36415,68505,104920
1624405530000,36371,68702,105073
1624405830000,36448,68663,105111
1624406130000,36495,68473,104968
1624406430000,36569,68453,105022
1624406730000,37111,68631,105742
1624407030000,37284,68885,106169
1624407330000,37460,69018,106478
1624407630000,37483,69270,106753
1624407930000,37568,69465,107033
1624408230000,37485,69710,107195
1624408530000,37363,69794,107157
1624408830000,37349,70268,107617
1624409130000,37209,70315,107524
1624409429000,37366,70422,107788
1624409729000,37296,70413,107709
1624410030000,37306,70578,107884
1624410330000,37238,70613,107851
1624410630000,37116,70753,107869
1624410930000,37151,70810,107961
1624411230000,37155,70906,108061
1624411530000,37068,70945,108013
1624411830000,36957,71044,108001
1624412130000,36903,71274,108177
1624412430000,36747,71262,108009
1624412729000,36520,71341,107861
1624413029000,36443,71419,107862
1624413330000,36312,71408,107720
1624413631000,36233,71304,107537
1624413929000,36043,71130,107173
1624414230000,35969,70825,106794
1624414530000,35829,70750,106579
1624414829000,35517,70555,106072
1624415130000,35361,70287,105648
1624415430000,35220,69808,105028
1624415730000,34980,69590,104570
1624416030000,34719,69359,104078
1624416330000,34498,68891,103389
1624416630000,34348,68520,102868
1624416930000,34126,67883,102009
1624417230000,33895,67532,101427
1624417530000,33528,66857,100385
1624417830000,33234,66142,99376
1624418130000,32875,65719,98594
1624418430000,32526,65285,97811
1624418730000,32228,64823,97051
1624419029000,31769,64185,95954
1624419330000,31482,63599,95081
1624419630000,31225,63009,94234
1624419930000,30967,62221,93188
1624420230000,30641,61200,91841
1624420530000,30336,60672,91008
1624420829000,29956,59944,89900
1624421130000,29486,59169,88655
1624421430000,29267,58503,87770
1624421730000,29023,57822,86845
1624422029000,28811,57154,85965
1624422330000,28549,56472,85021
1624422630000,28223,55809,84032
1624422930000,27915,55384,83299
1624423230000,27676,54858,82534
1624423530000,27479,54310,81789
1624423830000,27215,53651,80866
1624424130000,26999,53246,80245
1624424430000,26608,52614,79222
1624424730000,26303,51792,78095
1624425030000,25951,51357,77308
1624425330000,25733,50664,76397
1624425630000,25625,49968,75593
1624425930000,25316,49403,74719
1624426229000,25048,48836,73884
1624426530000,24785,48324,73109
1624426829000,24574,47833,72407
1624427129000,24426,47311,71737
1624427430000,24247,46846,71093
1624427730000,24019,46220,70239
1624428030000,23895,45736,69631
1624428330000,23641,45081,68722
1624428630000,23400,44633,68033
1624428930000,23363,44237,67600
1624429230000,23216,43595,66811
1624429530000,23132,43327,66459
1624429829000,22944,43079,66023
1624430130000,22836,42368,65204
1624430430000,22672,42302,64974
1624430730000,22548,42060,64608
1624431030000,22368,41598,63966
1624431330000,22231,41409,63640
1624431630000,22091,41112,63203
1624431930000,21921,40587,62508
1624432230000,21674,40933,62607
1624432530000,21531,41362,62893
1624432829000,21536,41266,62802
1624433130000,21564,40003,61567
1624433429000,21290,39350,60640
1624433730000,21306,39265,60571
1624434029000,21193,39538,60731
1624434330000,21162,40197,61359
1624434630000,21212,40377,61589
1624434930000,21026,40122,61148
1624435230000,21157,39993,61150
1624435530000,21186,39888,61074
1624435831000,21272,39909,61181
1624436129000,21334,39924,61258
1624436430000,21524,39916,61440
1624436730000,21597,39761,61358
1624437030000,21743,39672,61415
1624437330000,21908,39425,61333
1624437630000,22040,39408,61448
1624437930000,22149,39436,61585
1624438230000,22305,39341,61646
1624438529000,22491,39236,61727
1624438830000,22713,39025,61738
1624439130000,22902,38966,61868
1624439431000,23017,38941,61958
1624439730000,23168,39141,62309
1624440030000,23227,39259,62486
1624440330000,23310,39401,62711
1624440631000,23434,39289,62723
1624440930000,23443,39262,62705
1624441230000,23533,39509,63042
1624441530000,23547,39654,63201
1624441830000,23730,39536,63266
1624442130000,23803,39681,63484
1624442431000,23838,39543,63381
1624442730000,23985,38813,62798
1624443031000,24244,38161,62405
1624443330000,24205,37587,61792
1624443630000,24285,36400,60685
1624443930000,24320,34308,58628
1624444230000,23947,9164,33111
1624444530000,24624,13182,37806
1624444830000,24832,18509,43341
1624445130000,24957,21564,46521
1624445429000,25085,24632,49717
1624445730000,25146,27310,52456
1624446030000,25191,28769,53960
1624446330000,25343,30211,55554
1624446629000,25485,31503,56988
1624446930000,25788,32687,58475
1624447230000,26106,33370,59476
1624447530000,26303,34409,60712
1624447830000,26477,35291,61768
1624448129000,26619,36149,62768
1624448430000,26844,36968,63812
1624448730000,27163,37936,65099
1624449030000,27389,38657,66046
1624449330000,27655,39259,66914
1624449630000,27717,40009,67726
1624449930000,28047,40744,68791
1624450230000,28277,41727,70004
1624450530000,28550,42510,71060
1624450830000,28840,43445,72285
1624451130000,29121,44084,73205
1624451430000,29448,44794,74242
1624451730000,29753,45624,75377
1624452030000,28038,46291,74329
1624452330000,28189,46670,74859
1624452630000,28442,47257,75699
1624452930000,28762,47884,76646
1624453229000,29084,48492,77576
1624453530000,29180,49164,78344
1624453830000,29433,50072,79505
1624454130000,29573,50810,80383
1624454430000,29921,51429,81350
1624454730000,30224,52218,82442
1624455030000,30495,52786,83281
1624455330000,30647,53691,84338
1624455630000,30893,54161,85054
1624455930000,31108,54733,85841
1624456230000,31342,55030,86372
1624456530000,31597,55779,87376
1624456830000,31682,55984,87666
1624457130000,31945,56597,88542
1624457430000,32206,57006,89212
1624457730000,32346,57649,89995
1624458030000,32571,58280,90851
1624458330000,32678,58741,91419
1624458630000,32834,59165,91999
1624458930000,33127,59837,92964
1624459230000,33355,60260,93615
1624459530000,33508,60740,94248
1624459830000,33662,61290,94952
1624460129000,33787,61707,95494
1624460430000,33977,61815,95792
1624460730000,34182,62287,96469
1624461030000,34281,62617,96898
1624461330000,34372,62886,97258
1624461630000,34516,63340,97856
1624461930000,34750,63609,98359
1624462230000,34881,63832,98713
1624462530000,34947,64215,99162
1624462829000,35141,64623,99764
1624463130000,35203,65002,100205
1624463430000,35358,64521,99879
1624463730000,35441,65234,100675
1624464030000,35476,64919,100395
1624464331000,35575,65163,100738
1624464630000,35638,64981,100619
1624464930000,35729,65016,100745
1624465230000,35806,65205,101011
1624465530000,36084,65698,101782
1624465830000,36115,65789,101904
1624466130000,36274,65842,102116
1624466430000,36197,66045,102242
1624466730000,36516,66315,102831
1624467030000,36735,66564,103299
1624467330000,36959,66632,103591
1624467630000,37030,66738,103768
1624467930000,37209,66793,104002
1624468230000,37355,67152,104507
1624468530000,37371,67397,104768
1624468830000,37555,67614,105169
1624469130000,37689,68112,105801
1624469430000,37648,68591,106239
1624469729000,37819,68841,106660
1624470030000,37990,69013,107003
1624470330000,38122,69272,107394
1624470630000,38219,69393,107612
1624470930000,38223,69085,107308
1624471230000,38306,68042,106348
1624471530000,38376,68570,106946
1624471830000,38521,69427,107948
1624472130000,38695,70558,109253
1624472431000,38819,71092,109911
1624472730000,39025,71320,110345
1624473030000,39166,71927,111093
1624473330000,39507,72262,111769
1624473630000,39736,72880,112616
1624473930000,39828,72947,112775
1624474230000,39854,73159,113013
1624474530000,39891,73225,113116
1624474830000,39795,73348,113143
1624475130000,39786,73454,113240
1624475430000,39783,73779,113562
1624475730000,39831,74119,113950
1624476030000,39782,74402,114184
1624476330000,39868,74579,114447
1624476630000,39875,74548,114423
1624476930000,39881,74827,114708
1624477229000,39993,74847,114840
1624477530000,39948,75001,114949
1624477830000,39997,75032,115029
1624478130000,39898,73726,113624
1624478430000,39872,73767,113639
1624478730000,39886,73836,113722
1624479030000,39712,74019,113731
1624479330000,39953,73984,113937
1624479630000,39927,73861,113788
1624479930000,39846,73588,113434
1624480230000,39676,73512,113188
1624480530000,39546,73592,113138
1624480830000,39364,73416,112780
1624481130000,39345,73454,112799
1624481430000,39085,73311,112396
1624481730000,38887,73090,111977
1624482029000,38499,72582,111081
1624482330000,38416,71831,110247
1624482630000,38311,71619,109930
1624482930000,38229,71553,109782
1624483230000,38208,71745,109953
1624483530000,38051,71465,109516
1624483830000,37978,71463,109441
1624484130000,37935,71228,109163
1624484430000,37953,71292,109245
1624484729000,37931,71026,108957
1624485030000,37827,70779,108606
1624485330000,37749,70397,108146
1624485630000,37437,70052,107489
1624485930000,37136,69560,106696
1624486230000,36987,69195,106182
1624486530000,36813,68975,105788
1624486830000,36688,68858,105546
1624487130000,36616,68788,105404
1624487429000,36438,68578,105016
1624487730000,36254,68405,104659
1624488030000,36213,68224,104437
1624488330000,36132,68207,104339
1624488630000,36133,67992,104125
1624488930000,35922,67813,103735
1624489230000,35860,67516,103376
1624489530000,35644,67277,102921
1624489830000,35563,67159,102722
1624490130000,35447,66965,102412
1624490429000,35480,66695,102175
1624490730000,35457,66777,102234
1624491029000,35504,66867,102371
1624491329000,35423,66708,102131
1624491630000,35455,66633,102088
1624491930000,35494,66660,102154
1624492230000,35468,66849,102317
1624492530000,35609,66517,102126
1624492830000,35681,66512,102193
1624493130000,36124,66360,102484
1624493430000,36367,66666,103033
1624493730000,36463,66786,103249
1624494030000,36481,66968,103449
1624494330000,36512,67093,103605
1624494630000,36413,67202,103615
1624494931000,36410,67273,103683
1624495230000,36420,67483,103903
1624495530000,36316,67855,104171
1624495830000,36216,67883,104099
1624496130000,36343,68158,104501
1624496430000,36338,68179,104517
1624496730000,36249,68220,104469
1624497030000,36233,68290,104523
1624497330000,36064,68334,104398
1624497630000,36131,68239,104370
1624497930000,36079,68483,104562
1624498230000,35946,68702,104648
1624498530000,36039,68627,104666
1624498830000,35848,68890,104738
1624499130000,35726,69034,104760
1624499431000,35647,68873,104520
1624499730000,35517,68707,104224
1624500030000,35300,68441,103741
1624500330000,35089,68364,103453
1624500630000,35035,68410,103445
1624500930000,34935,68340,103275
1624501230000,34841,68291,103132
1624501530000,34661,68272,102933
1624501830000,34494,68067,102561
1624502130000,34379,67972,102351
1624502430000,34212,67648,101860
1624502730000,34009,67255,101264
1624503030000,33855,66885,100740
1624503329000,33558,66437,99995
1624503630000,33329,65982,99311
1624503930000,33072,65628,98700
1624504230000,32855,64989,97844
1624504530000,32611,64486,97097
1624504830000,32392,64107,96499
1624505130000,32142,63824,95966
1624505430000,31857,63288,95145
1624505730000,31655,62792,94447
1624506030000,31254,62375,93629
1624506329000,30965,61848,92813
1624506630000,30631,61284,91915
1624506930000,30400,60744,91144
1624507230000,30100,60188,90288
1624507530000,29833,59168,89001
1624507830000,29589,58337,87926
1624508129000,29203,57621,86824
1624508430000,28975,57072,86047
1624508730000,28608,56797,85405
1624509030000,28252,56119,84371
1624509330000,27952,55484,83436
1624509630000,27734,54703,82437
1624509930000,27589,54022,81611
1624510230000,27350,53328,80678
1624510530000,27029,52738,79767
1624510829000,26760,51972,78732
1624511130000,26381,51287,77668
1624511430000,26103,50501,76604
1624511730000,25858,49905,75763
1624512030000,25600,49526,75126
1624512330000,25372,48981,74353
1624512630000,25145,48406,73551
1624512930000,24720,47645,72365
1624513229000,24525,47256,71781
1624513530000,24405,46775,71180
1624513830000,24135,46517,70652
1624514130000,23818,46128,69946
1624514430000,23530,45370,68900
1624514730000,23207,44525,67732
1624515029000,22896,43820,66716
1624515329000,22821,43578,66399
1624515630000,22798,43378,66176
1624515930000,22700,43059,65759
1624516230000,22546,42820,65366
1624516530000,22438,42512,64950
1624516830000,22417,42101,64518
1624517130000,22280,41895,64175
1624517429000,22177,41462,63639
1624517730000,22153,41202,63355
1624518030000,21969,40905,62874
1624518330000,21818,40691,62509
1624518630000,21715,40840,62555
1624518930000,21571,41276,62847
1624519229000,21435,40963,62398
1624519530000,21243,40068,61311
1624519830000,21092,39667,60759
1624520130000,20901,39501,60402
1624520430000,20929,39883,60812
1624520730000,20944,40239,61183
1624521030000,20819,40192,61011
1624521330000,20632,40044,60676
1624521630000,20704,39867,60571
1624521930000,20811,39637,60448
1624522230000,20894,39691,60585
1624522530000,20945,39654,60599
1624522830000,20996,39429,60425
1624523130000,21080,39184,60264
1624523430000,21113,39162,60275
1624523730000,21166,38999,60165
1624524030000,21203,38823,60026
1624524331000,21151,38823,59974
1624524630000,21143,38645,59788
1624524930000,21230,38542,59772
1624525230000,21311,38549,59860
1624525530000,21405,38507,59912
1624525829000,21514,38613,60127
1624526130000,21462,38418,59880
1624526430000,21639,38500,60139
1624526730000,21739,38386,60125
1624527030000,21981,38232,60213
1624527330000,22051,38208,60259
1624527630000,22143,38279,60422
1624527930000,22234,38543,60777
1624528230000,22296,38677,60973
1624528530000,22335,38681,61016
1624528830000,22457,38684,61141
1624529130000,22556,38776,61332
1624529430000,22718,38780,61498
1624529730000,22838,38038,60876
1624530030000,22953,38182,61135
1624530330000,23153,38406,61559
1624530630000,23244,38414,61658
1624530930000,23482,38787,62269
1624531230000,23690,39188,62878
1624531530000,23972,39422,63394
1624531829000,24020,39836,63856
1624532130000,24221,39948,64169
1624532430000,23545,40193,63738
1624532730000,23682,40268,63950
1624533030000,23867,40562,64429
1624533330000,24081,40850,64931
1624533630000,24286,41306,65592
1624533930000,24541,41631,66172
1624534230000,24686,41992,66678
1624534530000,24867,42471,67338
1624534830000,25076,42830,67906
1624535130000,25245,43353,68598
1624535430000,25424,43660,69084
1624535730000,25598,43950,69548
1624536030000,25601,44220,69821
1624536330000,25602,44567,70169
1624536630000,25793,45055,70848
1624536930000,25922,45671,71593
1624537230000,26173,45931,72104
1624537530000,26359,46623,72982
1624537830000,26517,47156,73673
1624538130000,26697,47774,74471
1624538430000,27077,48332,75409
1624538730000,27156,48668,75824
1624539030000,27432,49456,76888
1624539330000,27548,49918,77466
1624539630000,27770,50435,78205
1624539930000,27946,50892,78838
1624540230000,28118,51401,79519
1624540530000,28465,52026,80491
1624540830000,28736,52511,81247
1624541130000,29080,52896,81976
1624541430000,29436,53487,82923
1624541730000,29758,54021,83779
1624542030000,29944,54645,84589
1624542330000,30364,55459,85823
1624542630000,30640,55957,86597
1624542930000,30939,56521,87460
1624543230000,31243,56987,88230
1624543530000,31439,57364,88803
1624543830000,31721,57708,89429
1624544130000,31948,58204,90152
1624544430000,32223,58522,90745
1624544730000,32500,58918,91418
1624545030000,32659,59206,91865
1624545330000,33011,59845,92856
1624545630000,33368,60479,93847
1624545930000,33493,60913,94406
1624546230000,33787,61258,95045
1624546530000,33983,61699,95682
1624546830000,34121,61988,96109
1624547130000,34358,62089,96447
1624547430000,34579,62587,97166
1624547730000,34895,63039,97934
1624548030000,35041,63311,98352
1624548330000,35342,63446,98788
1624548631000,35508,63621,99129
1624548930000,35727,64098,99825
1624549229000,35887,64400,100287
1624549530000,35906,64479,100385
1624549830000,36208,64627,100835
1624550130000,36482,64786,101268
1624550430000,34561,64611,99172
1624550730000,34380,64667,99047
1624551030000,34643,64707,99350
1624551332000,34875,65135,100010
1624551630000,35226,65410,100636
1624551930000,35409,65565,100974
1624552230000,35647,65504,101151
1624552530000,35729,65616,101345
1624552830000,35912,65884,101796
1624553130000,36079,66054,102133
1624553431000,37500,66231,103731
1624553730000,37782,66536,104318
1624554030000,37980,66326,104306
1624554330000,38193,66246,104439
1624554629000,38476,66400,104876
1624554930000,38475,66662,105137
1624555230000,38765,66929,105694
1624555530000,38940,67449,106389
1624555830000,39185,67897,107082
1624556130000,39375,68083,107458
1624556430000,38095,68386,106481
1624556730000,38298,68876,107174
1624557030000,38501,69127,107628
1624557330000,38633,69347,107980
1624557630000,38723,69202,107925
1624557930000,37527,69311,106838
1624558230000,38881,69938,108819
1624558530000,38927,70328,109255
1624558830000,38985,70578,109563
1624559130000,39056,70907,109963
1624559430000,39072,71296,110368
1624559730000,39212,71620,110832
1624560030000,39336,72001,111337
1624560329000,38141,72327,110468
1624560630000,38324,72704,111028
1624560930000,38323,73844,112167
1624561230000,38301,74280,112581
1624561530000,38423,74228,112651
1624561830000,38462,74328,112790
1624562129000,38471,73561,112032
1624562430000,38610,74747,113357
1624562730000,38684,74660,113344
1624563030000,38670,74881,113551
1624563331000,38686,75189,113875
1624563630000,38863,75313,114176
1624563930000,38914,75598,114512
1624564230000,38824,75310,114134
1624564530000,38935,75775,114710
1624564830000,38789,75653,114442
1624565130000,40173,75346,115519
1624565430000,39968,75572,115540
1624565730000,40054,75806,115860
1624566030000,40161,75639,115800
1624566330000,40083,75610,115693
1624566630000,40065,75599,115664
1624566930000,40012,75590,115602
1624567230000,39939,75562,115501
1624567530000,39896,75700,115596
1624567830000,39880,75559,115439
1624568130000,39641,75549,115190
1624568430000,39534,75037,114571
1624568730000,39290,74608,113898
1624569030000,39143,74187,113330
1624569330000,39058,74269,113327
1624569630000,38994,73887,112881
1624569930000,38780,73575,112355
1624570230000,38609,72231,110840
1624570530000,38429,71799,110228
1624570830000,38322,72974,111296
1624571130000,38169,71597,109766
1624571429000,38018,71122,109140
1624571730000,37910,71077,108987
1624572030000,37784,70700,108484
1624572330000,37575,70228,107803
1624572630000,37432,69743,107175
1624572930000,37286,69640,106926
1624573230000,37225,69371,106596
1624573530000,37107,69330,106437
1624573830000,36939,69420,106359
1624574130000,36790,69024,105814
1624574430000,36610,69003,105613
1624574730000,36575,68314,104889
1624575030000,36401,68234,104635
1624575330000,36275,67973,104248
1624575630000,36175,67811,103986
1624575930000,36005,67479,103484
1624576230000,35919,67498,103417
1624576530000,35938,67438,103376
1624576830000,35880,67562,103442
1624577130000,35820,67512,103332
1624577430000,35831,67341,103172
1624577730000,35786,66937,102723
1624578029000,35821,67108,102929
1624578330000,35737,66947,102684
1624578630000,35757,67055,102812
1624578930000,35800,66554,102354
1624579230000,35955,66335,102290
1624579530000,36465,66403,102868
1624579830000,36551,66456,103007
1624580130000,36534,66634,103168
1624580429000,36589,66701,103290
1624580730000,36394,67064,103458
1624581030000,36348,67215,103563
1624581330000,36321,67160,103481
1624581630000,36232,67423,103655
1624581930000,36262,67530,103792
1624582230000,36264,67404,103668
1624582530000,36250,67461,103711
1624582830000,36303,67629,103932
1624583130000,36223,67704,103927
1624583430000,36150,67794,103944
1624583730000,36015,67988,104003
1624584030000,35960,68062,104022
1624584330000,35859,68347,104206
1624584630000,35729,68415,104144
1624584930000,35669,68516,104185
1624585230000,35665,68941,104606
1624585530000,35617,68964,104581
1624585830000,35385,68898,104283
1624586130000,35244,68778,104022
1624586430000,35178,68698,103876
1624586730000,35047,68481,103528
1624587030000,35029,68301,103330
1624587330000,34886,68180,103066
1624587630000,34697,68011,102708
1624587930000,34503,68130,102633
1624588230000,34351,67939,102290
1624588530000,34060,67715,101775
1624588830000,33853,67535,101388
1624589130000,33625,67213,100838
1624589430000,33384,66914,100298
1624589730000,33159,66419,99578
1624590030000,33012,65918,98930
1624590329000,32783,65277,98060
1624590630000,32492,64949,97441
1624590930000,32334,64513,96847
1624591230000,32087,64088,96175
1624591530000,31835,63430,95265
1624591830000,31742,62950,94692
1624592130000,31525,62529,94054
1624592430000,31233,62119,93352
1624592729000,30997,61553,92550
1624593030000,30728,60786,91514
1624593330000,30553,60040,90593
1624593630000,30346,59431,89777
1624593930000,30057,58838,88895
1624594230000,29680,58241,87921
1624594530000,29394,57464,86858
1624594830000,29159,56809,85968
1624595130000,28905,56177,85082
1624595430000,28677,55442,84119
1624595730000,28382,54875,83257
1624596030000,28145,54422,82567
1624596330000,27878,53957,81835
1624596630000,27608,53432,81040
1624596930000,27138,52731,79869
1624597230000,26728,52023,78751
1624597530000,26491,51451,77942
1624597830000,26245,51083,77328
1624598130000,26021,50328,76349
1624598430000,25771,49696,75467
1624598730000,25550,49071,74621
1624599030000,25383,48368,73751
1624599330000,25146,47881,73027
1624599630000,24998,47445,72443
1624599930000,24713,46924,71637
1624600230000,24533,46453,70986
1624600530000,24185,45991,70176
1624600830000,23966,45502,69468
1624601130000,23853,44814,68667
1624601430000,23627,44293,67920
1624601730000,23493,43880,67373
1624602030000,23431,43501,66932
1624602330000,23208,43213,66421
1624602630000,22995,42916,65911
1624602930000,22981,42529,65510
1624603230000,21549,42145,63694
1624603530000,21438,41718,63156
1624603830000,21313,41557,62870
1624604130000,21134,41288,62422
1624604430000,21006,40927,61933
1624604730000,20804,40803,61607
1624605029000,20714,41241,61955
1624605330000,20364,41786,62150
1624605630000,20399,41522,61921
1624605930000,20378,40279,60657
1624606230000,20274,39655,59929
1624606530000,20277,39347,59624
1624606830000,20241,39930,60171
1624607130000,20213,40589,60802
1624607430000,20203,40551,60754
1624607730000,20195,40253,60448
1624608030000,20253,40112,60365
1624608330000,20212,40233,60445
1624608630000,20095,39941,60036
1624608930000,20160,39846,60006
1624609229000,20433,39734,60167
1624609530000,20665,39552,60217
1624609829000,20741,39308,60049
1624610130000,20878,39225,60103
1624610430000,21051,39332,60383
1624610729000,21097,39189,60286
1624611030000,21243,39156,60399
1624611329000,21413,39146,60559
1624611630000,21425,39086,60511
1624611930000,21571,39110,60681
1624612230000,21694,38656,60350
1624612530000,21745,38747,60492
1624612830000,21844,39057,60901
1624613130000,21990,38836,60826
1624613431000,22115,37936,60051
1624613730000,22215,38939,61154
1624614030000,22370,38871,61241
1624614330000,22534,38967,61501
1624614630000,22555,39279,61834
1624614930000,22623,39517,62140
1624615230000,22579,39419,61998
1624615530000,22740,39144,61884
1624615830000,22842,39163,62005
1624616130000,22948,39279,62227
1624616430000,23119,39326,62445
1624616730000,23231,39703,62934
1624617030000,23359,39866,63225
1624617330000,22333,40246,62579
1624617630000,22549,40235,62784
1624617929000,22741,40505,63246
1624618230000,22982,40169,63151
1624618530000,23133,39803,62936
1624618830000,22948,39940,62888
1624619131000,23311,40150,63461
1624619430000,23657,40674,64331
1624619730000,23869,40882,64751
1624620029000,23984,41369,65353
1624620330000,24144,41772,65916
1624620630000,24461,42138,66599
1624620930000,24691,42402,67093
1624621229000,24913,42788,67701
1624621530000,25060,43061,68121
1624621830000,25322,43411,68733
1624622129000,25469,43587,69056
1624622430000,25697,43716,69413
1624622730000,25978,44379,70357
1624623030000,26131,44833,70964
1624623330000,25043,45467,70510
1624623630000,25274,45865,71139
1624623930000,25565,46481,72046
1624624230000,25668,46933,72601
1624624530000,25922,47543,73465
1624624830000,26303,48170,74473
1624625130000,26521,48474,74995
1624625430000,26563,49135,75698
1624625730000,26819,49681,76500
1624626030000,27069,50181,77250
1624626330000,27344,50867,78211
1624626630000,27562,51223,78785
1624626931000,27959,51730,79689
1624627230000,28174,52367,80541
1624627530000,28518,52887,81405
1624627830000,28706,53438,82144
1624628130000,28924,53811,82735
1624628430000,29126,54377,83503
1624628729000,29426,54898,84324
1624629030000,29541,55600,85141
1624629330000,29742,55958,85700
1624629630000,29923,56091,86014
1624629930000,30095,56608,86703
1624630231000,30350,57157,87507
1624630529000,30525,57512,88037
1624630830000,30745,57988,88733
1624631130000,30895,58267,89162
1624631430000,31049,58584,89633
1624631730000,31163,59062,90225
1624632030000,31414,59472,90886
1624632330000,31515,59589,91104
1624632630000,31772,59896,91668
1624632930000,31860,60151,92011
1624633230000,32025,60518,92543
1624633530000,32314,60861,93175
1624633830000,32513,61139,93652
1624634130000,32644,61227,93871
1624634431000,32765,61720,94485
1624634730000,32819,61968,94787
1624635030000,32863,62382,95245
1624635330000,32940,62668,95608
1624635630000,32940,62904,95844
1624635930000,33040,63147,96187
1624636230000,33194,63235,96429
1624636530000,33266,63330,96596
1624636830000,33346,62967,96313
1624637130000,33267,62576,95843
1624637430000,33207,62623,95830
1624637730000,33236,62805,96041
1624638030000,33331,62999,96330
1624638330000,33513,62976,96489
1624638630000,33700,62862,96562
1624638930000,33716,62832,96548
1624639230000,33892,63316,97208
1624639529000,33892,63472,97364
1624639830000,34038,63519,97557
1624640130000,34188,63490,97678
1624640430000,34239,63642,97881
1624640730000,34328,63753,98081
1624641030000,34421,63905,98326
1624641330000,34477,64232,98709
1624641630000,34539,64520,99059
1624641930000,34592,64863,99455
1624642230000,34678,64865,99543
1624642530000,34905,64943,99848
1624642830000,35017,65238,100255
1624643130000,35032,65357,100389
1624643430000,35111,65545,100656
1624643730000,35146,65984,101130
1624644030000,35119,65755,100874
1624644330000,35267,66082,101349
1624644630000,35316,66539,101855
1624644930000,35329,67028,102357
1624645230000,35526,67366,102892
1624645530000,35649,67677,103326
1624645830000,35659,67956,103615
1624646129000,35701,68411,104112
1624646430000,35750,68739,104489
1624646730000,35967,68878,104845
1624647030000,35913,69036,104949
1624647330000,36022,69234,105256
1624647630000,36202,69498,105700
1624647929000,36387,69632,106019
1624648230000,36456,70010,106466
1624648529000,36460,70064,106524
1624648830000,36592,70107,106699
1624649130000,36657,70475,107132
1624649430000,36738,70647,107385
1624649730000,36772,70793,107565
1624650030000,36809,71036,107845
1624650330000,36864,71346,108210
1624650630000,37050,71513,108563
1624650930000,37006,71469,108475
1624651230000,36883,71376,108259
1624651530000,36843,71407,108250
1624651830000,36702,71518,108220
1624652130000,36742,71483,108225
1624652430000,36782,71556,108338
1624652730000,36653,71807,108460
1624653030000,36547,71813,108360
1624653330000,36484,71718,108202
1624653630000,36495,71669,108164
1624653930000,36487,71765,108252
1624654230000,36368,72043,108411
1624654530000,36330,71907,108237
1624654829000,36213,71558,107771
1624655130000,36054,71581,107635
1624655430000,35929,71419,107348
1624655730000,35870,71257,107127
1624656029000,35866,71152,107018
1624656330000,35900,70937,106837
1624656630000,35789,70399,106188
1624656930000,35703,70312,106015
1624657230000,35674,70112,105786
1624657530000,35467,70011,105478
1624657830000,35486,69629,105115
1624658130000,35368,69435,104803
1624658430000,35277,69261,104538
1624658730000,35096,68843,103939
1624659030000,35068,68740,103808
1624659330000,34898,68739,103637
1624659630000,34814,68519,103333
1624659930000,34749,68493,103242
1624660229000,34589,68351,102940
1624660530000,34521,68122,102643
1624660830000,34421,68080,102501
1624661130000,34397,67733,102130
1624661430000,34251,67424,101675
1624661729000,34158,67301,101459
1624662030000,33936,67080,101016
1624662330000,33732,66657,100389
1624662630000,33658,66353,100011
1624662930000,33618,66185,99803
1624663230000,33512,66035,99547
1624663531000,33462,65967,99429
1624663830000,33442,65568,99010
1624664130000,33348,65469,98817
1624664430000,33423,65162,98585
1624664730000,33419,65049,98468
1624665030000,33510,64787,98297
1624665330000,33566,64722,98288
1624665630000,33694,64770,98464
1624665930000,33921,64660,98581
1624666230000,33790,64573,98363
1624666530000,33902,64443,98345
1624666830000,34005,64458,98463
1624667130000,34129,64633,98762
1624667430000,34029,64575,98604
1624667730000,34103,64735,98838
1624668030000,34074,64701,98775
1624668330000,34026,65002,99028
1624668630000,33975,64986,98961
1624668929000,34014,65182,99196
1624669230000,33915,65126,99041
1624669530000,33826,65139,98965
1624669830000,33843,65375,99218
1624670130000,33761,65381,99142
1624670430000,33693,65469,99162
1624670730000,33649,65480,99129
1624671030000,33617,65669,99286
1624671330000,33571,65861,99432
1624671630000,33500,66073,99573
1624671930000,33495,66177,99672
1624672230000,33546,66301,99847
1624672530000,33349,66465,99814
1624672830000,33264,66230,99494
1624673130000,33212,66259,99471
1624673431000,33252,66205,99457
1624673730000,33061,66237,99298
1624674029000,32968,66329,99297
1624674329000,32792,66278,99070
1624674630000,32726,66089,98815
1624674930000,32534,66319,98853
1624675230000,32497,66166,98663
1624675530000,32413,66128,98541
1624675830000,32271,66066,98337
1624676130000,32137,65590,97727
1624676430000,31922,65333,97255
1624676730000,31786,65156,96942
1624677030000,31598,64835,96433
1624677330000,31543,64610,96153
1624677630000,31372,64339,95711
1624677929000,31173,64079,95252
1624678230000,31006,63824,94830
1624678530000,30837,63321,94158
1624678830000,30671,62804,93475
1624679130000,30508,62516,93024
1624679430000,30257,62152,92409
1624679730000,30143,61761,91904
1624680030000,29906,61136,91042
1624680330000,29498,60530,90028
1624680630000,29396,60061,89457
1624680930000,29212,59510,88722
1624681230000,28834,59018,87852
1624681530000,28624,58326,86950
1624681830000,28361,57833,86194
1624682130000,28147,57161,85308
1624682430000,27910,56690,84600
1624682729000,27674,56367,84041
1624683030000,27498,55997,83495
1624683330000,27143,55399,82542
1624683630000,26937,54857,81794
1624683930000,26647,54320,80967
1624684230000,26358,53652,80010
1624684530000,26184,53145,79329
1624684829000,25969,52592,78561
1624685129000,25783,52137,77920
1624685430000,25551,51444,76995
1624685730000,25304,50996,76300
1624686030000,25045,50306,75351
1624686329000,24765,49648,74413
1624686629000,24531,49251,73782
1624686930000,24328,48747,73075
1624687230000,24126,48023,72149
1624687529000,23821,47021,70842
1624687830000,23472,46531,70003
1624688129000,23461,46228,69689
1624688430000,23277,45755,69032
1624688730000,23172,45463,68635
1624689030000,22928,44915,67843
1624689330000,22862,44630,67492
1624689630000,22766,44082,66848
1624689930000,22613,43716,66329
1624690230000,22362,43341,65703
1624690529000,22167,43026,65193
1624690830000,22040,42556,64596
1624691130000,21920,42234,64154
1624691430000,21764,42493,64257
1624691730000,21645,42815,64460
1624692030000,21521,42466,63987
1624692330000,21497,41082,62579
1624692630000,21449,40411,61860
1624692930000,21627,40093,61720
1624693229000,21900,40531,62431
1624693530000,21954,41045,62999
1624693830000,21953,40994,62947
1624694130000,21880,40647,62527
1624694430000,21902,40323,62225
1624694729000,21875,40129,62004
1624695030000,21801,39886,61687
1624695329000,21504,39735,61239
1624695630000,21523,39605,61128
1624695930000,21601,39672,61273
1624696230000,21621,39589,61210
1624696530000,21600,39231,60831
1624696830000,21440,39098,60538
1624697130000,21476,39120,60596
1624697430000,21338,39354,60692
1624697729000,21416,39355,60771
1624698030000,21209,39412,60621
1624698330000,21453,39440,60893
1624698630000,21495,39408,60903
1624698930000,21573,39425,60998
1624699230000,21735,39343,61078
1624699530000,21810,39464,61274
1624699830000,21938,39530,61468
1624700129000,22111,39742,61853
1624700430000,22156,39968,62124
1624700729000,22176,39977,62153
1624701030000,22275,39871,62146
1624701330000,22351,40072,62423
1624701630000,22427,40194,62621
1624701929000,22529,40242,62771
1624702230000,22543,40335,62878
1624702530000,22597,40570,63167
1624702830000,22735,40683,63418
1624703129000,22799,40933,63732
1624703430000,22872,41220,64092
1624703730000,22897,41475,64372
1624704030000,23118,41651,64769
1624704330000,23211,41884,65095
1624704630000,23382,42113,65495
1624704929000,23489,42347,65836
1624705230000,23571,42585,66156
1624705530000,23704,42714,66418
1624705830000,23881,42986,66867
1624706130000,24012,43304,67316
1624706430000,24172,43590,67762
1624706730000,24215,43915,68130
1624707030000,24388,44203,68591
1624707330000,24654,44495,69149
1624707630000,24875,44840,69715
1624707929000,25051,45299,70350
1624708230000,25151,45102,70253
1624708530000,25228,45594,70822
1624708830000,25457,45729,71186
1624709130000,25645,46161,71806
1624709430000,26075,46363,72438
1624709730000,26242,46867,73109
1624710030000,26364,47275,73639
1624710330000,26589,47760,74349
1624710630000,26881,48003,74884
1624710930000,27197,48569,75766
1624711230000,27584,48920,76504
1624711530000,27715,49365,77080
1624711830000,27860,49743,77603
1624712130000,28111,50250,78361
1624712430000,28246,50718,78964
1624712730000,28503,51176,79679
1624713030000,28621,51796,80417
1624713330000,28987,52327,81314
1624713690000,29292,52754,82046
1624713930000,29460,53305,82765
1624714230000,29674,53818,83492
1624714530000,29871,54239,84110
1624714829000,30150,54686,84836
1624715130000,30368,55261,85629
1624715430000,30514,55770,86284
1624715730000,30699,56179,86878
1624716030000,30922,56463,87385
1624716329000,31231,56776,88007
1624716630000,31439,56684,88123
1624716930000,31603,57653,89256
1624717230000,31877,58186,90063
1624717530000,32186,58420,90606
1624717830000,32427,58900,91327
1624718130000,32550,59317,91867
1624718430000,32723,59749,92472
1624718730000,32922,60380,93302
1624719030000,32968,60920,93888
1624719329000,33211,61451,94662
1624719630000,33396,61745,95141
1624719930000,33511,62066,95577
1624720230000,33806,62556,96362
1624720530000,33677,62997,96674
1624720830000,33453,63526,96979
1624721130000,33665,63933,97598
1624721429000,33939,64134,98073
1624721730000,33978,64460,98438
1624722030000,34087,64804,98891
1624722330000,34074,65040,99114
1624722630000,34066,65480,99546
1624722930000,34236,65621,99857
1624723229000,34162,65697,99859
1624723530000,34183,65836,100019
1624723830000,34319,66101,100420
1624724130000,34501,66517,101018
1624724430000,34682,66682,101364
1624724730000,34844,67117,101961
1624725030000,34890,67459,102349
1624725330000,35115,67738,102853
1624725630000,35254,67916,103170
1624725930000,35476,67879,103355
1624726230000,35675,68207,103882
1624726530000,35558,68483,104041
1624726830000,36050,68762,104812
1624727130000,36152,68856,105008
1624727430000,36321,68989,105310
1624727730000,37227,69230,106457
1624728030000,37280,69497,106777
1624728330000,36939,69999,106938
1624728630000,38041,70067,108108
1624728930000,37545,70186,107731
1624729230000,38407,70146,108553
1624729530000,38814,70159,108973
1624729829000,38951,70449,109400
1624730130000,39028,70371,109399
1624730430000,39025,69170,108195
1624730731000,39170,70491,109661
1624731029000,39258,71455,110713
1624731330000,39314,72655,111969
1624731630000,39408,73001,112409
1624731930000,39582,73265,112847
1624732229000,39600,73451,113051
1624732530000,39720,73238,112958
1624732830000,39998,73315,113313
1624733130000,40066,73809,113875
1624733429000,40025,73214,113239
1624733730000,40255,72648,112903
1624734030000,40188,72924,113112
1624734330000,40272,74546,114818
1624734630000,40280,74691,114971
1624734929000,40309,74970,115279
1624735230000,40297,75165,115462
1624735530000,40576,75493,116069
1624735830000,40628,75769,116397
1624736130000,40713,76007,116720
1624736430000,40719,76095,116814
1624736730000,40883,76088,116971
1624737030000,40878,76096,116974
1624737330000,40994,76197,117191
1624737630000,41031,76234,117265
1624737930000,41157,76357,117514
1624738230000,40994,76556,117550
1624738530000,41141,76694,117835
1624738829000,41217,76693,117910
1624739130000,41320,76691,118011
1624739430000,41310,75493,116803
1624739729000,41316,75339,116655
1624740030000,41437,75031,116468
1624740330000,41400,74899,116299
1624740630000,41304,74968,116272
1624740930000,41274,75038,116312
1624741230000,41274,74928,116202
1624741530000,41187,74794,115981
1624741830000,41088,74579,115667
1624742129000,40967,74379,115346
1624742430000,40933,74503,115436
1624742730000,40847,74579,115426
1624743030000,40781,74268,115049
1624743330000,40607,73956,114563
1624743630000,40489,73838,114327
1624743929000,40452,73831,114283
1624744230000,40414,73731,114145
1624744530000,40376,73578,113954
1624744830000,40154,73223,113377
1624745130000,40094,72666,112760
1624745430000,39930,72368,112298
1624745730000,39755,72358,112113
1624746030000,39440,72043,111483
1624746330000,39234,71918,111152
1624746630000,39155,71699,110854
1624746930000,39010,71175,110185
1624747230000,38767,71056,109823
1624747530000,38638,70699,109337
1624747830000,38517,70504,109021
1624748129000,38291,70203,108494
1624748430000,38244,70030,108274
1624748730000,38041,69830,107871
1624749029000,37900,69612,107512
1624749330000,37900,69278,107178
1624749630000,37742,69050,106792
1624749930000,37751,69124,106875
1624750230000,37795,68817,106612
1624750530000,37534,68766,106300
1624750830000,37478,68632,106110
1624751130000,37448,68566,106014
1624751430000,37436,68174,105610
1624751730000,37420,68192,105612
1624752030000,37363,68011,105374
1624752330000,37624,67897,105521
1624752630000,37670,67756,105426
1624752930000,37630,67689,105319
1624753230000,37554,67803,105357
1624753530000,37384,67907,105291
1624753829000,37461,68083,105544
1624754130000,37373,68200,105573
1624754430000,37276,68095,105371
1624754730000,37323,68020,105343
1624755030000,36853,67811,104664
1624755330000,37001,68089,105090
1624755630000,36964,68075,105039
1624755930000,36936,68246,105182
1624756230000,36865,68297,105162
1624756529000,36932,68262,105194
1624756830000,36746,68203,104949
1624757130000,36658,68246,104904
1624757430000,36692,68213,104905
1624757730000,36610,68273,104883
1624758030000,36535,68198,104733
1624758330000,36440,68439,104879
1624758630000,36404,68618,105022
1624758929000,36249,68702,104951
1624759229000,36148,68789,104937
1624759530000,36077,68916,104993
1624759830000,36004,68758,104762
1624760130000,35839,68878,104717
1624760430000,35692,68788,104480
1624760729000,35709,68903,104612
1624761030000,35699,69069,104768
1624761330000,35574,68905,104479
1624761630000,35394,68863,104257
1624761930000,35168,68727,103895
1624762230000,35041,68565,103606
1624762530000,34841,68335,103176
1624762830000,34756,67935,102691
1624763130000,34652,67615,102267
1624763430000,34447,67481,101928
1624763729000,34293,67216,101509
1624764030000,34158,67211,101369
1624764329000,34012,66944,100956
1624764630000,33860,66568,100428
1624764930000,33603,66346,99949
1624765230000,33388,65776,99164
1624765530000,33237,65212,98449
1624765830000,33058,65139,98197
1624766130000,32969,64755,97724
1624766430000,32698,64128,96826
1624766730000,32561,63761,96322
1624767030000,32303,63229,95532
1624767330000,32059,62275,94334
1624767630000,31918,62024,93942
1624767930000,31674,61624,93298
1624768229000,31348,61092,92440
1624768529000,31150,60612,91762
1624768830000,30859,59572,90431
1624769130000,30702,59544,90246
1624769430000,30562,59105,89667
1624769730000,30347,58480,88827
1624770030000,30110,57944,88054
1624770330000,29832,57405,87237
1624770630000,29541,56479,86020
1624770930000,29236,56138,85374
1624771230000,28859,55250,84109
1624771530000,28631,54759,83390
1624771830000,28319,54045,82364
1624772130000,28078,53697,81775
1624772430000,27986,53111,81097
1624772729000,27979,52653,80632
1624773030000,27510,52122,79632
1624773330000,27180,51678,78858
1624773629000,25200,50962,76162
1624773931000,24922,50023,74945
1624774230000,25054,49387,74441
1624774529000,25808,48876,74684
1624774830000,23816,48256,72072
1624775130000,23950,47667,71617
1624775430000,23933,47105,71038
1624775730000,24114,46600,70714
1624776029000,24150,46188,70338
1624776330000,24023,45811,69834
1624776629000,25026,45479,70505
1624776930000,24853,44979,69832
1624777230000,24673,44399,69072
1624777530000,24530,44066,68596
1624777830000,24519,44244,68763
1624778130000,24446,44846,69292
1624778430000,24354,44588,68942
1624778730000,23995,43446,67441
1624779029000,23999,42820,66819
1624779330000,24048,42318,66366
1624779630000,24029,42933,66962
1624779930000,24110,43566,67676
1624780230000,24252,43523,67775
1624780530000,24564,43202,67766
1624780830000,24628,43084,67712
1624781130000,24585,42698,67283
1624781430000,24513,42439,66952
1624781730000,24605,42401,67006
1624782030000,24556,42126,66682
1624782330000,24566,42153,66719
1624782630000,24628,42025,66653
1624782930000,24669,41849,66518
1624783230000,24679,41914,66593
1624783530000,24500,41749,66249
1624783829000,24502,41732,66234
1624784130000,24572,41660,66232
1624784429000,24569,41569,66138
1624784730000,24631,41791,66422
1624785030000,24682,41756,66438
1624785329000,24765,41809,66574
1624785630000,24785,41821,66606
1624785930000,24849,41879,66728
1624786230000,24976,41892,66868
1624786530000,25019,41849,66868
1624786830000,25137,42144,67281
1624787129000,25107,42249,67356
1624787430000,25225,42240,67465
1624787730000,25353,42329,67682
1624788030000,25523,42299,67822
1624788330000,25618,42578,68196
1624788630000,25744,42566,68310
1624788930000,25773,42557,68330
1624789230000,25756,42635,68391
1624789529000,25907,42915,68822
1624789830000,26053,43169,69222
1624790130000,26201,43142,69343
1624790430000,26318,43462,69780
1624790730000,26534,43746,70280
1624791030000,26675,44018,70693
1624791330000,26802,44251,71053
1624792229000,27088,44552,71640
1624792530000,27105,45025,72130
1624792830000,27427,45425,72852
1624793129000,27622,45573,73195
1624793429000,27730,46020,73750
1624793730000,27912,46393,74305
1624794030000,28103,46841,74944
1624794329000,28170,47153,75323
1624794631000,28470,47666,76136
1624794930000,28641,47976,76617
1624795230000,28847,48013,76860
1624795529000,28956,48606,77562
1624795830000,29018,49008,78026
1624796130000,29112,49467,78579
1624796430000,29333,50065,79398
1624796730000,29400,50487,79887
1624797030000,29581,50874,80455
1624797330000,29731,51450,81181
1624797630000,30094,52140,82234
1624797930000,30354,52370,82724
1624798229000,30435,52868,83303
1624798530000,30545,53120,83665
1624798830000,30860,53322,84182
1624799130000,31171,53795,84966
1624799430000,31306,54355,85661
1624799730000,31642,55120,86762
1624800030000,31990,55776,87766
1624800330000,32236,56408,88644
1624800629000,32458,57057,89515
1624800930000,32778,57656,90434
1624801230000,33001,58174,91175
1624801529000,33129,58784,91913
1624801830000,33316,59240,92556
1624802130000,33643,59869,93512
1624802430000,33766,60306,94072
1624802730000,33998,60532,94530
1624803030000,34241,61009,95250
1624803330000,34474,61448,95922
1624803630000,34822,62017,96839
1624803930000,34967,62427,97394
1624804229000,35196,62968,98164
1624804529000,35483,63533,99016
1624804830000,35697,64018,99715
1624805130000,35918,64345,100263
1624805429000,36146,64875,101021
1624805730000,36314,65307,101621
1624806029000,36505,65633,102138
1624806330000,36809,66202,103011
1624806630000,37031,66697,103728
1624806930000,37175,67311,104486
1624807230000,37292,67975,105267
1624807530000,37401,68155,105556
1624807829000,37597,68546,106143
1624808130000,37781,68988,106769
1624808430000,37929,69370,107299
1624808730000,38158,69727,107885
1624809030000,38361,70184,108545
1624809330000,38429,70080,108509
1624809630000,38482,69899,108381
1624809930000,38633,69884,108517
1624810230000,38823,70371,109194
1624810529000,38989,70638,109627
1624810830000,39245,70886,110131
1624811129000,39440,71320,110760
1624811429000,39455,71446,110901
1624811731000,39572,71506,111078
1624812030000,39684,72029,111713
1624812330000,39860,72219,112079
1624812630000,40097,72627,112724
1624812929000,40250,72778,113028
1624813230000,40472,73048,113520
1624813530000,40509,73405,113914
1624813830000,40693,73831,114524
1624814129000,40795,73861,114656
1624814430000,40808,74171,114979
1624814730000,40987,74500,115487
1624815030000,41125,74578,115703
1624815330000,41321,74806,116127
1624815630000,41389,75199,116588
1624815930000,41466,75522,116988
1624816229000,41572,75800,117372
1624816530000,41578,75891,117469
1624816830000,41963,74715,116678
1624817130000,41979,74855,116834
1624817430000,40788,75841,116629
1624817729000,42052,77299,119351
1624818030000,41083,77958,119041
1624818330000,41155,78507,119662
1624818630000,41414,77596,119010
1624818930000,41105,78518,119623
1624819230000,42160,79101,121261
1624819529000,42270,79366,121636
1624819830000,43570,79749,123319
1624820130000,43519,79945,123464
1624820430000,43594,79790,123384
1624820730000,43576,79810,123386
1624821030000,43599,80238,123837
1624821330000,43638,80584,124222
1624821630000,43631,80977,124608
1624821930000,43742,81274,125016
1624822230000,43906,81412,125318
1624822529000,43942,81772,125714
1624822830000,43933,81864,125797
1624823130000,44021,81961,125982
1624823430000,44183,81877,126060
1624823730000,44209,82209,126418
1624824030000,44295,82286,126581
1624824330000,44241,82227,126468
1624824630000,44019,82193,126212
1624824930000,44131,81199,125330
1624825230000,44027,81374,125401
1624825530000,43812,81401,125213
1624825830000,43755,81312,125067
1624826130000,43651,81061,124712
1624826430000,43549,80699,124248
1624826729000,43313,80333,123646
1624827030000,43282,79922,123204
1624827330000,43075,79499,122574
1624827630000,42799,79024,121823
1624827930000,42697,78594,121291
1624828229000,42529,78470,120999
1624828530000,42490,78364,120854
1624828830000,42208,78401,120609
1624829130000,42106,78159,120265
1624829430000,42098,77907,120005
1624829730000,41984,77549,119533
1624830032000,41864,77295,119159
1624830330000,41717,77147,118864
1624830631000,41521,76981,118502
1624830930000,41375,76992,118367
1624831230000,41092,76681,117773
1624831530000,40830,76472,117302
1624831830000,40642,75841,116483
1624832130000,40405,75290,115695
1624832430000,40229,74863,115092
1624832730000,39961,74734,114695
1624833030000,39828,74417,114245
1624833330000,39710,74157,113867
1624833630000,39630,73864,113494
1624833929000,39425,73564,112989
1624834230000,39264,73136,112400
1624834530000,39058,72838,111896
1624834830000,38826,72722,111548
1624835130000,38696,72565,111261
1624835430000,38639,72565,111204
1624835730000,38464,72506,110970
1624836030000,38234,72389,110623
1624836330000,38214,72046,110260
1624836629000,38173,71950,110123
1624836930000,38181,71825,110006
1624837230000,38091,71728,109819
1624837530000,38219,71600,109819
1624837830000,38171,71670,109841
1624838130000,38145,71538,109683
1624838430000,38159,71212,109371
1624838730000,38388,71342,109730
1624839030000,38563,71418,109981
1624839329000,38557,71586,110143
1624839630000,38536,71743,110279
1624839930000,38500,71786,110286
1624840230000,38297,71804,110101
1624840530000,38208,71786,109994
1624840830000,38218,72048,110266
1624841130000,38217,72348,110565
1624841430000,38190,72510,110700
1624841729000,38136,72480,110616
1624842030000,38069,72481,110550
1624842330000,38009,72440,110449
1624842630000,38018,72504,110522
1624842930000,37917,72453,110370
1624843230000,37820,72509,110329
1624843530000,37779,72613,110392
1624843830000,37739,72671,110410
1624844130000,37609,72639,110248
1624844430000,37498,72738,110236
1624844730000,37339,72924,110263
1624845030000,37167,72927,110094
1624845329000,37185,72799,109984
1624845630000,37066,72604,109670
1624845930000,36885,72219,109104
1624846230000,36772,72008,108780
1624846530000,36565,71919,108484
1624846830000,36233,71653,107886
1624847130000,35964,71372,107336
1624847429000,35710,70947,106657
1624847730000,35704,70558,106262
1624848030000,35539,70314,105853
1624848329000,35275,70008,105283
1624848630000,35031,69560,104591
1624848930000,34728,68846,103574
1624849230000,34367,68186,102553
1624849530000,34187,67579,101766
1624849830000,33896,67065,100961
1624850130000,33685,66605,100290
1624850430000,33443,66140,99583
1624850730000,33087,65713,98800
1624851030000,32921,65209,98130
1624851330000,32655,64735,97390
1624851630000,32120,64194,96314
1624851930000,32031,63699,95730
1624852230000,31721,63137,94858
1624852530000,31431,62528,93959
1624852830000,31168,61813,92981
1624853130000,30576,61093,91669
1624853430000,30536,60329,90865
1624853730000,30305,59703,90008
1624854030000,29993,59096,89089
1624854332000,29816,58568,88384
1624854630000,29493,57834,87327
1624854929000,29147,57194,86341
1624855230000,28853,56563,85416
1624855530000,28533,55815,84348
1624855829000,28255,55243,83498
1624856130000,28004,54623,82627
1624856430000,27753,53897,81650
1624856730000,27650,53286,80936
1624857030000,27378,52702,80080
1624857330000,27238,52278,79516
1624857630000,27031,51567,78598
1624857930000,26815,50999,77814
1624858230000,26554,50533,77087
1624858530000,26385,49939,76324
1624858830000,26091,49452,75543
1624859130000,25807,48942,74749
1624859430000,25514,48515,74029
1624859729000,25093,48209,73302
1624860029000,24781,47512,72293
1624860330000,24494,46639,71133
1624860630000,24241,46055,70296
1624860930000,24222,45610,69832
1624861232000,24026,44983,69009
1624861530000,23434,44528,67962
1624861830000,23218,43781,66999
1624862129000,21733,43234,64967
1624862430000,21750,42773,64523
1624862730000,21280,42434,63714
1624863030000,20716,42207,62923
1624863329000,20545,41750,62295
1624863630000,20419,41263,61682
1624863930000,20346,40950,61296
1624864230000,20348,41279,61627
1624864530000,20278,41731,62009
1624864830000,20116,41516,61632
1624865131000,20043,40155,60198
1624865430000,19996,39666,59662
1624865730000,19838,39505,59343
1624866030000,19840,40150,59990
1624866329000,19705,40936,60641
1624866630000,19820,40887,60707
1624866930000,19753,40603,60356
1624867230000,20026,40462,60488
1624867530000,20174,40420,60594
1624867830000,20323,40200,60523
1624868130000,20442,40247,60689
1624868430000,20495,39904,60399
1624868730000,20704,39754,60458
1624869030000,20789,39783,60572
1624869330000,20753,39890,60643
1624869630000,20937,39879,60816
1624869930000,21191,39744,60935
1624870230000,21253,39881,61134
1624870530000,21351,39683,61034
1624870830000,21499,39633,61132
1624871130000,21491,39709,61200
1624871430000,21639,39809,61448
1624871730000,21736,39947,61683
1624872030000,21816,39988,61804
1624872329000,21949,40242,62191
1624872630000,21982,40233,62215
1624872930000,21843,40084,61927
1624873230000,21803,40143,61946
1624873530000,21625,40177,61802
1624873829000,21343,40315,61658
1624874130000,20252,40275,60527
1624874430000,18706,40193,58899
1624874730000,0,40303,40303
1624875030000,8120,40417,48537
1624875330000,11122,40509,51631
1624875630000,13176,40652,53828
1624875930000,14765,40853,55618
1624876230000,16094,41132,57226
1624876530000,16983,41273,58256
1624876830000,17784,41377,59161
1624877130000,18495,41653,60148
1624877430000,19086,41854,60940
1624877730000,19596,41995,61591
1624878030000,20034,42203,62237
1624878330000,20456,42546,63002
1624878630000,20961,42691,63652
1624878930000,21221,42764,63985
1624879230000,21589,42807,64396
1624879530000,22056,43280,65336
1624879830000,22352,43468,65820
1624880130000,22412,44008,66420
1624880430000,22783,44294,67077
1624880730000,23031,44612,67643
1624881031000,23334,45013,68347
1624881330000,23459,45305,68764
1624881630000,23586,45757,69343
1624881930000,23902,46104,70006
1624882230000,24199,46478,70677
1624882530000,24248,46840,71088
1624882830000,24680,47152,71832
1624883130000,24838,47862,72700
1624883430000,25136,48306,73442
1624883730000,25617,48828,74445
1624884030000,25900,49503,75403
1624884330000,26262,49987,76249
1624884630000,26535,50602,77137
1624884930000,26815,50908,77723
1624885230000,27166,51466,78632
1624885530000,27515,51979,79494
1624885830000,27752,52529,80281
1624886129000,28075,53207,81282
1624886430000,28449,53871,82320
1624886730000,28787,54535,83322
1624887029000,28294,55220,83514
1624887330000,28557,55742,84299
1624887632000,28776,55946,84722
1624887930000,29032,56593,85625
1624888230000,29391,56899,86290
1624888530000,29519,57647,87166
1624888830000,29657,57985,87642
1624889130000,29949,58494,88443
1624889430000,30247,59160,89407
1624889730000,30296,59697,89993
1624890030000,30500,60377,90877
1624890330000,30691,61071,91762
1624890630000,30850,61535,92385
1624890930000,31075,62011,93086
1624891230000,31233,62406,93639
1624891530000,31283,62950,94233
1624891830000,31534,63547,95081
1624892130000,31711,64052,95763
1624892430000,31942,64429,96371
1624892730000,32074,64445,96519
1624893030000,32237,64990,97227
1624893330000,32159,64955,97114
1624893630000,32450,65581,98031
1624893930000,32564,65857,98421
1624894230000,32697,66365,99062
1624894529000,32899,66504,99403
1624894830000,33161,66723,99884
1624895130000,33337,66557,99894
1624895430000,33391,66688,100079
1624895730000,33521,66798,100319
1624896030000,33515,66724,100239
1624896330000,33611,66570,100181
1624896630000,33673,66980,100653
1624896930000,33901,67089,100990
1624897230000,34076,67177,101253
1624897530000,34293,67415,101708
1624897830000,34325,67489,101814
1624898130000,34467,67772,102239
1624898430000,34481,67644,102125
1624898730000,34970,67730,102700
1624899030000,35274,68200,103474
1624899329000,35366,68530,103896
1624899630000,35610,68589,104199
1624899930000,35865,69097,104962
1624900230000,35884,69280,105164
1624900530000,37225,69781,107006
1624900830000,37398,69905,107303
1624901130000,37615,70287,107902
1624901430000,37671,70545,108216
1624901730000,37797,70662,108459
1624902030000,37995,71355,109350
1624902330000,38156,71562,109718
1624902630000,38305,72035,110340
1624902930000,38289,72160,110449
1624903230000,38499,70997,109496
1624903530000,38567,71291,109858
1624903830000,38658,71896,110554
1624904130000,38715,73131,111846
1624904430000,38873,73330,112203
1624904730000,39006,73600,112606
1624905030000,39116,73876,112992
1624905330000,39129,74346,113475
1624905630000,39264,74260,113524
1624905930000,39455,74526,113981
1624906230000,39588,74835,114423
1624906530000,39848,75086,114934
1624906831000,39931,75007,114938
1624907130000,39959,74943,114902
1624907430000,40010,75253,115263
1624907730000,40084,75528,115612
1624908030000,40204,75859,116063
1624908330000,40313,76102,116415
1624908630000,40248,76398,116646
1624908930000,40391,76846,117237
1624909230000,40601,77228,117829
1624909530000,40661,77461,118122
1624909830000,40548,77626,118174
1624910130000,40577,77562,118139
1624910430000,40607,77594,118201
1624910730000,40503,77494,117997
1624911030000,40242,77621,117863
1624911330000,40281,77852,118133
1624911630000,40285,77846,118131
1624911930000,40276,78219,118495
1624912230000,40072,78032,118104
1624912530000,39947,77964,117911
1624912830000,39943,78113,118056
1624913130000,39836,78001,117837
1624913430000,39777,78001,117778
1624913730000,39631,77738,117369
1624914030000,39483,77344,116827
1624914330000,39234,76828,116062
1624914630000,39089,76561,115650
1624914930000,39040,76457,115497
1624915230000,39095,76133,115228
1624915530000,38990,75615,114605
1624915829000,38849,75282,114131
1624916130000,38591,74798,113389
1624916430000,38433,74180,112613
1624916730000,38335,73495,111830
1624917030000,38004,73241,111245
1624917330000,37786,73121,110907
1624917630000,37614,72908,110522
1624917930000,37456,72430,109886
1624918230000,37393,72436,109829
1624918530000,37300,72539,109839
1624918830000,37175,72319,109494
1624919130000,37129,72428,109557
1624919430000,37051,72481,109532
1624919730000,36995,72204,109199
1624920030000,36988,72006,108994
1624920330000,36934,72176,109110
1624920630000,36865,71823,108688
1624920930000,36697,71668,108365
1624921230000,36461,71389,107850
1624921530000,36434,71262,107696
1624921830000,36401,70994,107395
1624922130000,36304,70826,107130
1624922429000,36247,70803,107050
1624922730000,36098,70932,107030
1624923030000,36131,70947,107078
1624923330000,36120,71057,107177
1624923630000,36222,70964,107186
1624923929000,36291,71075,107366
1624924230000,36431,71079,107510
1624924529000,36580,71089,107669
1624924830000,36697,70976,107673
1624925130000,37283,70930,108213
1624925430000,37513,70854,108367
1624925730000,37534,71033,108567
1624926030000,37510,71171,108681
1624926330000,37406,71427,108833
1624926630000,37408,71569,108977
1624926930000,37292,71550,108842
1624927230000,37245,71639,108884
1624927530000,37244,71751,108995
1624927830000,37283,71891,109174
1624928130000,37181,72108,109289
1624928430000,37143,72208,109351
1624928730000,37118,72181,109299
1624929029000,37046,72601,109647
1624929330000,36993,72916,109909
1624929630000,36901,72886,109787
1624929930000,36828,72964,109792
1624930230000,36760,72979,109739
1624930529000,36601,72899,109500
1624930830000,36554,72908,109462
1624931130000,36468,73090,109558
1624931430000,36253,72911,109164
1624931730000,36044,70900,106944
1624932030000,35920,70783,106703
1624932330000,35676,70545,106221
1624932630000,35605,70591,106196
1624932929000,35503,70891,106394
1624933230000,35197,69969,105166
1624933530000,35023,69925,104948
1624933830000,34943,70060,105003
1624934130000,34584,69836,104420
1624934430000,34455,69653,104108
1624934730000,34234,69284,103518
1624935030000,33892,68936,102828
1624935330000,33647,68603,102250
1624935630000,33297,68226,101523
1624935929000,32876,67799,100675
1624936230000,32654,67194,99848
1624936530000,32376,67099,99475
1624936830000,32108,66110,98218
1624937130000,31706,65493,97199
1624937430000,31367,65028,96395
1624937730000,31081,64483,95564
1624938030000,30707,63757,94464
1624938330000,30388,63260,93648
1624938630000,30114,62847,92961
1624938930000,29848,62262,92110
1624939230000,29491,61311,90802
1624939530000,29249,60482,89731
1624939829000,28873,59859,88732
1624940130000,28488,59377,87865
1624940430000,28221,58716,86937
1624940730000,28014,58037,86051
1624941029000,27815,57338,85153
1624941330000,27678,56668,84346
1624941630000,27455,56111,83566
1624941930000,27220,55551,82771
1624942230000,27012,55029,82041
1624942529000,26802,54516,81318
1624942829000,26425,53833,80258
1624943130000,26241,53416,79657
1624943430000,25919,52658,78577
1624943730000,25621,51686,77307
1624944030000,25358,51039,76397
1624944330000,24977,50491,75468
1624944630000,24700,49926,74626
1624944930000,24483,49195,73678
1624945230000,24307,48689,72996
1624945530000,24054,48163,72217
1624945830000,24048,47706,71754
1624946130000,23579,47233,70812
1624946430000,21903,46651,68554
1624946730000,21743,45681,67424
1624947030000,22736,44977,67713
1624947330000,21593,44153,65746
1624947630000,21599,43490,65089
1624947930000,21022,43055,64077
1624948230000,21688,42690,64378
1624948530000,21224,42227,63451
1624948830000,21808,41946,63754
1624949130000,22442,41678,64120
1624949430000,22505,41461,63966
1624949730000,22358,41196,63554
1624950030000,22193,40777,62970
1624950330000,22071,40431,62502
1624950630000,21971,40903,62874
1624950929000,21865,41472,63337
1624951230000,21881,41076,62957
1624951530000,21884,39704,61588
1624951830000,21681,39361,61042
1624952130000,21671,39133,60804
1624952430000,21686,39853,61539
1624952730000,21587,40445,62032
1624953030000,21628,40370,61998
1624953330000,21654,40339,61993
1624953629000,21892,40156,62048
1624953930000,21932,40289,62221
1624954230000,21997,40158,62155
1624954530000,22248,39995,62243
1624954830000,22249,39735,61984
1624955130000,22341,39788,62129
1624955430000,22401,39970,62371
1624955730000,22129,39922,62051
1624956030000,22078,39891,61969
1624956330000,22146,39834,61980
1624956630000,22278,39627,61905
1624956930000,22426,39782,62208
1624957230000,22477,39599,62076
1624957530000,22517,39532,62049
1624957830000,22682,39427,62109
1624958130000,22647,39634,62281
1624958430000,22668,39623,62291
1624958729000,22773,39741,62514
1624959030000,22793,39795,62588
1624959330000,22866,39669,62535
1624959630000,22931,39741,62672
1624959930000,22942,39891,62833
1624960229000,23002,40006,63008
1624960530000,23087,39928,63015
1624960830000,23214,39842,63056
1624961130000,23250,39740,62990
1624961430000,23311,39888,63199
1624961730000,23396,40095,63491
1624962030000,23398,40256,63654
1624962329000,23514,40338,63852
1624962630000,23621,40576,64197
1624962930000,23864,40891,64755
1624963230000,23981,41153,65134
1624963530000,24040,41403,65443
1624963830000,24228,41639,65867
1624964130000,24277,41868,66145
1624964430000,24303,41996,66299
1624964731000,24440,42127,66567
1624965030000,24606,42536,67142
1624965330000,24734,42691,67425
1624965630000,24929,43051,67980
1624965930000,25177,43490,68667
1624966230000,25311,43048,68359
1624966530000,25398,44224,69622
1624966830000,25404,44699,70103
1624967130000,25679,45104,70783
1624967430000,26033,45506,71539
1624967730000,26196,45894,72090
1624968030000,26355,46324,72679
1624968330000,26535,46636,73171
1624968630000,26696,47125,73821
1624968930000,26679,47552,74231
1624969229000,26893,47799,74692
1624969530000,27273,48260,75533
1624969830000,27537,48697,76234
1624970130000,27935,49069,77004
1624970429000,28239,49663,77902
1624970730000,28459,50116,78575
1624971030000,28711,50685,79396
1624971330000,28905,51468,80373
1624971630000,29229,51660,80889
1624971930000,29598,52187,81785
1624972229000,29913,52766,82679
1624972530000,30203,53238,83441
1624972830000,30206,53562,83768
1624973130000,30467,54378,84845
1624973429000,30612,54958,85570
1624973730000,30885,55509,86394
1624974030000,31115,56072,87187
1624974330000,31405,56443,87848
1624974631000,31755,56847,88602
1624974930000,32066,57434,89500
1624975230000,32340,57687,90027
1624975530000,32717,58256,90973
1624975830000,33091,58526,91617
1624976130000,33383,59134,92517
1624976430000,33508,59421,92929
1624976730000,33822,59885,93707
1624977030000,34065,60246,94311
1624977330000,34319,60827,95146
1624977630000,34625,61319,95944
1624977930000,34792,61512,96304
1624978230000,34985,61762,96747
1624978530000,35220,62191,97411
1624978830000,35447,62349,97796
1624979130000,35573,62637,98210
1624979430000,35756,63018,98774
1624979730000,35867,63446,99313
1624980030000,34754,63605,98359
1624980330000,35067,63653,98720
1624980630000,35168,63916,99084
1624980930000,35411,63938,99349
1624981230000,35660,64435,100095
1624981530000,35887,64361,100248
1624981830000,36096,64430,100526
1624982130000,35944,64502,100446
1624982430000,35889,63922,99811
1624982731000,35895,63504,99399
1624983030000,36199,63521,99720
1624983330000,36348,63587,99935
1624983630000,36511,63735,100246
1624983930000,36954,63943,100897
1624984230000,35728,64174,99902
1624984530000,35879,64302,100181
1624984830000,36038,64805,100843
1624985130000,36296,65115,101411
1624985430000,36286,65463,101749
1624985730000,36384,65852,102236
1624986030000,36538,66238,102776
1624986330000,36518,66266,102784
1624986629000,36630,66567,103197
1624986930000,36741,66897,103638
1624987230000,36703,66816,103519
1624987530000,36824,67143,103967
1624987830000,36951,67272,104223
1624988130000,37067,67636,104703
1624988429000,37158,67963,105121
1624988730000,37188,68278,105466
1624989030000,37365,68500,105865
1624989330000,37295,68634,105929
1624989629000,37404,67352,104756
1624989930000,37505,67666,105171
1624990229000,37665,68384,106049
1624990530000,37683,69564,107247
1624990830000,36669,70267,106936
1624991130000,36856,70484,107340
1624991430000,36914,70909,107823
1624991730000,36912,71385,108297
1624992030000,37356,72023,109379
1624992330000,37041,72388,109429
1624992630000,38197,72790,110987
1624992930000,38242,73272,111514
1624993230000,39438,73893,113331
1624993530000,39577,74033,113610
1624993830000,39660,74352,114012
1624994130000,40027,74850,114877
1624994430000,39924,75181,115105
1624994730000,39621,75562,115183
1624995030000,39529,72057,111586
1624995330000,39762,72898,112660
1624995632000,39902,73389,113291
1624995930000,40094,73922,114016
1624996230000,40155,74418,114573
1624996529000,40155,74560,114715
1624996829000,40136,74709,114845
1624997130000,40129,74867,114996
1624997430000,39975,75221,115196
1624997730000,40029,75305,115334
1624998030000,39912,75498,115410
1624998330000,39857,75500,115357
1624998630000,39740,75703,115443
1624998930000,39690,75486,115176
1624999230000,39717,75289,115006
1624999530000,39567,75275,114842
1624999830000,39508,75028,114536
1625000130000,39394,74697,114091
1625000429000,39174,74315,113489
1625000730000,38968,73890,112858
1625001030000,38890,73630,112520
1625001330000,38841,73436,112277
1625001630000,38789,73033,111822
1625001929000,38712,72803,111515
1625002231000,38469,72610,111079
1625002530000,38224,72327,110551
1625002829000,38041,72477,110518
1625003130000,38031,72406,110437
1625003430000,38054,71910,109964
1625003730000,37955,71696,109651
1625004030000,37798,71632,109430
1625004330000,37576,71409,108985
1625004630000,37515,71258,108773
1625004930000,37363,70835,108198
1625005231000,37370,70605,107975
1625005530000,37355,70780,108135
1625005829000,37250,70808,108058
1625006129000,36975,70183,107158
1625006430000,37036,70354,107390
1625006730000,37047,70341,107388
1625007030000,36963,70332,107295
1625007330000,36770,70157,106927
1625007630000,36737,70129,106866
1625007930000,36560,69761,106321
1625008230000,36551,69455,106006
1625008530000,36502,69239,105741
1625008830000,36590,69293,105883
1625009130000,36429,69260,105689
1625009430000,36312,69064,105376
1625009730000,36354,69030,105384
1625010030000,36283,69077,105360
1625010330000,36267,69033,105300
1625010630000,36305,68984,105289
1625010930000,36339,69036,105375
1625011230000,36423,69010,105433
1625011530000,36982,68992,105974
1625011830000,37125,68800,105925
1625012130000,37159,68854,106013
1625012430000,37242,69168,106410
1625012730000,37175,69437,106612
1625013030000,37300,69532,106832
1625013330000,37297,69707,107004
1625013630000,37268,70164,107432
1625013930000,37279,70430,107709
1625014230000,37227,70702,107929
1625014530000,37200,70993,108193
1625014830000,37232,70988,108220
1625015130000,37122,70944,108066
1625015430000,37103,70902,108005
1625015730000,36939,71097,108036
1625016030000,36909,71187,108096
1625016330000,37003,71220,108223
1625016630000,37048,71288,108336
1625016930000,37081,71101,108182
1625017229000,36993,71466,108459
1625017530000,37168,71344,108512
1625017830000,37142,71396,108538
1625018130000,37005,71192,108197
1625018430000,36850,71177,108027
1625018730000,36899,70878,107777
1625019030000,36898,70759,107657
1625019330000,36624,70605,107229
1625019630000,35377,70634,106011
1625019930000,35183,70576,105759
1625020230000,35038,70543,105581
1625020530000,34637,70139,104776
1625020830000,34630,69820,104450
1625021130000,34331,69823,104154
1625021430000,34021,69489,103510
1625021730000,33762,68832,102594
1625022030000,33597,68426,102023
1625022330000,33300,68069,101369
1625022631000,33128,67598,100726
1625022930000,32801,67176,99977
1625023230000,32675,66589,99264
1625023529000,32316,65978,98294
1625023830000,32031,65430,97461
1625024130000,31727,64582,96309
1625024430000,31429,63832,95261
1625024729000,31152,63279,94431
1625025030000,30851,62825,93676
1625025330000,30508,62158,92666
1625025630000,30286,61412,91698
1625025930000,29918,60694,90612
1625026230000,29768,59858,89626
1625026530000,29271,59073,88344
1625026829000,28969,58549,87518
1625027130000,28732,58082,86814
1625027430000,28313,57526,85839
1625027730000,28083,56988,85071
1625028030000,27892,56248,84140
1625028330000,27635,55897,83532
1625028630000,27414,55062,82476
1625028930000,27304,54485,81789
1625029230000,27062,53774,80836
1625029529000,26746,53240,79986
1625029830000,26494,52634,79128
1625030129000,26142,51942,78084
1625030430000,25945,51625,77570
1625030730000,25732,50744,76476
1625031030000,25401,50390,75791
1625031329000,25190,49793,74983
1625031630000,25013,49121,74134
1625031929000,24835,48579,73414
1625032230000,24712,48026,72738
1625032530000,24351,47622,71973
1625032830000,24319,46937,71256
1625033130000,24100,46434,70534
1625033429000,22385,45807,68192
1625033729000,21803,45173,66976
1625034030000,21616,44468,66084
1625034330000,21457,43706,65163
1625034630000,21449,43359,64808
1625034930000,20927,42614,63541
1625035230000,21353,42360,63713
1625035530000,21539,41909,63448
1625035830000,22607,41451,64058
1625036130000,22544,41036,63580
1625036430000,22339,40651,62990
1625036730000,22212,40516,62728
1625037030000,22133,40738,62871
1625037330000,22085,41294,63379
1625037630000,22150,41007,63157
1625037930000,22257,39814,62071
1625038230000,22294,39243,61537
1625038531000,22325,38953,61278
1625038830000,22436,39507,61943
1625039130000,22475,40255,62730
1625039429000,22585,40405,62990
1625039730000,22537,40256,62793
1625040030000,22639,40106,62745
1625040330000,22868,39884,62752
1625040630000,23192,39900,63092
1625040930000,23225,39716,62941
1625041230000,22406,39481,61887
1625041530000,22700,39436,62136
1625041830000,22784,39390,62174
1625042130000,22680,39275,61955
1625042430000,22678,39246,61924
1625042730000,22829,39287,62116
1625043030000,23036,39164,62200
1625043330000,23235,39136,62371
1625043630000,23411,39103,62514
1625043930000,23566,39070,62636
1625044230000,23765,39099,62864
1625044530000,23813,39228,63041
1625044829000,23834,39274,63108
1625045130000,23958,39499,63457
1625045429000,24002,39573,63575
1625045730000,24062,39455,63517
1625046030000,24190,39470,63660
1625046330000,24266,39570,63836
1625046630000,24364,39545,63909
1625046930000,24473,39552,64025
1625047230000,24511,39449,63960
1625047530000,24613,38561,63174
1625047830000,24728,38221,62949
1625048130000,24829,37664,62493
1625048430000,24861,36668,61529
1625048730000,25064,34765,59829
1625049030000,25150,16425,41575
1625049330000,25268,14248,39516
1625049630000,25359,20367,45726
1625049930000,25429,24049,49478
1625050230000,25528,27252,52780
1625050530000,25644,30336,55980
1625050829000,25707,32177,57884
1625051130000,25868,33608,59476
1625051430000,26074,34919,60993
1625051730000,26306,36113,62419
1625052030000,26482,36975,63457
1625052330000,26588,38135,64723
1625052630000,26756,38973,65729
1625052930000,26824,39655,66479
1625053230000,27102,40361,67463
1625053530000,27355,40954,68309
1625053831000,27525,41607,69132
1625054130000,27751,42251,70002
1625054430000,27987,42708,70695
1625054730000,28117,43286,71403
1625055030000,28309,43921,72230
1625055330000,28476,44483,72959
1625055630000,28639,45189,73828
1625055930000,28904,45926,74830
1625056230000,29156,46702,75858
1625056530000,29445,47422,76867
1625056830000,29647,48121,77768
1625057130000,29890,48586,78476
1625057430000,29999,49257,79256
1625057730000,30171,50011,80182
1625058029000,30302,50709,81011
1625058330000,30543,51324,81867
1625058630000,30736,51968,82704
1625058930000,30945,52576,83521
1625059230000,31271,52912,84183
1625059530000,31721,53602,85323
1625059830000,32102,54317,86419
1625060130000,32349,54964,87313
1625060430000,32633,55489,88122
1625060730000,32824,56014,88838
1625061030000,32988,56694,89682
1625061330000,33160,57214,90374
1625061630000,33384,57651,91035
1625061930000,33690,58055,91745
1625062230000,33940,58476,92416
1625062530000,34168,59013,93181
1625062830000,34339,59325,93664
1625063130000,34491,59976,94467
1625063430000,34711,60501,95212
1625063730000,32458,59696,92154
1625064030000,32676,60186,92862
1625064330000,32785,60520,93305
1625064630000,32850,60918,93768
1625064930000,33008,61169,94177
1625065230000,33003,61439,94442
1625065530000,33162,61876,95038
1625065830000,33318,62541,95859
1625066130000,33469,62929,96398
1625066430000,33577,63179,96756
1625066730000,33685,63489,97174
1625067030000,33845,63631,97476
1625067330000,34018,63835,97853
1625067630000,34173,64211,98384
1625067930000,34339,64547,98886
1625068230000,34372,64766,99138
1625068530000,34479,64745,99224
1625068830000,34359,63777,98136
1625069130000,34293,64298,98591
1625069434000,34313,64460,98773
1625069730000,34454,64578,99032
1625070030000,34746,64598,99344
1625070330000,34959,64688,99647
1625070630000,35085,64962,100047
1625070930000,35414,65400,100814
1625071230000,35533,65398,100931
1625071530000,35600,65448,101048
1625071830000,35856,65451,101307
1625072130000,35886,65584,101470
1625072430000,36014,65930,101944
1625072730000,36214,66164,102378
1625073030000,36226,66590,102816
1625073330000,36229,66667,102896
1625073630000,36318,66759,103077
1625073930000,36510,67317,103827
1625074230000,36726,67545,104271
1625074530000,36981,67864,104845
1625074830000,37173,67960,105133
1625075130000,37304,68197,105501
1625075429000,37272,68809,106081
1625075730000,37429,69053,106482
1625076030000,37692,69219,106911
1625076330000,37861,69541,107402
1625076629000,37898,69698,107596
1625076930000,37883,70069,107952
1625077230000,36749,70174,106923
1625077530000,37670,70552,108222
1625077830000,36263,70716,106979
1625078130000,36461,71316,107777
1625078430000,36802,71797,108599
1625078730000,37078,72334,109412
1625079030000,37496,72574,110070
1625079330000,37525,72436,109961
1625079630000,38552,72956,111508
1625079930000,38557,73083,111640
1625080230000,38570,73732,112302
1625080530000,38649,73942,112591
1625080830000,38838,74112,112950
1625081130000,38914,74188,113102
1625081430000,38973,74351,113324
1625081730000,39033,74709,113742
1625082030000,38997,74699,113696
1625082330000,38920,74818,113738
1625082630000,38900,74936,113836
1625082930000,38919,74778,113697
1625083230000,38844,74627,113471
1625083530000,38822,74347,113169
1625083830000,38607,74683,113290
1625084129000,38688,75158,113846
1625084430000,38630,75277,113907
1625084730000,38577,75368,113945
1625085030000,38601,75562,114163
1625085330000,38468,75497,113965
1625085630000,38537,75511,114048
1625085930000,38583,75565,114148
1625086231000,38196,75419,113615
1625086529000,38087,75351,113438
1625086830000,37890,74962,112852
1625087130000,37687,74801,112488
1625087430000,37656,74422,112078
1625087730000,37484,73875,111359
1625088030000,37396,73284,110680
1625088330000,37344,73051,110395
1625088630000,37199,72714,109913
1625088930000,37019,72593,109612
1625089230000,36894,72390,109284
1625089530000,36775,72307,109082
1625089830000,36666,72181,108847
1625090130000,36559,71777,108336
1625090430000,36260,71673,107933
1625090730000,36090,71249,107339
1625091029000,35883,71146,107029
1625091330000,35785,71046,106831
1625091630000,35773,70649,106422
1625091930000,35711,70277,105988
1625092230000,35505,69933,105438
1625092530000,35570,69737,105307
1625092830000,35385,69505,104890
1625093130000,35320,69289,104609
1625093429000,35283,69419,104702
1625093730000,35156,69114,104270
1625094030000,34929,69063,103992
1625094329000,34858,68818,103676
1625094630000,34831,68712,103543
1625094930000,34891,68731,103622
1625095230000,34792,68584,103376
1625095530000,34844,68383,103227
1625095830000,34895,68198,103093
1625096130000,34937,68247,103184
1625096430000,34943,68445,103388
1625096730000,35016,68367,103383
1625097030000,35067,68174,103241
1625097330000,35099,68076,103175
1625097631000,35286,67742,103028
1625097930000,35926,67497,103423
1625098230000,36069,67431,103500
1625098530000,36177,67935,104112
1625098830000,36227,68427,104654
1625099130000,36234,68562,104796
1625099430000,36228,68562,104790
1625099730000,36239,68704,104943
1625100030000,36303,68779,105082
1625100330000,36213,68873,105086
1625100630000,36166,69342,105508
1625100930000,36119,69392,105511
1625101230000,36049,70734,106783
1625101530000,36087,69464,105551
1625101830000,35994,69301,105295
1625102130000,36091,69636,105727
1625102429000,36022,69617,105639
1625102730000,35932,69808,105740
1625103030000,35793,70318,106111
1625103330000,35656,70244,105900
1625103630000,35541,70433,105974
1625103930000,35522,70461,105983
1625104229000,35563,70400,105963
1625104529000,35486,70568,106054
1625104830000,35372,70169,105541
1625105130000,35156,69917,105073
1625105430000,34958,69589,104547
1625105729000,34810,69418,104228
1625106030000,34597,68892,103489
1625106330000,34573,68646,103219
1625106629000,34416,68565,102981
1625106930000,34205,68530,102735
1625107230000,34077,68186,102263
1625107530000,33862,68019,101881
1625107830000,33659,67842,101501
1625108130000,33347,67365,100712
1625108430000,33034,66932,99966
1625108730000,32702,66605,99307
1625109030000,32491,66019,98510
1625109330000,32158,65487,97645
1625109630000,31834,64920,96754
1625109930000,31534,64516,96050
1625110230000,31332,64283,95615
1625110530000,31022,63694,94716
1625110830000,30901,63359,94260
1625111130000,30634,62680,93314
1625111430000,30446,62071,92517
1625111730000,30103,61442,91545
1625112030000,29900,60669,90569
1625112330000,29687,59959,89646
1625112630000,29394,58955,88349
1625112930000,29106,58339,87445
1625113230000,28782,57818,86600
1625113530000,28500,57459,85959
1625113830000,28315,56999,85314
1625114130000,28124,56580,84704
1625114430000,27785,55728,83513
1625114730000,27556,55198,82754
1625115030000,27285,54786,82071
1625115330000,26995,54137,81132
1625115630000,25189,53469,78658
1625115930000,24966,52643,77609
1625116230000,24947,51944,76891
1625116530000,25576,51419,76995
1625116830000,24242,50546,74788
1625117129000,24062,49955,74017
1625117430000,23777,49596,73373
1625117730000,23611,49017,72628
1625118030000,23378,48456,71834
1625118330000,23126,48037,71163
1625118630000,22963,47729,70692
1625118930000,22917,46980,69897
1625119230000,22529,46608,69137
1625119530000,22486,46048,68534
1625119830000,22293,45411,67704
1625120130000,22239,44928,67167
1625120429000,21890,44302,66192
1625120730000,21678,43983,65661
1625121030000,21079,43539,64618
1625121330000,21207,43058,64265
1625121630000,20761,42868,63629
1625121930000,22435,42600,65035
1625122230000,22366,42350,64716
1625122530000,22294,42159,64453
1625122830000,22310,41857,64167
1625123130000,22221,41354,63575
1625123430000,22125,41583,63708
1625123729000,22081,42241,64322
1625124029000,21861,41795,63656
1625124330000,21939,40438,62377
1625124630000,21924,40172,62096
1625124931000,21882,39981,61863
1625125298000,21873,40661,62534
1625125530000,21868,41155,63023
1625125830000,21666,41284,62950
1625126130000,21750,41261,63011
1625126430000,21948,40892,62840
1625126730000,21812,40680,62492
1625127030000,21983,40715,62698
1625127330000,22058,40678,62736
1625127630000,22095,40255,62350
1625127930000,22217,40133,62350
1625128230000,22257,40102,62359
1625128530000,22297,39769,62066
1625128830000,22236,40032,62268
1625129130000,22236,39960,62196
1625129430000,22225,39894,62119
1625129730000,22257,40004,62261
1625130029000,22395,39906,62301
1625130330000,22501,39732,62233
1625130630000,22609,39783,62392
1625130930000,22638,39789,62427
1625131231000,22621,39597,62218
1625131530000,22660,39670,62330
1625131830000,22693,40012,62705
1625132130000,22780,40011,62791
1625132430000,22866,40356,63222
1625132730000,23038,40474,63512
1625133030000,23071,40639,63710
1625133330000,23175,40449,63624
1625133630000,23287,40293,63580
1625133930000,23335,40620,63955
1625134230000,23449,40558,64007
1625134530000,23404,40579,63983
1625134829000,23440,40390,63830
1625135130000,23507,40521,64028
1625135430000,23583,40756,64339
1625135730000,23727,40906,64633
1625136030000,23821,41067,64888
1625136330000,23819,41410,65229
1625136630000,23900,41910,65810
1625136930000,23922,42042,65964
1625137230000,23844,42272,66116
1625137530000,23945,42475,66420
1625137830000,24119,42520,66639
1625138130000,24300,42723,67023
1625138430000,24493,42824,67317
1625138730000,24759,43079,67838
1625139030000,24974,43767,68741
1625139330000,25182,43912,69094
1625139630000,25361,44446,69807
1625139929000,25562,44716,70278
1625140230000,25675,45000,70675
1625140530000,25785,45333,71118
1625140830000,25870,45697,71567
1625141130000,25986,45957,71943
1625141430000,26212,46506,72718
1625141730000,26204,47242,73446
1625142030000,26503,47728,74231
1625142331000,26775,48201,74976
1625142630000,27009,48740,75749
1625142930000,27211,48978,76189
1625143230000,27523,49587,77110
1625143530000,27824,50184,78008
1625143830000,27989,50562,78551
1625144130000,28035,51134,79169
1625144430000,28214,51113,79327
1625144730000,28504,51854,80358
1625145030000,28733,52668,81401
1625145330000,28997,52593,81590
1625145630000,29352,53069,82421
1625145930000,29719,53684,83403
1625146230000,29965,54232,84197
1625146530000,30103,54983,85086
1625146830000,30334,55395,85729
1625147129000,30697,55831,86528
1625147430000,30994,56339,87333
1625147730000,31196,56096,87292
1625148030000,30710,56398,87108
1625148330000,30965,57202,88167
1625148630000,31118,57619,88737
1625148930000,30765,57799,88564
1625149230000,30563,58335,88898
1625149530000,30796,58735,89531
1625149830000,31040,59258,90298
1625150130000,31295,59657,90952
1625150430000,31505,60283,91788
1625150730000,31827,60802,92629
1625151030000,31914,61255,93169
1625151330000,32072,61601,93673
1625151630000,32107,61881,93988
1625151930000,32160,61970,94130
1625152230000,32279,62487,94766
1625152530000,32555,61823,94378
1625152830000,32970,62281,95251
1625153130000,33279,62551,95830
1625153430000,33573,62932,96505
1625153730000,33895,63302,97197
1625154030000,34101,63600,97701
1625154330000,34331,63911,98242
1625154630000,33071,64161,97232
1625154930000,33221,64357,97578
1625155230000,33277,64172,97449
1625155530000,33401,64041,97442
1625155830000,35119,64286,99405
1625156130000,34113,64453,98566
1625156430000,34215,64496,98711
1625156730000,34348,64848,99196
1625157030000,34405,64733,99138
1625157330000,34394,65067,99461
1625157630000,34513,65052,99565
1625157930000,34721,65272,99993
1625158230000,34901,65695,100596
1625158530000,35051,65963,101014
1625158830000,35122,66277,101399
1625159130000,35152,66582,101734
1625159430000,35320,66917,102237
1625159730000,35394,67041,102435
1625160030000,35465,67428,102893
1625160330000,35662,67561,103223
1625160630000,35720,67961,103681
1625160930000,36081,68473,104554
1625161230000,36342,68617,104959
1625161530000,36294,69815,106109
1625161829000,36304,70076,106380
1625162130000,36622,70160,106782
1625162430000,36757,70271,107028
1625162730000,35476,70483,105959
1625163030000,35939,70816,106755
1625163330000,35793,71258,107051
1625163630000,35779,71357,107136
1625163930000,35198,71562,106760
1625164230000,36196,71765,107961
1625164529000,36118,72115,108233
1625164829000,36585,72541,109126
1625165129000,37670,72759,110429
1625165430000,37680,72917,110597
1625165730000,37784,73010,110794
1625166030000,37782,73323,111105
1625166330000,37735,73381,111116
1625166630000,37852,73564,111416
1625166930000,37819,73635,111454
1625167230000,37977,74097,112074
1625167530000,38022,74368,112390
1625167830000,38059,74286,112345
1625168130000,37965,74436,112401
1625168430000,37900,74509,112409
1625168729000,37922,74614,112536
1625169030000,37936,74689,112625
1625169330000,38087,74658,112745
1625169630000,37953,74835,112788
1625169930000,37944,74911,112855
1625170230000,37754,74915,112669
1625170530000,37926,75122,113048
1625170830000,37973,75036,113009
1625171130000,37972,75201,113173
1625171430000,37951,75098,113049
1625171730000,37801,74914,112715
1625172030000,37781,74976,112757
1625172330000,37673,74965,112638
1625172630000,37597,74833,112430
1625172930000,37443,74678,112121
1625173230000,37296,74319,111615
1625173540000,37104,73963,111067
1625173830000,36939,73824,110763
1625174130000,36855,73700,110555
1625174430000,36748,73550,110298
1625174730000,36675,73214,109889
1625175030000,36499,72753,109252
1625175330000,36445,72480,108925
1625175630000,36333,72476,108809
1625175930000,36242,72215,108457
1625176230000,36166,71825,107991
1625176530000,35827,71456,107283
1625176830000,35619,71223,106842
1625177130000,35472,70608,106080
1625177430000,35284,70055,105339
1625177730000,35102,69983,105085
1625178030000,35139,69926,105065
1625178330000,35103,69873,104976
1625178630000,35026,69587,104613
1625178930000,34933,69351,104284
1625179230000,34726,69187,103913
1625179530000,34670,68809,103479
1625179830000,34654,68798,103452
1625180130000,34534,69625,104159
1625180430000,34524,69493,104017
1625180731000,34515,69404,103919
1625181030000,34414,68988,103402
1625181330000,34387,68817,103204
1625181630000,34359,68566,102925
1625181930000,34359,68348,102707
1625182230000,34288,68252,102540
1625182530000,34246,68525,102771
1625182830000,34231,68564,102795
1625183130000,34240,68252,102492
1625183430000,34293,68144,102437
1625183730000,34247,68137,102384
1625184030000,34325,67995,102320
1625184330000,34800,67734,102534
1625184630000,34922,67843,102765
1625184930000,35021,68210,103231
1625185230000,35029,68136,103165
1625185530000,35074,68294,103368
1625185830000,35037,68304,103341
1625186130000,35059,68431,103490
1625186430000,34733,68493,103226
1625186729000,34825,68660,103485
1625187029000,34865,68805,103670
1625187330000,34894,69403,104297
1625187630000,34852,69296,104148
1625187930000,34731,69382,104113
1625188230000,34690,69180,103870
1625188530000,34685,69195,103880
1625188830000,34647,69426,104073
1625189130000,34635,69608,104243
1625189430000,34651,69771,104422
1625189730000,34589,69625,104214
1625190030000,34430,69707,104137
1625190330000,34311,69676,103987
1625190630000,34166,69709,103875
1625190930000,34058,69748,103806
1625191230000,33986,69678,103664
1625191530000,33794,69573,103367
1625191830000,33673,69154,102827
1625192130000,33426,68991,102417
1625192430000,33286,69128,102414
1625192730000,33030,68892,101922
1625193030000,32849,68840,101689
1625193329000,32634,68283,100917
1625193630000,32428,67991,100419
1625193930000,32126,67687,99813
1625194230000,31908,67535,99443
1625194530000,31637,67312,98949
1625194830000,31326,66539,97865
1625195129000,30941,66262,97203
1625195430000,30824,66054,96878
1625195730000,30710,65657,96367
1625196029000,30554,65290,95844
1625196331000,30394,65069,95463
1625196630000,30097,64541,94638
1625196929000,30010,63886,93896
1625197229000,29813,63655,93468
1625197530000,29594,63208,92802
1625197829000,29383,62506,91889
1625198130000,29168,61921,91089
1625198429000,28910,61272,90182
1625198730000,28704,60376,89080
1625199030000,28487,59963,88450
1625199330000,28066,59256,87322
1625199630000,27716,58433,86149
1625199930000,27501,57916,85417
1625200230000,27299,57232,84531
1625200530000,27005,56682,83687
1625200830000,26677,56176,82853
1625201130000,26548,55580,82128
1625201430000,26422,54915,81337
1625201730000,26225,54355,80580
1625202030000,26108,53750,79858
1625202330000,25802,53253,79055
1625202631000,25632,52362,77994
1625202930000,25331,51614,76945
1625203229000,25064,51121,76185
1625203530000,24892,50573,75465
1625203830000,24518,50132,74650
1625204130000,24364,49441,73805
1625204430000,24316,48944,73260
1625204730000,24017,48340,72357
1625205030000,23843,47806,71649
1625205330000,23877,47263,71140
1625205629000,23414,46760,70174
1625205930000,21939,46088,68027
1625206230000,21593,45650,67243
1625206530000,21400,45422,66822
1625206830000,21269,44687,65956
1625207130000,21334,44402,65736
1625207430000,20848,44077,64925
1625207730000,21447,43650,65097
1625208030000,21225,43156,64381
1625208330000,22350,42948,65298
1625208630000,22252,42531,64783
1625208930000,22095,42191,64286
1625209230000,21972,41834,63806
1625209531000,21970,41508,63478
1625209830000,21895,41730,63625
1625210130000,21852,42158,64010
1625210430000,21566,41899,63465
1625210731000,21304,40836,62140
1625211030000,21447,40319,61766
1625211330000,21541,40209,61750
1625211630000,21537,40809,62346
1625211929000,21386,41456,62842
1625212230000,21450,41520,62970
1625212531000,21591,41066,62657
1625212830000,21738,40927,62665
1625213130000,22010,40678,62688
1625213430000,22239,40524,62763
1625213730000,22433,40817,63250
1625214030000,22530,40778,63308
1625214330000,21695,40618,62313
1625214630000,21846,40240,62086
1625214930000,22004,40308,62312
1625215230000,22067,39569,61636
1625215530000,22244,39468,61712
1625215830000,22336,39467,61803
1625216130000,22354,39332,61686
1625216430000,22461,39254,61715
1625216730000,22440,39279,61719
1625217030000,22612,39253,61865
1625217329000,22687,39369,62056
1625217630000,22683,39235,61918
1625217930000,22720,39432,62152
1625218230000,22847,39545,62392
1625218530000,22898,39556,62454
1625218830000,23011,39590,62601
1625219130000,22249,39807,62056
1625219429000,22311,39908,62219
1625219730000,22373,39925,62298
1625220030000,22404,39828,62232
1625220330000,22442,39920,62362
1625220630000,22534,40079,62613
1625220930000,22627,39971,62598
1625221230000,22767,40016,62783
1625221530000,22786,40325,63111
1625221830000,22861,40389,63250
1625222130000,22987,40588,63575
1625222430000,23163,40997,64160
1625222730000,23200,41358,64558
1625223030000,23249,41566,64815
1625223330000,23541,41756,65297
1625223629000,23786,41953,65739
1625223929000,23801,42135,65936
1625224229000,23983,40521,64504
1625224530000,23957,42132,66089
1625224830000,24369,42562,66931
1625225130000,24758,43130,67888
1625225430000,25083,43328,68411
1625225730000,25259,43296,68555
1625226030000,25596,44045,69641
1625226330000,25005,44659,69664
1625226630000,25199,45061,70260
1625226930000,25298,45296,70594
1625227230000,25568,45831,71399
1625227530000,25782,46293,72075
1625227830000,26019,46698,72717
1625228130000,26108,47089,73197
1625228429000,26259,47607,73866
1625228730000,26474,47925,74399
1625229030000,26765,48397,75162
1625229330000,27073,48996,76069
1625229630000,27304,49303,76607
1625229930000,27433,49930,77363
1625230230000,27688,50611,78299
1625230530000,27808,51024,78832
1625230830000,27958,51510,79468
1625231130000,27999,52509,80508
1625231430000,28319,53060,81379
1625231730000,28520,52898,81418
1625232030000,28947,53426,82373
1625232330000,29090,53876,82966
1625232630000,28917,54532,83449
1625232930000,29084,54563,83647
1625233230000,29352,55248,84600
1625233530000,29601,55800,85401
1625233830000,29795,56232,86027
1625234130000,29903,56855,86758
1625234430000,29996,57146,87142
1625234729000,30128,57515,87643
1625235030000,30357,57792,88149
1625235330000,30488,58361,88849
1625235630000,30619,58735,89354
1625235930000,30760,59071,89831
1625236230000,30990,59380,90370
1625236530000,31249,59993,91242
1625236830000,31545,60704,92249
1625237130000,31861,61214,93075
1625237430000,32083,61637,93720
1625237730000,32300,61897,94197
1625238030000,32418,62122,94540
1625238331000,32564,62509,95073
1625238630000,32844,62981,95825
1625238930000,33078,63169,96247
1625239230000,33291,63540,96831
1625239530000,32506,63812,96318
1625239830000,32597,63819,96416
1625240130000,32642,63798,96440
1625240429000,32845,63752,96597
1625240730000,32936,64059,96995
1625241030000,33092,64406,97498
1625241330000,33276,64528,97804
1625241630000,33218,64296,97514
1625241930000,33164,64030,97194
1625242230000,33215,64007,97222
1625242530000,33278,63723,97001
1625242830000,33277,64082,97359
1625243130000,33430,64555,97985
1625243430000,33496,64410,97906
1625243730000,33489,64525,98014
1625244030000,33685,64690,98375
1625244330000,33627,64970,98597
1625244630000,33883,65279,99162
1625244930000,33904,65105,99009
1625245230000,33940,65007,98947
1625245530000,34039,64951,98990
1625245830000,34168,65243,99411
1625246130000,34250,65345,99595
1625246430000,34436,65925,100361
1625246730000,34546,66424,100970
1625247030000,34715,66583,101298
1625247330000,34642,66753,101395
1625247630000,34762,66844,101606
1625247930000,34872,66860,101732
1625248230000,34875,67167,102042
1625248530000,34993,67491,102484
1625248830000,34000,67399,101399
1625249130000,34232,67158,101390
1625249430000,34215,67667,101882
1625249729000,34392,68112,102504
1625250030000,34539,68270,102809
1625250330000,34606,68697,103303
1625250630000,34775,68581,103356
1625250930000,34804,68628,103432
1625251230000,35456,68214,103670
1625251530000,35861,68551,104412
1625251830000,36111,68823,104934
1625252130000,36239,69109,105348
1625252430000,36201,69325,105526
1625252730000,36307,69764,106071
1625253030000,36304,69719,106023
1625253330000,36189,70031,106220
1625253631000,36349,70184,106533
1625253930000,36475,70325,106800
1625254230000,36604,70599,107203
1625254530000,36579,70519,107098
1625254830000,36625,70802,107427
1625255130000,36659,71048,107707
1625255430000,36689,71251,107940
1625255730000,36843,71328,108171
1625256030000,36826,71366,108192
1625256330000,36939,71527,108466
1625256630000,36817,71858,108675
1625256930000,36911,72014,108925
1625257230000,36924,72134,109058
1625257530000,36822,72119,108941
1625257829000,36797,72398,109195
1625258130000,36869,72433,109302
1625258430000,36825,72510,109335
1625258730000,36733,72451,109184
1625259030000,36553,72091,108644
1625259329000,36540,71772,108312
1625259630000,36455,71724,108179
1625259930000,36326,71572,107898
1625260230000,36372,71636,108008
1625260530000,36309,71579,107888
1625260830000,36347,71618,107965
1625261130000,36420,71706,108126
1625261429000,36354,71733,108087
1625261729000,36359,71773,108132
1625262030000,36204,71560,107764
1625262330000,36183,71321,107504
1625262630000,36051,71078,107129
1625262930000,35863,70950,106813
1625263230000,35703,70597,106300
1625263530000,35654,70296,105950
1625263830000,35598,69969,105567
1625264129000,35554,71085,106639
1625264430000,35333,70803,106136
1625264730000,35250,70396,105646
1625265030000,35194,70139,105333
1625265330000,35165,69863,105028
1625265630000,35103,69746,104849
1625265930000,35035,69547,104582
1625266230000,34928,69273,104201
1625266530000,34857,68835,103692
1625266830000,34726,68618,103344
1625267130000,34460,68557,103017
1625267430000,34738,68365,103103
1625267730000,34495,68110,102605
1625268030000,34488,67738,102226
1625268330000,34406,67701,102107
1625268630000,34306,67636,101942
1625268930000,34286,67524,101810
1625269230000,34281,67362,101643
1625269530000,34146,67266,101412
1625269830000,34179,67431,101610
1625270130000,34251,67448,101699
1625270429000,34178,67461,101639
1625270730000,34560,67070,101630
1625271030000,34639,67035,101674
1625271329000,34641,66941,101582
1625271631000,34592,66959,101551
1625271930000,34565,67091,101656
1625272230000,34481,67156,101637
1625272530000,34447,66047,100494
1625272830000,34192,66123,100315
1625273129000,34176,66448,100624
1625273429000,34227,66609,100836
1625273729000,34261,66692,100953
1625274030000,34274,66556,100830
1625274330000,34206,66271,100477
1625274630000,34076,66359,100435
1625274930000,34004,66616,100620
1625275230000,33859,66812,100671
1625275530000,33719,66930,100649
1625275830000,33770,66913,100683
1625276129000,33822,66915,100737
1625276430000,33773,66919,100692
1625276730000,33694,67122,100816
1625277030000,33561,67405,100966
1625277331000,33541,67551,101092
1625277630000,33455,67444,100899
1625277930000,33336,67501,100837
1625278230000,33302,67358,100660
1625278530000,33249,67197,100446
1625278829000,33113,67378,100491
1625279130000,33168,67104,100272
1625279430000,33108,67187,100295
1625279730000,33036,67181,100217
1625280029000,32919,67200,100119
1625280330000,32767,66970,99737
1625280630000,32710,66926,99636
1625280930000,32571,66683,99254
1625281230000,32506,66539,99045
1625281530000,32311,66168,98479
1625281830000,32125,65685,97810
1625282130000,31968,65479,97447
1625282430000,31869,65336,97205
1625282730000,31683,65099,96782
1625283030000,31531,64683,96214
1625283330000,31376,64298,95674
1625283629000,31286,64019,95305
1625283930000,31155,63661,94816
1625284229000,30930,63306,94236
1625284530000,30735,62647,93382
1625284830000,30517,62203,92720
1625285129000,30308,61785,92093
1625285429000,30109,61148,91257
1625285730000,29848,60947,90795
1625286030000,29601,60479,90080
1625286330000,29340,60010,89350
1625286630000,29215,59589,88804
1625286930000,28911,58916,87827
1625287230000,28637,58441,87078
1625287529000,28471,57986,86457
1625287829000,28304,57461,85765
1625288129000,27789,56828,84617
1625288431000,27446,56283,83729
1625288730000,27121,55554,82675
1625289030000,26756,55174,81930
1625289330000,26769,54706,81475
1625289630000,26360,54222,80582
1625289929000,26029,53915,79944
1625290229000,25837,53298,79135
1625290529000,25700,52529,78229
1625290830000,25388,51899,77287
1625291130000,25138,51224,76362
1625291430000,25123,50711,75834
1625291729000,24586,50077,74663
1625292030000,24353,49517,73870
1625292330000,22945,48866,71811
1625292630000,23461,48322,71783
1625292929000,22447,47860,70307
1625293230000,22521,47460,69981
1625293529000,22105,47084,69189
1625293830000,22489,46594,69083
1625294130000,22699,45993,68692
1625294430000,23667,45467,69134
1625294730000,23477,45051,68528
1625295030000,23310,44634,67944
1625295330000,23149,44234,67383
1625295629000,22893,43692,66585
1625295930000,22757,43122,65879
1625296230000,22748,43268,66016
1625296530000,22435,43424,65859
1625296830000,22369,43215,65584
1625297130000,22369,42032,64401
1625297430000,22198,41504,63702
1625297730000,22359,41377,63736
1625298030000,22511,41696,64207
1625298330000,22362,42192,64554
1625298630000,22311,42178,64489
1625298930000,22375,41911,64286
1625299230000,22305,41353,63658
1625299529000,22410,41626,64036
1625299830000,22394,41339,63733
1625300130000,22377,41228,63605
1625300430000,22424,40996,63420
1625300730000,22461,40953,63414
1625301030000,22534,40591,63125
1625301330000,22480,39100,61580
1625301630000,22462,40519,62981
1625301930000,22505,40464,62969
1625302230000,22548,40172,62720
1625302530000,22522,40207,62729
1625302830000,22599,40244,62843
1625303130000,22677,40232,62909
1625303430000,22685,40266,62951
1625303730000,22632,40207,62839
1625304030000,22776,40428,63204
1625304330000,22815,40463,63278
1625304630000,22899,40369,63268
1625304930000,22927,40384,63311
1625305230000,23051,40255,63306
1625305530000,23135,40542,63677
1625305830000,23196,40597,63793
1625306129000,23273,40783,64056
1625306430000,23313,40938,64251
1625306730000,23301,41098,64399
1625307029000,23406,41052,64458
1625307330000,23526,41308,64834
1625307630000,23647,41539,65186
1625307930000,23587,41691,65278
1625308230000,23744,41808,65552
1625308530000,23776,41709,65485
1625308830000,23954,41957,65911
1625309130000,24026,42237,66263
1625309430000,24207,41538,65745
1625309730000,24349,41437,65786
1625310030000,24460,41304,65764
1625310330000,24546,41126,65672
1625310630000,24718,41049,65767
1625310930000,24772,41330,66102
1625311230000,24834,41853,66687
1625311530000,25051,42030,67081
1625311830000,25158,42448,67606
1625312131000,25391,42812,68203
1625312430000,25569,43172,68741
1625312730000,25748,43621,69369
1625313030000,25957,43859,69816
1625313330000,26175,44358,70533
1625313630000,26299,44657,70956
1625313930000,26474,45036,71510
1625314230000,26675,45360,72035
1625314530000,26734,45791,72525
1625314830000,26921,46195,73116
1625315130000,27036,46809,73845
1625315430000,27271,47188,74459
1625315730000,27555,47807,75362
1625316030000,27888,48002,75890
1625316330000,28044,47890,75934
1625316630000,28190,48364,76554
1625316929000,28522,48941,77463
1625317230000,28734,49417,78151
1625317530000,28940,49764,78704
1625317830000,29208,50200,79408
1625318130000,28271,50688,78959
1625318429000,28417,51368,79785
1625318730000,28604,51823,80427
1625319030000,28967,52407,81374
1625319330000,29069,52971,82040
1625319630000,29278,53757,83035
1625319930000,29544,54259,83803
1625320230000,29719,54952,84671
1625320530000,29910,55303,85213
1625320830000,30101,55668,85769
1625321130000,30297,56144,86441
1625321430000,30471,56592,87063
1625321730000,30708,57033,87741
1625322030000,30822,57228,88050
1625322330000,31063,57824,88887
1625322630000,31286,58379,89665
1625322930000,31445,58930,90375
1625323230000,31572,59315,90887
1625323530000,31592,59856,91448
1625323830000,31853,60205,92058
1625324130000,32040,60258,92298
1625324430000,32231,60579,92810
1625324730000,32411,60799,93210
1625325029000,32535,61108,93643
1625325329000,32487,61679,94166
1625325629000,32642,62006,94648
1625325930000,32670,62324,94994
1625326230000,32731,63612,96343
1625326530000,32905,62954,95859
1625326830000,33011,63109,96120
1625327130000,33082,63408,96490
1625327430000,33219,63572,96791
1625327730000,33360,63668,97028
1625328030000,33432,63631,97063
1625328329000,33474,63548,97022
1625328629000,33577,63569,97146
1625328930000,33725,63771,97496
1625329230000,33747,63967,97714
1625329530000,33904,64215,98119
1625329830000,33984,64334,98318
1625330130000,34086,64734,98820
1625330430000,34139,65108,99247
1625330730000,34175,65143,99318
1625331030000,34282,65347,99629
1625331330000,34514,65410,99924
1625331630000,34628,65654,100282
1625331930000,34748,65838,100586
1625332230000,34690,66055,100745
1625332530000,34735,66266,101001
1625332830000,34880,66393,101273
1625333130000,35071,66519,101590
1625333430000,35149,66813,101962
1625333730000,35181,67054,102235
1625334030000,35244,67214,102458
1625334330000,35299,67337,102636
1625334632000,35664,67379,103043
1625334930000,35520,67479,102999
1625335230000,35471,67320,102791
1625335530000,35894,67620,103514
1625335829000,35993,67848,103841
1625336130000,34582,68011,102593
1625336429000,35738,68172,103910
1625336730000,34505,68288,102793
1625337030000,34646,68441,103087
1625337330000,34793,68737,103530
1625337631000,35392,68887,104279
1625337930000,35391,69242,104633
1625338230000,35430,69313,104743
1625338530000,36504,69064,105568
1625338830000,36360,68833,105193
1625339130000,36388,68741,105129
1625339430000,36432,69011,105443
1625339730000,36514,69225,105739
1625340030000,36636,69503,106139
1625340330000,36685,69658,106343
1625340630000,36716,69812,106528
1625340930000,36802,70091,106893
1625341230000,36858,70200,107058
1625341529000,36912,70511,107423
1625341830000,36859,70465,107324
1625342129000,36894,70665,107559
1625342430000,36937,70733,107670
1625342729000,36882,70580,107462
1625343030000,36742,70444,107186
1625343330000,36565,70667,107232
1625343630000,36560,70914,107474
1625343930000,36561,70845,107406
1625344229000,36457,70789,107246
1625344530000,36419,70816,107235
1625344830000,36378,70759,107137
1625345130000,36259,70486,106745
1625345430000,36150,70372,106522
1625345730000,35990,70364,106354
1625346030000,36002,70216,106218
1625346330000,35932,70102,106034
1625346630000,35939,69861,105800
1625346930000,35877,69829,105706
1625347230000,36150,69893,106043
1625347530000,36025,69952,105977
1625347830000,35885,69835,105720
1625348130000,35932,69516,105448
1625348430000,35930,69687,105617
1625348730000,35940,69417,105357
1625349029000,35869,69167,105036
1625349330000,35755,69101,104856
1625349630000,35734,68886,104620
1625349930000,35662,68273,103935
1625350230000,35533,68000,103533
1625350530000,35371,68103,103474
1625350830000,35194,67881,103075
1625351130000,35133,67465,102598
1625351430000,35123,67014,102137
1625351730000,35038,66976,102014
1625352030000,34916,66726,101642
1625352330000,34840,66545,101385
1625352630000,34602,66266,100868
1625352930000,34498,65987,100485
1625353230000,34372,65629,100001
1625353530000,34216,65294,99510
1625353830000,33989,65140,99129
1625354130000,33838,64792,98630
1625354430000,33736,64523,98259
1625354730000,33634,64486,98120
1625355030000,33547,64422,97969
1625355330000,33559,64237,97796
1625355630000,33510,64106,97616
1625355930000,33444,63962,97406
1625356230000,33316,63919,97235
1625356530000,33387,63633,97020
1625356830000,33402,63232,96634
1625357130000,33647,63163,96810
1625357429000,33630,62804,96434
1625357730000,33638,62823,96461
1625358030000,33501,62788,96289
1625358329000,33439,62670,96109
1625358630000,33415,62700,96115
1625358930000,33310,62951,96261
1625359230000,33291,63007,96298
1625359530000,33265,62902,96167
1625359830000,33203,62943,96146
1625360129000,33192,62907,96099
1625360430000,33101,62833,95934
1625360730000,33120,62648,95768
1625361030000,33106,62585,95691
1625361330000,33080,62695,95775
1625361630000,33103,62899,96002
1625361930000,32952,63103,96055
1625362230000,32910,63288,96198
1625362530000,32841,63548,96389
1625362830000,32820,63782,96602
1625363129000,32879,63863,96742
1625363430000,32669,63845,96514
1625363729000,32628,63810,96438
1625364030000,32513,63993,96506
1625364330000,32414,63993,96407
1625364630000,32389,64213,96602
1625364930000,32349,64243,96592
1625365230000,32233,64192,96425
1625365530000,32190,64190,96380
1625365830000,32042,64071,96113
1625366130000,31904,63743,95647
1625366430000,31822,63836,95658
1625366730000,31710,63926,95636
1625367030000,31514,63954,95468
1625367329000,31430,63791,95221
1625367630000,31266,63682,94948
1625367930000,31144,63244,94388
1625368230000,31106,63118,94224
1625368530000,31003,63039,94042
1625368830000,30959,62794,93753
1625369130000,31120,62679,93799
1625369429000,30625,62419,93044
1625369729000,30649,62239,92888
1625370030000,30549,62152,92701
1625370330000,30344,61805,92149
1625370630000,30246,61420,91666
1625370930000,30000,61143,91143
1625371230000,29924,60605,90529
1625371529000,29794,60105,89899
1625371830000,29596,59802,89398
1625372130000,29456,59431,88887
1625372430000,29162,59078,88240
1625372730000,28798,58704,87502
1625373030000,28722,58349,87071
1625373330000,28582,57841,86423
1625373630000,28396,57613,86009
1625373930000,27007,57100,84107
1625374229000,28157,56723,84880
1625374530000,28008,56288,84296
1625374830000,27771,55736,83507
1625375130000,27648,55141,82789
1625375430000,26571,54849,81420
1625375730000,26855,54283,81138
1625376030000,25557,53771,79328
1625376330000,25590,53052,78642
1625376630000,25123,52587,77710
1625376930000,24952,52109,77061
1625377230000,24718,51675,76393
1625377530000,24456,51223,75679
1625377829000,24147,50732,74879
1625378130000,24210,50304,74514
1625378430000,23559,49758,73317
1625378730000,23387,48895,72282
1625379030000,23368,48398,71766
1625379330000,22814,47993,70807
1625379630000,23515,47607,71122
1625379930000,23103,47183,70286
1625380229000,23947,46521,70468
1625380529000,24221,46155,70376
1625380829000,24208,45780,69988
1625381130000,23976,45406,69382
1625381430000,23822,44973,68795
1625381730000,23590,44593,68183
1625382030000,23540,44091,67631
1625382329000,22153,43619,65772
1625382630000,21835,43804,65639
1625382930000,21661,44211,65872
1625383229000,21584,44189,65773
1625383530000,21511,42858,64369
1625383830000,21432,42097,63529
1625384130000,21599,42032,63631
1625384430000,22803,42539,65342
1625384730000,22735,43030,65765
1625385029000,22520,42834,65354
1625385330000,22489,42560,65049
1625385630000,22570,42191,64761
1625385930000,22620,42178,64798
1625386230000,22643,42215,64858
1625386530000,22649,42150,64799
1625386830000,22657,42048,64705
1625387129000,22748,41948,64696
1625387430000,22876,41663,64539
1625387729000,22948,41649,64597
1625388029000,22979,41575,64554
1625388330000,23017,41398,64415
1625388630000,23041,41271,64312
1625388930000,23138,41364,64502
1625389230000,22887,41469,64356
1625389530000,23018,41483,64501
1625389830000,23123,41332,64455
1625390130000,23227,41483,64710
1625390430000,23285,41822,65107
1625390730000,23391,41876,65267
1625391030000,23421,42004,65425
1625391330000,23457,42112,65569
1625391630000,23502,42231,65733
1625391930000,23543,42123,65666
1625392230000,23549,42128,65677
1625392529000,23624,42297,65921
1625392829000,23546,42396,65942
1625393130000,23616,42310,65926
1625393430000,23769,42438,66207
1625393730000,23818,42561,66379
1625394030000,23985,42552,66537
1625394330000,24048,42800,66848
1625394630000,24095,43126,67221
1625394930000,24218,43481,67699
1625395230000,24292,43700,67992
1625395530000,24489,43780,68269
1625395831000,24725,44150,68875
1625396130000,24752,44181,68933
1625396429000,24801,44272,69073
1625396730000,25000,44538,69538
1625397029000,25158,44666,69824
1625397330000,25335,45002,70337
1625397630000,25347,45368,70715
1625397930000,25492,45859,71351
1625398229000,25697,46145,71842
1625398530000,25941,46516,72457
1625398830000,26162,46817,72979
1625399130000,26181,47249,73430
1625399429000,26423,47643,74066
1625399729000,26704,47998,74702
1625400030000,26867,48279,75146
1625400330000,27080,48708,75788
1625400630000,27284,49151,76435
1625400929000,27439,49668,77107
1625401230000,27662,50125,77787
1625401530000,27793,50484,78277
1625401829000,27945,50847,78792
1625402130000,28192,51581,79773
1625402430000,28318,51893,80211
1625402730000,28448,52343,80791
1625403030000,28673,52752,81425
1625403330000,28865,53143,82008
1625403630000,28988,53547,82535
1625403930000,29216,54051,83267
1625404230000,29430,54649,84079
1625404529000,29731,55159,84890
1625404830000,29886,55626,85512
1625405130000,30181,56218,86399
1625405429000,30455,56856,87311
1625405731000,30734,57277,88011
1625406030000,31008,57509,88517
1625406330000,31285,58020,89305
1625406630000,31486,58727,90213
1625406929000,31628,59300,90928
1625407230000,31852,59600,91452
1625407530000,32017,59955,91972
1625407830000,32224,60434,92658
1625408130000,32412,60920,93332
1625408430000,32721,61451,94172
1625408730000,33080,61991,95071
1625409030000,33072,62412,95484
1625409330000,33290,62806,96096
1625409630000,33433,63344,96777
1625409930000,33592,63779,97371
1625410230000,33799,64584,98383
1625410529000,34079,65273,99352
1625410829000,34263,65587,99850
1625411130000,34421,66055,100476
1625411430000,34531,66751,101282
1625411730000,34676,67105,101781
1625412030000,34756,67627,102383
1625412330000,34926,67940,102866
1625412630000,35212,68235,103447
1625412930000,35333,68459,103792
1625413230000,35516,68666,104182
1625413530000,35657,69205,104862
1625413829000,35800,69250,105050
1625414130000,35919,69562,105481
1625414430000,36283,69858,106141
1625414730000,36443,69921,106364
1625415030000,36546,70113,106659
1625415330000,36593,70279,106872
1625415629000,36742,70564,107306
1625415930000,36809,70834,107643
1625416230000,36917,71203,108120
1625416530000,36998,71359,108357
1625416830000,36974,71443,108417
1625417130000,37204,71536,108740
1625417430000,37431,71890,109321
1625417729000,37460,72144,109604
1625418029000,37944,72116,110060
1625418330000,37859,72071,109930
1625418630000,37867,72139,110006
1625418930000,37924,72160,110084
1625419230000,36958,72493,109451
1625419530000,37515,72866,110381
1625419830000,36964,73124,110088
1625420130000,36902,73502,110404
1625420430000,37156,73659,110815
1625420730000,36935,73893,110828
1625421030000,37832,73943,111775
1625421329000,37731,74100,111831
1625421630000,39125,72782,111907
1625421930000,39294,72631,111925
1625422230000,39405,73247,112652
1625422530000,39503,74506,114009
1625422830000,39611,75162,114773
1625423130000,39700,75171,114871
1625423430000,39770,75504,115274
1625423730000,39779,75619,115398
1625424030000,39948,75965,115913
1625424330000,40024,76298,116322
1625424630000,40138,76547,116685
1625424929000,40284,76521,116805
1625425230000,40197,76554,116751
1625425530000,40179,76870,117049
1625425830000,40205,76972,117177
1625426130000,40165,77109,117274
1625426429000,40123,77449,117572
1625426730000,40107,77674,117781
1625427030000,40093,77791,117884
1625427330000,40071,77800,117871
1625427630000,40176,77997,118173
1625427930000,40128,78147,118275
1625428230000,40007,78138,118145
1625428530000,39950,77739,117689
1625428830000,39826,77441,117267
1625429130000,39769,77197,116966
1625429430000,39593,77120,116713
1625429730000,39629,77080,116709
1625430030000,39569,76836,116405
1625430330000,39478,76807,116285
1625430630000,39354,76583,115937
1625430930000,39223,76416,115639
1625431230000,39161,76213,115374
1625431529000,39037,76120,115157
1625431830000,38926,75873,114799
1625432130000,38829,75520,114349
1625432430000,38644,75102,113746
1625432730000,38395,74778,113173
1625433030000,38218,74436,112654
1625433330000,37942,73881,111823
1625433630000,37825,73629,111454
1625433930000,37662,73070,110732
1625434230000,37403,72662,110065
1625434530000,37221,72122,109343
1625434829000,36992,71758,108750
1625435130000,36716,71420,108136
1625435429000,36426,71163,107589
1625435730000,36150,70705,106855
1625436030000,35924,70214,106138
1625436330000,35795,69756,105551
1625436630000,35561,69210,104771
1625436930000,35194,68940,104134
1625437230000,35064,68583,103647
1625437530000,34857,68293,103150
1625437830000,34691,67948,102639
1625438129000,34528,67575,102103
1625438430000,34431,67220,101651
1625438730000,34313,66842,101155
1625439030000,34109,66518,100627
1625439330000,33948,66048,99996
1625439630000,33827,65676,99503
1625439930000,33546,65286,98832
1625440230000,33359,65175,98534
1625440530000,33171,64867,98038
1625440830000,33012,64676,97688
1625441130000,32965,64555,97520
1625441430000,32888,63869,96757
1625441730000,32924,63875,96799
1625442030000,32835,63704,96539
1625442330000,32904,63760,96664
1625442629000,32844,63771,96615
1625442930000,32773,63741,96514
1625443230000,32811,63446,96257
1625443530000,33131,63309,96440
1625443830000,33147,63029,96176
1625444130000,33068,63183,96251
1625444430000,33024,63216,96240
1625444730000,32864,63280,96144
1625445029000,32892,63339,96231
1625445330000,32857,63203,96060
1625445630000,32760,63282,96042
1625445930000,32660,63318,95978
1625446230000,32599,63228,95827
1625446530000,32546,63124,95670
1625446830000,32554,63069,95623
1625447131000,32368,62895,95263
1625447430000,32213,62801,95014
1625447730000,31992,62941,94933
1625448030000,31931,62830,94761
1625448329000,31946,62868,94814
1625448630000,31883,62962,94845
1625448930000,31889,63086,94975
1625449230000,31752,63266,95018
1625449530000,31657,63530,95187
1625449829000,31512,63524,95036
1625450130000,31468,63535,95003
1625450430000,31351,63479,94830
1625450730000,31335,63472,94807
1625451030000,31139,63216,94355
1625451330000,30906,63223,94129
1625451630000,30855,63398,94253
1625451930000,30793,63289,94082
1625452230000,30700,63354,94054
1625452529000,30624,63288,93912
1625452830000,30561,63252,93813
1625453129000,30633,63056,93689
1625453430000,30452,62941,93393
1625453730000,30266,62457,92723
1625454029000,30121,62186,92307
1625454330000,29919,61881,91800
1625454630000,29842,61598,91440
1625454930000,29694,61465,91159
1625455230000,29716,61170,90886
1625455530000,29659,61108,90767
1625455830000,29500,60961,90461
1625456130000,29383,60652,90035
1625456429000,29298,60519,89817
1625456729000,29021,60265,89286
1625457029000,29031,59951,88982
1625457330000,28987,59777,88764
1625457629000,28728,59015,87743
1625457930000,28618,58752,87370
1625458230000,28484,58236,86720
1625458530000,28290,57762,86052
1625458830000,28105,57359,85464
1625459130000,27932,56936,84868
1625459430000,27804,56434,84238
1625459730000,27558,56114,83672
1625460030000,27313,55530,82843
1625460330000,27101,55158,82259
1625460630000,26965,54688,81653
1625460930000,26789,54107,80896
1625461230000,26384,53721,80105
1625461530000,26177,53204,79381
1625461830000,25925,52593,78518
1625462130000,25706,52169,77875
1625462430000,25477,51856,77333
1625462729000,25341,51435,76776
1625463030000,25062,50791,75853
1625463330000,24869,50356,75225
1625463630000,24749,49987,74736
1625463930000,24863,49690,74553
1625464229000,24665,49619,74284
1625464530000,24486,49332,73818
1625464830000,24271,48655,72926
1625465130000,23998,47873,71871
1625465430000,23882,47162,71044
1625465730000,23784,46734,70518
1625466030000,23569,45863,69432
1625466329000,23459,45408,68867
1625466630000,22083,44898,66981
1625466929000,22964,44463,67427
1625467229000,21129,44080,65209
1625467530000,20882,43767,64649
1625467830000,20838,43510,64348
1625468130000,20656,43090,63746
1625468429000,20481,42671,63152
1625468730000,20315,42290,62605
1625469030000,20263,42487,62750
1625469330000,20122,43089,63211
1625469630000,20044,42855,62899
1625469930000,19858,41477,61335
1625470230000,19562,40802,60364
1625470530000,19600,40606,60206
1625470830000,19712,40844,60556
1625471129000,19665,41420,61085
1625471429000,19680,41363,61043
1625471730000,19779,41222,61001
1625472029000,19974,40992,60966
1625472330000,20160,40771,60931
1625472630000,20296,40341,60637
1625472930000,20357,40650,61007
1625473230000,20454,40559,61013
1625473530000,20447,40525,60972
1625473830000,20419,40288,60707
1625474130000,20444,40113,60557
1625474430000,20381,39964,60345
1625474730000,20297,40074,60371
1625475029000,20151,40004,60155
1625475330000,20179,39868,60047
1625475630000,20070,39861,59931
1625475930000,20036,39836,59872
1625476230000,20581,39871,60452
1625476530000,20856,39793,60649
1625476830000,21107,39852,60959
1625477130000,21211,39972,61183
1625477430000,21299,40060,61359
1625477730000,21373,40031,61404
1625478030000,21457,40203,61660
1625478330000,21521,40275,61796
1625478630000,21555,40439,61994
1625478930000,21611,40476,62087
1625479230000,21713,40474,62187
1625479530000,21531,40503,62034
1625479830000,21387,40254,61641
1625480130000,21249,40610,61859
1625480430000,20228,40874,61102
1625480730000,18155,41230,59385
1625481030000,7770,41465,49235
1625481329000,5494,41453,46947
1625481630000,10228,41573,51801
1625481930000,12717,41758,54475
1625482230000,14134,41970,56104
1625482530000,15598,41941,57539
1625482830000,16607,42157,58764
1625483130000,17369,42387,59756
1625483430000,18099,42429,60528
1625483730000,18929,42716,61645
1625484030000,19422,43018,62440
1625484330000,19911,43398,63309
1625484630000,20397,43735,64132
1625484930000,20939,44148,65087
1625485229000,21316,44377,65693
1625485529000,21649,44725,66374
1625485829000,22089,44956,67045
1625486130000,22276,45224,67500
1625486430000,22567,45741,68308
1625486730000,22787,45991,68778
1625487030000,23088,46420,69508
1625487330000,23255,46962,70217
1625487629000,23520,47237,70757
1625487930000,23798,47660,71458
1625488230000,24068,48162,72230
1625488530000,24476,48637,73113
1625488830000,24906,49123,74029
1625489130000,25137,49551,74688
1625489431000,25480,50145,75625
1625489730000,25675,50633,76308
1625490030000,25969,51404,77373
1625490330000,26208,52095,78303
1625490630000,26422,52610,79032
1625490930000,26785,52963,79748
1625491230000,27031,53710,80741
1625491530000,26977,54159,81136
1625491830000,27298,54724,82022
1625492130000,27592,55368,82960
1625492430000,27902,56133,84035
1625492730000,28148,56743,84891
1625493030000,28389,57161,85550
1625493330000,28603,57735,86338
1625493630000,28732,58215,86947
1625493930000,29024,58799,87823
1625494230000,29323,59431,88754
1625494530000,29533,60055,89588
1625494830000,29787,60611,90398
1625495130000,29993,61116,91109
1625495430000,30131,61542,91673
1625495730000,30443,62223,92666
1625496029000,30676,62586,93262
1625496329000,30995,63303,94298
1625496630000,31312,63920,95232
1625496930000,31570,64318,95888
1625497230000,31756,64813,96569
1625497530000,31962,65417,97379
1625497830000,32093,65889,97982
1625498130000,32297,66159,98456
1625498430000,32474,66687,99161
1625498730000,32811,67343,100154
1625499030000,32977,67843,100820
1625499329000,33143,68169,101312
1625499630000,33442,68482,101924
1625499930000,33652,68634,102286
1625500230000,33912,68969,102881
1625500530000,34133,69160,103293
1625500830000,34182,69394,103576
1625501129000,34355,69487,103842
1625501430000,34405,69563,103968
1625501730000,34578,69899,104477
1625502030000,34733,70114,104847
1625502330000,34934,70508,105442
1625502630000,35007,70739,105746
1625502930000,35208,71256,106464
1625503230000,35342,71502,106844
1625503530000,35532,71694,107226
1625503830000,35798,72092,107890
1625504130000,35878,72472,108350
1625504430000,36069,72750,108819
1625504729000,36132,72978,109110
1625505030000,36489,73261,109750
1625505330000,36559,73807,110366
1625505630000,36970,74288,111258
1625505930000,36983,74470,111453
1625506230000,37296,74905,112201
1625506530000,37744,75334,113078
1625506830000,38031,75788,113819
1625507130000,38122,76104,114226
1625507430000,39128,76375,115503
1625507729000,39310,76681,115991
1625508030000,39600,75403,115003
1625508330000,39977,75869,115846
1625508630000,40025,76603,116628
1625508930000,40014,75545,115559
1625509230000,40176,76552,116728
1625509530000,40335,77313,117648
1625509830000,40521,78014,118535
1625510130000,40683,78731,119414
1625510430000,40783,79113,119896
1625510730000,40894,79454,120348
1625511029000,40975,79932,120907
1625511330000,41232,80144,121376
1625511630000,41237,80392,121629
1625511930000,41368,80669,122037
1625512230000,41260,80933,122193
1625512529000,41256,81330,122586
1625512830000,41408,81787,123195
1625513130000,41561,82178,123739
1625513430000,41806,82391,124197
1625513730000,41666,82780,124446
1625514030000,41869,82649,124518
1625514329000,41845,82833,124678
1625514630000,41943,83089,125032
1625514929000,41791,83112,124903
1625515230000,41810,82980,124790
1625515529000,41783,82953,124736
1625515830000,41537,83053,124590
1625516129000,41614,83237,124851
1625516430000,41426,83095,124521
1625516730000,41449,82912,124361
1625517030000,41330,82847,124177
1625517330000,41367,82804,124171
1625517630000,41313,82556,123869
1625517930000,41253,82250,123503
1625518230000,41119,82101,123220
1625518530000,40962,82054,123016
1625518830000,40839,81698,122537
1625519130000,40699,81307,122006
1625519430000,40486,80915,121401
1625519730000,40372,80844,121216
1625520030000,40297,80475,120772
1625520330000,40023,80124,120147
1625520630000,39950,80003,119953
1625520930000,39836,79778,119614
1625521230000,39718,79263,118981
1625521529000,39585,78825,118410
1625521829000,39239,78221,117460
1625522130000,38912,77847,116759
1625522430000,38736,77496,116232
1625522730000,38449,77045,115494
1625523030000,38289,76590,114879
1625523330000,38134,76360,114494
1625523630000,38008,75920,113928
1625523930000,37692,75657,113349
1625524230000,37625,75360,112985
1625524530000,37491,75029,112520
1625524830000,37458,75006,112464
1625525130000,37278,74585,111863
1625525431000,37222,74528,111750
1625525730000,37136,74371,111507
1625526030000,36920,73972,110892
1625526330000,36775,73766,110541
1625526629000,36794,73781,110575
1625526930000,36668,73486,110154
1625527229000,36597,73304,109901
1625527530000,36595,72993,109588
1625527830000,36549,73110,109659
1625528130000,36456,72529,108985
1625528430000,36424,72360,108784
1625528730000,36371,72326,108697
1625529030000,36489,72360,108849
1625529330000,36677,72305,108982
1625529630000,36955,72114,109069
1625529930000,37414,72027,109441
1625530230000,37550,72075,109625
1625530530000,37671,72217,109888
1625530830000,37767,72280,110047
1625531130000,37687,72511,110198
1625531430000,37645,72541,110186
1625531730000,37598,72637,110235
1625532030000,37501,72851,110352
1625532330000,37460,72888,110348
1625532630000,37407,72883,110290
1625532930000,37381,72896,110277
1625533230000,37399,73157,110556
1625533530000,37386,73126,110512
1625533830000,37271,73433,110704
1625534130000,37202,74736,111938
1625534430000,37123,75068,112191
1625534730000,36921,75091,112012
1625535030000,36791,75108,111899
1625535330000,36596,75036,111632
1625535630000,36539,75034,111573
1625535930000,36470,75145,111615
1625536230000,36363,75074,111437
1625536530000,36146,75054,111200
1625536830000,35924,74992,110916
1625537130000,35664,74770,110434
1625537430000,35401,74683,110084
1625537730000,35293,74551,109844
1625538030000,35138,74089,109227
1625538330000,34999,73998,108997
1625538630000,34711,74096,108807
1625538930000,34474,73420,107894
1625539230000,34133,72953,107086
1625539530000,33892,72607,106499
1625539830000,33757,72551,106308
1625540130000,33725,70626,104351
1625540430000,33449,71414,104863
1625540730000,33118,70732,103850
1625541030000,32654,70062,102716
1625541330000,32340,69531,101871
1625541630000,32002,68909,100911
1625541930000,31772,67004,98776
1625542230000,31532,66443,97975
1625542530000,31384,65796,97180
1625542830000,31237,65263,96500
1625543130000,31011,64815,95826
1625543430000,30667,64436,95103
1625543730000,30376,63716,94092
1625544029000,29983,62689,92672
1625544332000,29627,62022,91649
1625544629000,29356,61229,90585
1625544930000,29082,60647,89729
1625545230000,28829,60034,88863
1625545530000,28643,59557,88200
1625545830000,28370,59022,87392
1625546130000,28113,58289,86402
1625546430000,27752,57726,85478
